

TREE # 1

  0  0.0000 174035.114204  x:  1.93008   0.38762   0.31616   0.40622   0.36157   0.10063   0.76570   0.18691   0.50595   0.41567   0.82710   1.65034   1.15308   0.44253   0.60335   0.59829   0.79141   0.14567   0.39396   0.13702   0.12211   0.45131   0.53418   0.46895   0.61484   0.44119   0.34474   0.13164   0.00343   0.00448   0.13101   0.52479   0.22332   1.26404   0.13132   1.18031   0.13010   0.34248   0.14101   0.16779   0.44159   0.05445   0.06636   0.35148   0.30752   0.22266   0.24627   0.18051   0.11955   0.50518   0.53216   1.01344   0.12459   0.66048   0.09885   0.53839   0.08353   1.24556   0.25896   0.11185   0.36294   0.37832   0.17904   0.29025   0.07521   0.39852   0.54566   2.00000   1.41512   0.01567   0.22278  
  1 99.0000 157940.495721  x:  1.92883   0.38609   0.31492   0.40525   0.36080   0.09932   0.76435   0.18574   0.50465   0.41475   0.82582   1.64913   1.15169   0.44112   0.60202   0.59708   0.79018   0.14413   0.39261   0.13606   0.12101   0.45031   0.53314   0.46795   0.61386   0.43986   0.34377   0.13178   0.00522   0.00536   0.13106   0.52391   0.22168   1.26288   0.12972   1.17922   0.12869   0.34136   0.14010   0.16735   0.44127   0.05463   0.06680   0.35146   0.30759   0.22268   0.24648   0.18093   0.11936   0.50481   0.53143   1.01254   0.12346   0.65979   0.09809   0.53780   0.08280   1.24459   0.25814   0.11188   0.36246   0.37794   0.17880   0.29049   0.07555   0.39868   0.54569   2.00370   1.41112   0.01997   0.03259  
  2 86478.0499 157725.145887  x:  1.93020   0.38759   0.31795   0.40995   0.36676   0.10227   0.76578   0.18925   0.50582   0.41958   0.82823   1.65082   1.15292   0.44261   0.60392   0.60006   0.79291   0.14555   0.39437   0.14058   0.12438   0.45484   0.53736   0.47197   0.61825   0.44186   0.34775   0.14303   0.00724   0.00841   0.14236   0.52911   0.22330   1.26531   0.13118   1.17839   0.13092   0.34372   0.14420   0.17351   0.44900   0.06568   0.07883   0.36161   0.31832   0.23335   0.25817   0.19410   0.12849   0.51260   0.53606   1.01664   0.12612   0.66488   0.10339   0.54359   0.08858   1.24790   0.26202   0.12126   0.36959   0.38570   0.18765   0.30194   0.08826   0.40961   0.55574   2.00274   1.46698  -0.03190   0.02500  
  3 4262.0376 157696.318810  x:  1.92749   0.38401   0.31552   0.40870   0.36642   0.09950   0.76256   0.18705   0.50250   0.41853   0.82567   1.64832   1.14974   0.43936   0.60104   0.59780   0.79055   0.14192   0.39130   0.13928   0.12226   0.45354   0.53582   0.47047   0.61700   0.43895   0.34634   0.14505   0.00375   0.00169   0.14423   0.52838   0.21952   1.26311   0.12733   1.17504   0.12775   0.34133   0.14273   0.17356   0.45019   0.06775   0.08175   0.36415   0.32120   0.23576   0.26139   0.19795   0.13022   0.51387   0.53539   1.01560   0.12369   0.66464   0.10252   0.54370   0.08798   1.24642   0.26071   0.12346   0.37023   0.38678   0.18899   0.30544   0.09161   0.41300   0.55870   2.01202   1.47403  -0.03680   0.02501  
  4 2021.7758 157411.527178  x:  1.88241   0.32456   0.27471   0.38689   0.35920   0.05333   0.70905   0.14997   0.44734   0.39982   0.78263   1.60658   1.09698   0.38534   0.55294   0.55973   0.75075   0.08182   0.34027   0.11681   0.08649   0.43085   0.50930   0.44473   0.59524   0.39039   0.32204   0.17470   0.00935   0.00599   0.17137   0.51492   0.15680   1.22622   0.06357   1.11995   0.07504   0.30122   0.11744   0.17252   0.46743   0.09828   0.12581   0.40290   0.36530   0.27215   0.31076   0.25709   0.15595   0.53259   0.52304   0.99729   0.08307   0.65929   0.08679   0.54382   0.07647   1.22108   0.23806   0.15683   0.37873   0.40241   0.20845   0.35960   0.14252   0.46561   0.60461   2.16514   1.57506  -0.10351   0.02813  
  5 14093.7381 157389.342315  x:  1.87668   0.31864   0.27321   0.38546   0.35953   0.05640   0.70322   0.15020   0.44166   0.39939   0.77839   1.60147   1.09045   0.38091   0.54834   0.55612   0.74654   0.08020   0.33607   0.11752   0.08679   0.42985   0.50739   0.44350   0.59395   0.38618   0.32018   0.16930   0.00000   0.01112   0.16595   0.51439   0.15323   1.22254   0.06423   1.11311   0.07634   0.29862   0.11649   0.17020   0.46770   0.09333   0.12000   0.40326   0.36542   0.26982   0.30882   0.25388   0.15664   0.53411   0.52138   0.99558   0.08507   0.65956   0.08847   0.54440   0.07683   1.21826   0.23584   0.15602   0.37842   0.40290   0.20697   0.36004   0.13894   0.46765   0.60729   2.17796   1.58880  -0.11185   0.02806  
  6 1325.0514 157251.933013  x:  1.82304   0.26465   0.26173   0.37295   0.36334   0.09060   0.64938   0.15577   0.38967   0.39664   0.73975   1.55383   1.02951   0.34159   0.50652   0.52332   0.70788   0.07009   0.29871   0.12648   0.09296   0.42174   0.49051   0.43345   0.58285   0.34846   0.30369   0.11479   0.00712   0.00647   0.11122   0.51018   0.12345   1.18875   0.07666   1.04915   0.09395   0.27617   0.10940   0.14717   0.46881   0.04184   0.05861   0.40318   0.36247   0.24349   0.28494   0.21667   0.16108   0.54749   0.50559   0.98002   0.10810   0.66248   0.10600   0.55001   0.08126   1.19207   0.21556   0.14485   0.37434   0.40627   0.19028   0.35940   0.09859   0.48299   0.62967   2.29250   1.71734  -0.18917   0.02770  
  7 7089.7619 157197.873618  x:  1.78299   0.23705   0.25809   0.36373   0.36191   0.10326   0.61457   0.16375   0.36304   0.39652   0.71794   1.51887   0.98573   0.32791   0.48456   0.50541   0.68382   0.09487   0.28611   0.13282   0.09875   0.41734   0.47955   0.42831   0.57534   0.33402   0.29733   0.15137   0.00710   0.00622   0.15102   0.50764   0.12777   1.16513   0.09356   1.00267   0.10818   0.26762   0.11623   0.14036   0.46478   0.05364   0.04710   0.38908   0.34676   0.22806   0.25609   0.18299   0.15210   0.54543   0.48875   0.96841   0.11087   0.65930   0.10110   0.54577   0.07925   1.17191   0.20398   0.12514   0.36286   0.39705   0.17131   0.33809   0.05512   0.47050   0.62465   2.34231   1.78659  -0.21928   0.02781  
  8 1227.5100 157162.605580  x:  1.73322   0.22489   0.25918   0.35479   0.35634   0.10016   0.58162   0.17331   0.35094   0.39921   0.70298   1.47656   0.93424   0.32729   0.46952   0.49434   0.66298   0.12853   0.28937   0.13612   0.10162   0.41414   0.46962   0.42428   0.56700   0.33408   0.29507   0.12823   0.00726   0.00609   0.12933   0.50497   0.15449   1.13766   0.10499   0.94686   0.11582   0.26665   0.12902   0.14425   0.45164   0.08413   0.09328   0.36537   0.32306   0.22960   0.24290   0.18318   0.13476   0.53075   0.46682   0.95397   0.09931   0.65015   0.08432   0.53337   0.07974   1.14748   0.20410   0.11293   0.34845   0.37975   0.16687   0.31024   0.05257   0.44103   0.60111   2.35661   1.85201  -0.23382   0.02789  
  9 763.3566 157131.167342  x:  1.66766   0.22880   0.26336   0.34729   0.34780   0.08686   0.55133   0.17913   0.35112   0.40125   0.69428   1.42227   0.87019   0.33089   0.45824   0.48969   0.64493   0.14413   0.30070   0.13321   0.09864   0.41065   0.46052   0.41919   0.55595   0.34262   0.29559   0.13312   0.00688   0.00619   0.13353   0.50078   0.18252   1.10295   0.10304   0.87806   0.11651   0.27023   0.13148   0.14135   0.42505   0.05657   0.07934   0.33330   0.29056   0.21825   0.24821   0.19919   0.11992   0.50744   0.44596   0.93380   0.09122   0.63640   0.08110   0.51592   0.08443   1.11658   0.21453   0.12178   0.33838   0.36226   0.18242   0.29251   0.09717   0.40606   0.56573   2.33795   1.92344  -0.23643   0.02793  
 10 754.2985 157101.746706  x:  1.57094   0.25573   0.26896   0.34561   0.33796   0.07702   0.53575   0.17220   0.36318   0.39369   0.69466   1.34585   0.78568   0.33216   0.45216   0.49558   0.63382   0.11086   0.31232   0.12138   0.09025   0.40576   0.45488   0.41192   0.54091   0.35308   0.29408   0.13145   0.00687   0.00592   0.12987   0.49011   0.18814   1.05572   0.08049   0.79452   0.11330   0.27710   0.12012   0.15983   0.41013   0.06585   0.06538   0.34340   0.31103   0.22445   0.24900   0.18368   0.14656   0.48572   0.44214   0.90518   0.10537   0.61554   0.10508   0.49356   0.07378   1.07408   0.21637   0.12684   0.33502   0.35285   0.18225   0.28464   0.08202   0.37420   0.52233   2.25920   2.00549  -0.21488   0.02799  
 11 513.6781 157084.624913  x:  1.49066   0.26840   0.26699   0.34800   0.33547   0.08913   0.54196   0.16699   0.36432   0.38236   0.69329   1.28746   0.72906   0.33300   0.45368   0.50154   0.63084   0.09225   0.31163   0.12507   0.09909   0.40351   0.45554   0.41046   0.53595   0.35180   0.29058   0.13242   0.00683   0.00595   0.13269   0.48113   0.17762   1.02470   0.09377   0.75125   0.12483   0.27465   0.11047   0.13857   0.40989   0.05853   0.07432   0.35437   0.31789   0.22585   0.24268   0.18213   0.13473   0.47802   0.44606   0.88534   0.09433   0.59854   0.08297   0.48488   0.07618   1.04583   0.21029   0.11301   0.33572   0.35616   0.17010   0.30353   0.08243   0.39932   0.52719   2.17951   2.06023  -0.18135   0.02807  
 12 453.3672 157076.517664  x:  1.43629   0.26268   0.25611   0.34771   0.33584   0.08290   0.55059   0.16350   0.35929   0.37776   0.68733   1.25277   0.70412   0.33293   0.45633   0.50183   0.62994   0.10450   0.30419   0.12541   0.09378   0.39995   0.45471   0.40776   0.53588   0.34434   0.28886   0.13103   0.00684   0.00596   0.13069   0.47795   0.16558   1.00884   0.09833   0.74432   0.13103   0.27201   0.12353   0.14186   0.42048   0.07139   0.06566   0.34621   0.30559   0.22063   0.24660   0.19389   0.13278   0.48488   0.45152   0.87855   0.09632   0.59592   0.09154   0.49156   0.08766   1.03361   0.20981   0.11904   0.33857   0.36357   0.17198   0.30656   0.07530   0.41635   0.54403   2.13177   2.09117  -0.14853   0.02819  
 13 340.6666 157071.807211  x:  1.39276   0.25101   0.25167   0.34743   0.33933   0.08134   0.55811   0.16694   0.35771   0.38311   0.68169   1.23098   0.69958   0.33327   0.45707   0.49906   0.63066   0.11595   0.29679   0.12474   0.09062   0.39919   0.45558   0.40733   0.53979   0.33696   0.29057   0.13287   0.00681   0.00596   0.13198   0.48155   0.16165   1.00208   0.09159   0.75845   0.12640   0.26846   0.12561   0.14849   0.42378   0.05375   0.07955   0.34506   0.30685   0.22086   0.24612   0.18633   0.13509   0.49570   0.45444   0.87894   0.09723   0.60109   0.09434   0.50029   0.07747   1.03131   0.20741   0.12368   0.33882   0.36526   0.17691   0.29888   0.07556   0.41393   0.55627   2.10622   2.12076  -0.11825   0.02823  
 14 215.8440 157066.284277  x:  1.33043   0.23694   0.25550   0.34636   0.34372   0.08849   0.56362   0.16971   0.35799   0.39264   0.67759   1.20668   0.70889   0.33312   0.45468   0.49335   0.63281   0.11243   0.29012   0.12423   0.09520   0.40127   0.45813   0.40957   0.54722   0.32952   0.29222   0.13114   0.00683   0.00591   0.13153   0.48963   0.16586   0.99959   0.08688   0.79490   0.11620   0.26383   0.11614   0.14786   0.42670   0.06513   0.06596   0.34647   0.31266   0.22470   0.25035   0.18745   0.13100   0.50534   0.45137   0.88430   0.09424   0.61185   0.08539   0.51007   0.06951   1.03623   0.20832   0.11688   0.33480   0.35999   0.17848   0.29190   0.08415   0.39876   0.56237   2.08799   2.17206  -0.06814   0.02827  
 15 225.9492 157061.044983  x:  1.26815   0.23331   0.25890   0.34376   0.34267   0.08428   0.56056   0.16215   0.35649   0.39278   0.67994   1.18811   0.72814   0.33167   0.45162   0.48920   0.63510   0.10023   0.29185   0.12166   0.09280   0.40207   0.45746   0.41065   0.55168   0.32961   0.28947   0.13284   0.00686   0.00591   0.13335   0.49397   0.17234   1.00273   0.09531   0.83780   0.11442   0.26665   0.11619   0.14051   0.42123   0.06253   0.07271   0.35122   0.31675   0.22604   0.24609   0.19080   0.12860   0.50370   0.44611   0.89188   0.09979   0.62073   0.09034   0.51335   0.08862   1.04589   0.21558   0.11724   0.33540   0.35827   0.17828   0.29710   0.08074   0.39046   0.55666   2.08638   2.23377  -0.00512   0.02834  
 16 273.4303 157054.654627  x:  1.20249   0.24535   0.26242   0.34446   0.33905   0.08092   0.55393   0.15952   0.35770   0.38542   0.69148   1.17558   0.75781   0.33066   0.45256   0.49066   0.63884   0.10208   0.30443   0.12173   0.08992   0.40289   0.45584   0.41229   0.55327   0.33999   0.28492   0.13212   0.00680   0.00591   0.13078   0.49382   0.17417   1.01117   0.09818   0.88336   0.11035   0.27248   0.12619   0.14698   0.41717   0.06154   0.06956   0.34923   0.30904   0.21970   0.24257   0.18894   0.13985   0.49508   0.44595   0.90144   0.09152   0.62118   0.08269   0.50197   0.07632   1.05799   0.20844   0.12292   0.34259   0.36314   0.17229   0.31077   0.07630   0.40302   0.54637   2.09729   2.32360   0.08172   0.02832  
 17 321.6442 157049.761180  x:  1.17157   0.25936   0.26124   0.34894   0.33766   0.08852   0.55233   0.17211   0.36252   0.38106   0.70204   1.17743   0.77907   0.32996   0.45734   0.49657   0.64105   0.11256   0.31061   0.12372   0.09594   0.40350   0.45597   0.41276   0.54879   0.34716   0.28538   0.13192   0.00687   0.00592   0.13314   0.48874   0.16543   1.01938   0.08827   0.90158   0.10666   0.26826   0.11491   0.14432   0.42110   0.06246   0.07375   0.34636   0.30613   0.22351   0.25177   0.19057   0.13219   0.48657   0.44980   0.90241   0.09819   0.61487   0.09886   0.49377   0.07556   1.06452   0.20662   0.11859   0.34049   0.36387   0.16872   0.30501   0.07675   0.41852   0.54245   2.11172   2.40196   0.16512   0.02838  
 18 266.6113 157041.423612  x:  1.16369   0.27118   0.24923   0.35663   0.34102   0.08039   0.55672   0.17881   0.37058   0.38398   0.71395   1.20103   0.80641   0.33420   0.46867   0.50965   0.64487   0.11473   0.30594   0.12516   0.09654   0.40500   0.45937   0.41191   0.53770   0.34852   0.29729   0.13144   0.00685   0.00591   0.13222   0.48123   0.15584   1.03671   0.09030   0.90292   0.10920   0.26173   0.11212   0.15016   0.43335   0.06419   0.06852   0.34869   0.31675   0.22642   0.24329   0.17768   0.13015   0.48879   0.46436   0.89865   0.09709   0.59786   0.08291   0.49081   0.09178   1.07067   0.21715   0.12432   0.33559   0.36541   0.18576   0.28647   0.08195   0.42228   0.54786   2.12907   2.55110   0.32485   0.02837  
 19 284.9489 157028.234086  x:  1.18642   0.27154   0.24541   0.35925   0.34597   0.08313   0.56814   0.17015   0.37182   0.39137   0.72292   1.24950   0.83760   0.34362   0.48240   0.52301   0.64890   0.10406   0.29406   0.13028   0.09307   0.40763   0.46558   0.41310   0.52950   0.34300   0.31272   0.13493   0.00686   0.00600   0.13371   0.47550   0.15670   1.06315   0.10475   0.89100   0.11734   0.26669   0.12992   0.15079   0.43817   0.05442   0.06945   0.35307   0.32349   0.22922   0.25299   0.20772   0.13229   0.50130   0.47748   0.89363   0.10089   0.58659   0.08261   0.49823   0.07558   1.07409   0.21412   0.11269   0.33121   0.36383   0.18576   0.28111   0.07377   0.40495   0.56060   2.14280   2.79661   0.59406   0.02838  
 20 644.4520 157012.736226  x:  1.23997   0.25788   0.25813   0.35358   0.34801   0.09449   0.58233   0.15768   0.36505   0.39772   0.72406   1.30891   0.85932   0.35220   0.49090   0.52694   0.65107   0.09940   0.29091   0.13592   0.09387   0.41052   0.47154   0.41807   0.53542   0.33888   0.31719   0.13489   0.00703   0.00598   0.13514   0.47720   0.16470   1.08719   0.09829   0.87593   0.10989   0.27505   0.13513   0.14391   0.43390   0.06912   0.07629   0.35365   0.31533   0.22180   0.24217   0.19031   0.13001   0.51349   0.47409   0.89067   0.09639   0.59661   0.10681   0.51715   0.06794   1.07611   0.21277   0.11919   0.34321   0.36809   0.18195   0.31512   0.09239   0.39388   0.57592   2.14312   3.08746   0.91779   0.02843  
 21 1012.9155 157001.005067  x:  1.30177   0.24197   0.27031   0.34891   0.34782   0.08686   0.59005   0.16184   0.36211   0.39911   0.71789   1.34839   0.85775   0.35155   0.48800   0.51780   0.65186   0.10924   0.30411   0.13131   0.09541   0.41180   0.47235   0.42279   0.55381   0.34358   0.30512   0.13361   0.00695   0.00594   0.13478   0.48858   0.16859   1.09540   0.07915   0.87996   0.09993   0.27799   0.11808   0.14488   0.42577   0.06301   0.07355   0.35658   0.31042   0.22640   0.25918   0.19092   0.13490   0.51642   0.45917   0.89538   0.08960   0.62066   0.08883   0.52810   0.08526   1.07874   0.21495   0.12719   0.35593   0.37254   0.16841   0.32404   0.06993   0.40145   0.57636   2.12899   3.30100   1.14589   0.02831  
 22 769.5309 156992.875837  x:  1.36212   0.23370   0.27223   0.34957   0.34690   0.07711   0.58796   0.17120   0.36421   0.39512   0.70905   1.36682   0.83716   0.34140   0.47578   0.50176   0.65186   0.10820   0.31397   0.11829   0.09166   0.41003   0.46713   0.42234   0.56995   0.34702   0.28774   0.13568   0.00697   0.00601   0.13517   0.50168   0.16506   1.09100   0.09037   0.90712   0.11342   0.27713   0.11277   0.15479   0.42644   0.06478   0.07227   0.35887   0.31777   0.23201   0.25651   0.19173   0.14046   0.51132   0.44746   0.90666   0.10798   0.64504   0.08349   0.52548   0.07857   1.07958   0.21161   0.12294   0.35264   0.36924   0.16850   0.31603   0.08395   0.42478   0.56911   2.11495   3.44580   1.30327   0.02835  
 23 525.1508 156987.005717  x:  1.41641   0.24137   0.26859   0.35534   0.34776   0.08728   0.58106   0.17007   0.36980   0.39064   0.70453   1.36826   0.80699   0.33132   0.46390   0.49176   0.65478   0.10290   0.31448   0.11887   0.09631   0.41064   0.46441   0.42201   0.57879   0.34742   0.28201   0.13608   0.00698   0.00597   0.13562   0.51229   0.15956   1.07701   0.09275   0.94659   0.10676   0.26961   0.12292   0.14999   0.43284   0.06370   0.07266   0.35876   0.32314   0.22965   0.24973   0.19761   0.13662   0.50588   0.45168   0.92035   0.08667   0.65566   0.09382   0.51650   0.07545   1.08182   0.21460   0.12767   0.34620   0.37033   0.18239   0.30497   0.07908   0.43055   0.55947   2.10540   3.54232   1.40177   0.02834  
 24 341.4528 156982.031736  x:  1.46919   0.25713   0.25848   0.35717   0.34630   0.08528   0.57321   0.15848   0.37330   0.38871   0.70244   1.35456   0.77061   0.33117   0.46077   0.49420   0.66151   0.10906   0.30645   0.12532   0.09285   0.41167   0.46483   0.42045   0.57530   0.34557   0.29034   0.13422   0.00697   0.00593   0.13599   0.51424   0.16434   1.05581   0.08787   0.99726   0.09605   0.26677   0.12216   0.14276   0.43865   0.06389   0.07462   0.35616   0.31704   0.22562   0.25651   0.19121   0.13595   0.50634   0.46809   0.93174   0.10017   0.64874   0.08741   0.50748   0.07811   1.08567   0.21183   0.12014   0.34387   0.37296   0.17759   0.31449   0.08083   0.42034   0.55918   2.10426   3.61545   1.47013   0.02830  
 25 215.6049 156978.831990  x:  1.50055   0.26220   0.26241   0.35339   0.34423   0.08821   0.57566   0.17075   0.37086   0.39153   0.69979   1.33484   0.74920   0.33781   0.46629   0.50259   0.66511   0.10952   0.30190   0.12257   0.09304   0.41111   0.46718   0.41979   0.56413   0.34372   0.29370   0.13636   0.00697   0.00598   0.13463   0.50331   0.17158   1.04150   0.09457   1.03068   0.10360   0.26830   0.11076   0.15195   0.43325   0.06376   0.07365   0.35765   0.31616   0.23110   0.25503   0.19402   0.13774   0.50733   0.46835   0.93302   0.09419   0.63384   0.09091   0.51002   0.07953   1.08825   0.21160   0.12826   0.35256   0.37444   0.17116   0.32008   0.08051   0.41423   0.56576   2.11101   3.64731   1.50420   0.02835  
 26 138.3973 156975.540739  x:  1.52544   0.25856   0.27118   0.35403   0.34851   0.07817   0.58395   0.17203   0.36664   0.39507   0.69822   1.30783   0.74175   0.34605   0.47746   0.51330   0.66552   0.10536   0.31141   0.12739   0.10107   0.41200   0.47204   0.42429   0.55691   0.34882   0.29527   0.13373   0.00696   0.00595   0.13674   0.49044   0.17013   1.03306   0.08675   1.05034   0.09789   0.27897   0.12331   0.15221   0.42528   0.06371   0.07069   0.36154   0.32243   0.22979   0.25118   0.19420   0.13308   0.50677   0.45617   0.92899   0.09614   0.62222   0.09219   0.51995   0.07771   1.09145   0.21487   0.12373   0.35373   0.36859   0.17090   0.31446   0.08033   0.42250   0.57243   2.11810   3.66512   1.51991   0.02835  
 27 85.7730 156968.673091  x:  1.56138   0.24951   0.28341   0.35776   0.35294   0.09332   0.59914   0.15754   0.36596   0.39723   0.70197   1.25328   0.75435   0.35630   0.49534   0.52320   0.66001   0.10072   0.33248   0.12563   0.08006   0.41029   0.47230   0.42518   0.55437   0.36094   0.30243   0.13788   0.00701   0.00594   0.13345   0.48423   0.16378   1.03396   0.09603   1.06100   0.09358   0.28000   0.11725   0.14258   0.42974   0.06694   0.07469   0.35695   0.31668   0.22541   0.26129   0.18866   0.13986   0.51109   0.44425   0.91310   0.09995   0.61952   0.08830   0.53171   0.07203   1.09690   0.21982   0.12462   0.34875   0.36800   0.18845   0.30674   0.07521   0.43153   0.56855   2.12534   3.67815   1.52882   0.02835  
 28 86.1507 156947.639727  x:  1.64714   0.23419   0.26880   0.35661   0.34376   0.08366   0.62387   0.14196   0.37928   0.39620   0.72161   1.10756   0.82409   0.36675   0.52130   0.52682   0.64195   0.09768   0.35465   0.12851   0.11954   0.41954   0.47736   0.43171   0.56809   0.37292   0.31496   0.13361   0.00694   0.00596   0.13942   0.49556   0.15542   1.05699   0.10454   1.05639   0.10322   0.26326   0.10798   0.15257   0.45429   0.06015   0.07820   0.35053   0.30527   0.23031   0.25537   0.19378   0.16517   0.52377   0.45410   0.87651   0.09071   0.64120   0.09614   0.53541   0.07849   1.11000   0.21331   0.11447   0.33894   0.38054   0.18387   0.31440   0.08200   0.42565   0.54575   2.12860   3.68903   1.53260   0.02835  
 29 170.8582 156912.502472  x:  1.76000   0.24313   0.25452   0.36287   0.34182   0.09488   0.63829   0.18703   0.39530   0.39394   0.75892   0.92360   0.94286   0.36737   0.53299   0.52183   0.63202   0.10431   0.34149   0.11262   0.09506   0.42213   0.47160   0.42425   0.58440   0.36590   0.31270   0.13562   0.00688   0.00595   0.13748   0.51657   0.16487   1.09923   0.08366   1.03214   0.10842   0.26709   0.14554   0.14237   0.45925   0.06219   0.07084   0.36668   0.32824   0.23191   0.24485   0.20260   0.12468   0.51874   0.47679   0.85705   0.10471   0.67516   0.08414   0.51780   0.08137   1.12736   0.20392   0.13616   0.35501   0.39553   0.16436   0.32855   0.08453   0.41038   0.53910   2.10925   3.69308   1.51864   0.02824  
 30 367.2931 156857.595541  x:  1.86880   0.28756   0.26751   0.37668   0.36708   0.07159   0.59774   0.17236   0.37355   0.38303   0.79675   0.79428   1.09421   0.35200   0.50666   0.52108   0.66707   0.10762   0.28376   0.14500   0.07659   0.42409   0.47476   0.43174   0.59396   0.33882   0.27695   0.13886   0.00668   0.00587   0.13217   0.52299   0.20080   1.14853   0.09914   0.99989   0.11019   0.28970   0.11877   0.17449   0.41648   0.06385   0.06829   0.36306   0.33064   0.22730   0.28277   0.17610   0.11629   0.50052   0.49599   0.89921   0.07786   0.67784   0.10465   0.49959   0.07775   1.14318   0.23256   0.11210   0.36162   0.35641   0.17246   0.31128   0.08095   0.43383   0.59549   2.03849   3.67983   1.46472   0.02790  
 31 282.5159 156779.352092  x:  1.95035   0.32301   0.29976   0.35880   0.36157   0.11089   0.54326   0.15332   0.35813   0.40500   0.79652   0.77699   1.24084   0.32418   0.45785   0.52675   0.73169   0.11566   0.26330   0.14098   0.13167   0.42393   0.48995   0.44586   0.57570   0.34235   0.27486   0.12920   0.00674   0.00578   0.15111   0.51924   0.19476   1.17005   0.08056   0.97894   0.10088   0.31383   0.09093   0.16107   0.40188   0.07154   0.08026   0.34990   0.30269   0.23959   0.23377   0.21924   0.15680   0.49309   0.48337   0.98914   0.13984   0.62615   0.07615   0.50591   0.06591   1.14655   0.24139   0.15333   0.36863   0.36062   0.22186   0.29832   0.06548   0.44229   0.63610   1.93733   3.62918   1.37023   0.02776  
 32 338.4007 156593.310759  x:  2.04123   0.34979   0.30571   0.33533   0.33576   0.09079   0.52149   0.19030   0.39503   0.47624   0.73020   0.93909   1.45292   0.32039   0.40779   0.55189   0.85854   0.15736   0.35206   0.08389   0.09799   0.41388   0.50068   0.44752   0.54047   0.41541   0.34952   0.15198   0.00605   0.00565   0.12185   0.52404   0.16636   1.16154   0.09368   0.97900   0.11057   0.30336   0.11686   0.11137   0.46277   0.06013   0.06680   0.38183   0.33060   0.23668   0.24404   0.20548   0.19408   0.51632   0.44153   1.17125   0.08610   0.51962   0.11485   0.56884   0.09654   1.14068   0.21447   0.08773   0.34598   0.39625   0.18708   0.32167   0.09067   0.42684   0.63445   1.75558   3.50866   1.10956   0.02690  
 33 544.1128 156411.584304  x:  2.05603   0.38007   0.28431   0.42274   0.38479   0.08394   0.63164   0.20509   0.42131   0.45246   0.65885   1.21505   1.52543   0.39554   0.46784   0.58104   0.93435   0.10702   0.43119   0.22468   0.11113   0.44592   0.51446   0.46333   0.59399   0.45009   0.36736   0.11149   0.00584   0.00565   0.17194   0.51658   0.18243   1.11458   0.14824   0.99955   0.15024   0.28775   0.12138   0.17163   0.49980   0.06213   0.07177   0.38335   0.36207   0.22852   0.32696   0.17787   0.09691   0.54881   0.46144   1.26916   0.11729   0.56756   0.10622   0.58767   0.07214   1.12797   0.22259   0.17854   0.38797   0.43504   0.17921   0.34683   0.08698   0.40655   0.55819   1.68695   3.33862   0.84696   0.02665  
 34 661.7112 156281.369521  x:  2.02925   0.45371   0.30824   0.46424   0.40883   0.13925   0.76535   0.19150   0.44547   0.40847   0.68131   1.44444   1.46706   0.48603   0.59485   0.60890   0.95226   0.11432   0.43392   0.20666   0.09737   0.48682   0.54285   0.47148   0.65102   0.44577   0.35362   0.17836   0.00560   0.00562   0.11713   0.54616   0.23392   1.09905   0.10933   1.01994   0.12756   0.33269   0.13171   0.21217   0.47340   0.05255   0.06414   0.37678   0.35055   0.26811   0.25441   0.21792   0.12948   0.57919   0.56333   1.25780   0.12333   0.72162   0.09454   0.57761   0.10413   1.14995   0.28592   0.12988   0.39488   0.39972   0.17176   0.34066   0.10051   0.45026   0.56395   1.70454   3.21443   0.66107   0.02641  
 35 695.4697 156225.429405  x:  2.00912   0.50740   0.32130   0.43823   0.38687   0.09989   0.81787   0.17494   0.47086   0.42683   0.74965   1.54723   1.38943   0.51783   0.66663   0.61955   0.94559   0.13344   0.40834   0.11281   0.10684   0.50246   0.56443   0.48957   0.68372   0.44294   0.34748   0.12023   0.00547   0.00553   0.16564   0.59369   0.25717   1.14627   0.12037   1.04124   0.14338   0.36194   0.11687   0.16598   0.45918   0.06311   0.05924   0.39206   0.34855   0.25267   0.25980   0.21209   0.12525   0.56395   0.58417   1.20715   0.10935   0.79056   0.10473   0.57283   0.07314   1.19211   0.29171   0.12566   0.40403   0.40423   0.20911   0.32660   0.07883   0.45971   0.61054   1.71897   3.17098   0.57747   0.02606  
 36 515.7794 156203.732438  x:  1.99647   0.53402   0.33968   0.41592   0.37822   0.09289   0.81984   0.18531   0.46860   0.45431   0.82313   1.59180   1.31403   0.50534   0.68974   0.61916   0.93286   0.12219   0.38482   0.11997   0.13047   0.49982   0.56919   0.51583   0.71742   0.44454   0.33404   0.15774   0.00541   0.00558   0.13251   0.62713   0.24175   1.22213   0.12538   1.05813   0.14532   0.36536   0.13384   0.16559   0.47240   0.06709   0.06840   0.38798   0.35099   0.23586   0.28891   0.19953   0.13072   0.54153   0.55378   1.15259   0.11788   0.78976   0.09920   0.58101   0.07842   1.24346   0.27069   0.13707   0.40024   0.41891   0.21753   0.32008   0.08074   0.44358   0.63655   1.71819   3.14433   0.55007   0.02610  
 37 290.6117 156191.902029  x:  1.98956   0.53838   0.34958   0.42421   0.39437   0.09951   0.80768   0.18998   0.45571   0.46507   0.88182   1.61704   1.25402   0.48920   0.69558   0.61918   0.92601   0.12531   0.37804   0.14084   0.10438   0.49266   0.56379   0.52488   0.73892   0.45312   0.32784   0.13706   0.00543   0.00553   0.15503   0.64424   0.23161   1.29740   0.12129   1.07074   0.13599   0.35703   0.13756   0.18361   0.48416   0.05994   0.06556   0.38402   0.35121   0.25224   0.27135   0.20847   0.13790   0.54232   0.53042   1.11225   0.11604   0.77061   0.09939   0.59382   0.08887   1.28952   0.26291   0.13049   0.39466   0.41956   0.20600   0.32599   0.08799   0.43442   0.64000   1.70820   3.12965   0.53444   0.02606  
 38 273.9501 156187.383921  x:  1.98690   0.51491   0.33874   0.43918   0.40340   0.09099   0.79435   0.18536   0.44768   0.45781   0.90992   1.62590   1.21962   0.48127   0.68965   0.62114   0.92828   0.13313   0.38488   0.13618   0.10815   0.49726   0.56363   0.51778   0.74012   0.45930   0.33051   0.14596   0.00536   0.00554   0.14426   0.64169   0.23999   1.35202   0.11811   1.07779   0.13603   0.35146   0.12925   0.17664   0.47835   0.06165   0.06230   0.38911   0.35310   0.25523   0.26331   0.21332   0.12650   0.56246   0.53648   1.09887   0.11832   0.75389   0.10355   0.60017   0.07450   1.31555   0.27407   0.13663   0.40189   0.41378   0.20311   0.33016   0.08435   0.43906   0.62531   1.69876   3.12571   0.52647   0.02599  
 39 135.4696 156185.462739  x:  1.98497   0.49119   0.33410   0.44057   0.39846   0.10278   0.78877   0.19049   0.45042   0.45287   0.92326   1.62783   1.19927   0.47822   0.68226   0.62285   0.93269   0.12828   0.38902   0.13052   0.11370   0.50094   0.56445   0.51074   0.73521   0.45928   0.33179   0.14222   0.00541   0.00554   0.14962   0.63356   0.24780   1.38392   0.11437   1.08012   0.13651   0.35401   0.13704   0.17980   0.47282   0.06272   0.06506   0.38922   0.35320   0.24897   0.27445   0.20883   0.13117   0.57147   0.54741   1.09928   0.11893   0.74783   0.10202   0.59912   0.07784   1.32694   0.28109   0.13553   0.40412   0.41004   0.20237   0.32921   0.08710   0.44579   0.61864   1.69622   3.12183   0.52533   0.02604  
 40 111.9895 156184.396261  x:  1.98394   0.46621   0.33238   0.43580   0.39025   0.10197   0.78976   0.19107   0.46304   0.45183   0.93368   1.62679   1.18424   0.48107   0.67684   0.62768   0.94158   0.12367   0.39455   0.13953   0.10931   0.50203   0.56608   0.50944   0.72933   0.45817   0.33503   0.14300   0.00540   0.00553   0.14876   0.62449   0.25383   1.40772   0.11223   1.07962   0.13434   0.35991   0.13331   0.18060   0.47621   0.06203   0.06384   0.38681   0.35177   0.25347   0.27137   0.20893   0.12828   0.56225   0.55376   1.11050   0.11843   0.75251   0.10374   0.59176   0.07762   1.32960   0.27738   0.13383   0.40316   0.41518   0.20581   0.32765   0.08483   0.44869   0.62290   1.69691   3.12150   0.52335   0.02601  
 41 55.4821 156183.935051  x:  1.98343   0.45580   0.33597   0.44060   0.39767   0.10242   0.79268   0.18896   0.46342   0.44798   0.94234   1.62468   1.17670   0.48427   0.67588   0.63067   0.94839   0.12883   0.39494   0.13731   0.11123   0.50039   0.56681   0.51177   0.72415   0.45780   0.33780   0.14311   0.00540   0.00555   0.14856   0.62166   0.25070   1.41745   0.11298   1.07793   0.13462   0.35899   0.13178   0.18097   0.47820   0.06194   0.06408   0.38963   0.35513   0.24915   0.27173   0.21055   0.13071   0.55439   0.55311   1.12234   0.11815   0.75783   0.10372   0.58720   0.07993   1.32590   0.27467   0.13550   0.40120   0.41547   0.20495   0.32918   0.08627   0.44491   0.62389   1.69995   3.12038   0.52400   0.02602  
 42 31.5212 156183.467968  x:  1.98368   0.45312   0.33743   0.44082   0.39894   0.10017   0.79692   0.19097   0.45974   0.44892   0.95592   1.62241   1.17134   0.48755   0.67660   0.63194   0.95586   0.12595   0.39312   0.13614   0.11158   0.49952   0.56661   0.51470   0.72128   0.45892   0.33971   0.14314   0.00539   0.00554   0.14867   0.62389   0.24345   1.42287   0.11333   1.07598   0.13652   0.35454   0.13513   0.17762   0.47699   0.06198   0.06409   0.38686   0.35023   0.25710   0.27339   0.20746   0.13132   0.55669   0.55185   1.13771   0.11791   0.76199   0.10302   0.58795   0.07887   1.31800   0.27761   0.13612   0.40279   0.41353   0.20330   0.32948   0.08632   0.44381   0.62066   1.70440   3.12037   0.52426   0.02601  
 43 20.6015 156182.743167  x:  1.98465   0.45339   0.33566   0.43599   0.39205   0.09991   0.80011   0.19218   0.45611   0.45434   0.97472   1.62048   1.16696   0.49254   0.67909   0.63019   0.96286   0.12597   0.39298   0.14035   0.10911   0.50091   0.56518   0.51556   0.72192   0.46201   0.33844   0.14297   0.00539   0.00553   0.14900   0.62802   0.23993   1.42550   0.11289   1.07370   0.13627   0.35086   0.13124   0.18038   0.47561   0.06270   0.06560   0.38713   0.35372   0.24709   0.27061   0.21134   0.12935   0.56557   0.54992   1.15428   0.11846   0.76334   0.10240   0.59283   0.07850   1.30646   0.28086   0.13424   0.40417   0.41326   0.20276   0.32923   0.08638   0.44583   0.61634   1.71096   3.12069   0.52486   0.02598  
 44 29.2266 156180.351761  x:  1.98891   0.44874   0.32743   0.44037   0.39191   0.10817   0.79376   0.18412   0.45432   0.45998   1.00901   1.62249   1.16672   0.49974   0.68591   0.61462   0.96394   0.13409   0.39900   0.13905   0.11463   0.50870   0.56213   0.50617   0.72993   0.46687   0.32710   0.14364   0.00535   0.00560   0.14866   0.63120   0.25573   1.41850   0.11624   1.07336   0.13361   0.36345   0.13305   0.18327   0.48250   0.05961   0.06073   0.39542   0.35957   0.26009   0.27534   0.20769   0.12614   0.57451   0.54558   1.16962   0.11856   0.75225   0.10418   0.60300   0.08282   1.28466   0.27165   0.13638   0.39809   0.42132   0.20809   0.32967   0.08749   0.44914   0.61936   1.72592   3.11990   0.52948   0.02597  
 45 22.4917 156172.725048  x:  2.00817   0.41882   0.31961   0.46442   0.41779   0.09948   0.77561   0.20792   0.46333   0.45809   1.06552   1.64439   1.18533   0.49510   0.69999   0.58805   0.95188   0.10656   0.41017   0.13436   0.11309   0.51441   0.56412   0.49783   0.74586   0.46941   0.33564   0.14408   0.00527   0.00552   0.14920   0.63703   0.27303   1.39064   0.10758   1.08659   0.13749   0.37687   0.12491   0.17437   0.49403   0.06260   0.06966   0.38180   0.34410   0.24404   0.27028   0.21031   0.13671   0.56968   0.55089   1.16856   0.11766   0.72863   0.10661   0.60955   0.08372   1.26160   0.26921   0.13370   0.40077   0.42434   0.20422   0.32791   0.08278   0.44890   0.63810   1.74620   3.13432   0.52717   0.02575  
 46 47.1023 156144.439140  x:  2.08455   0.31041   0.33192   0.43155   0.39082   0.10704   0.72366   0.21321   0.45939   0.41727   1.18186   1.73737   1.26566   0.45727   0.74199   0.57593   0.90275   0.13634   0.41865   0.15601   0.10650   0.49542   0.57634   0.52307   0.75458   0.45949   0.37848   0.13986   0.00473   0.00552   0.14854   0.61896   0.25533   1.30776   0.12356   1.14343   0.13536   0.34389   0.14164   0.17687   0.47013   0.06237   0.06266   0.39063   0.36325   0.25564   0.27471   0.20710   0.13707   0.53143   0.57140   1.10957   0.12328   0.69744   0.10681   0.58396   0.07354   1.26073   0.30552   0.13236   0.42007   0.39808   0.20411   0.34055   0.08155   0.43979   0.64362   1.78424   3.19757   0.50885   0.02492  
 47 106.9727 156117.164925  x:  2.15827   0.28334   0.33515   0.43055   0.39194   0.10602   0.71611   0.18817   0.44689   0.44631   1.21067   1.81621   1.33230   0.44377   0.73934   0.63360   0.88435   0.12579   0.38543   0.13191   0.10547   0.48981   0.56702   0.51675   0.69688   0.44142   0.34148   0.13892   0.00422   0.00527   0.14531   0.56008   0.23644   1.28778   0.12872   1.18910   0.11610   0.33833   0.14245   0.19729   0.46159   0.06014   0.06931   0.38491   0.33361   0.24373   0.26801   0.20038   0.10317   0.55124   0.55847   1.05922   0.11659   0.72517   0.10422   0.56297   0.08326   1.31686   0.26585   0.13651   0.39880   0.41934   0.17584   0.31786   0.08784   0.44329   0.59635   1.80995   3.27520   0.47560   0.02383  
 48 156.3975 156098.847459  x:  2.20015   0.32222   0.31504   0.43552   0.39117   0.09787   0.73791   0.21952   0.41945   0.44868   1.15126   1.84693   1.35224   0.46260   0.70038   0.66862   0.87222   0.14275   0.37535   0.16956   0.11091   0.49486   0.53873   0.49341   0.65025   0.44396   0.33586   0.13609   0.00386   0.00533   0.14542   0.55874   0.24816   1.32675   0.11815   1.20646   0.13436   0.35494   0.14186   0.16169   0.46483   0.06296   0.06943   0.37330   0.35031   0.24444   0.27127   0.19989   0.13798   0.56434   0.53220   1.03956   0.11083   0.75421   0.10287   0.56205   0.08351   1.37166   0.24994   0.13025   0.38098   0.40428   0.20875   0.34286   0.07953   0.44388   0.58197   1.85141   3.31019   0.47330   0.02331  
 49 153.4753 156083.454976  x:  2.22940   0.39377   0.31136   0.43647   0.39087   0.10873   0.75318   0.20311   0.41818   0.43980   1.03696   1.85117   1.34710   0.48790   0.65357   0.67282   0.86123   0.13847   0.39704   0.16835   0.11744   0.50401   0.53497   0.48697   0.63622   0.46740   0.37258   0.13711   0.00369   0.00531   0.14555   0.60327   0.25516   1.40462   0.12231   1.20305   0.12875   0.35219   0.14718   0.17997   0.47767   0.05975   0.06983   0.38945   0.34176   0.24563   0.27195   0.19856   0.13059   0.55250   0.52155   1.04982   0.11584   0.75564   0.10333   0.58022   0.07825   1.41841   0.27248   0.13020   0.41297   0.41284   0.18740   0.32278   0.08417   0.44880   0.61455   1.91146   3.33381   0.47873   0.02292  
 50 166.6531 156078.091907  x:  2.23812   0.42245   0.32876   0.43717   0.39895   0.10499   0.74888   0.20609   0.43722   0.45319   0.96862   1.84510   1.33844   0.49250   0.66039   0.65971   0.86000   0.14263   0.40876   0.15852   0.11231   0.50497   0.55865   0.51274   0.66599   0.47018   0.35528   0.13787   0.00361   0.00533   0.14550   0.59542   0.24166   1.45062   0.12573   1.19809   0.12920   0.34664   0.14882   0.18364   0.46909   0.06068   0.07100   0.38092   0.34563   0.24740   0.27206   0.19936   0.12435   0.55858   0.54861   1.06745   0.11907   0.73682   0.10327   0.58671   0.07894   1.42807   0.27454   0.12952   0.40058   0.41120   0.19276   0.33991   0.07932   0.44396   0.61662   1.94041   3.34117   0.48196   0.02282  
 51 114.6960 156077.148226  x:  2.24033   0.42717   0.33040   0.43467   0.39617   0.10400   0.74364   0.20686   0.42872   0.44815   0.94984   1.84413   1.33713   0.49218   0.67966   0.65520   0.86343   0.14232   0.40559   0.16082   0.10896   0.50485   0.56211   0.51739   0.67927   0.46692   0.35594   0.13721   0.00359   0.00533   0.14600   0.58926   0.24110   1.46506   0.12340   1.19896   0.13125   0.35175   0.14710   0.17544   0.47177   0.06183   0.07097   0.38677   0.34375   0.24685   0.27151   0.19944   0.12964   0.56013   0.55098   1.07387   0.11692   0.73236   0.10445   0.58316   0.08081   1.42630   0.26929   0.13110   0.40374   0.41397   0.18987   0.32934   0.08431   0.44289   0.61013   1.94222   3.34365   0.48135   0.02279  
 52 53.3419 156076.761932  x:  2.24192   0.42901   0.32754   0.43435   0.39459   0.10531   0.73873   0.20761   0.42519   0.44746   0.93907   1.84438   1.33710   0.48999   0.69839   0.65161   0.86688   0.13972   0.40105   0.15679   0.11064   0.50442   0.55906   0.51424   0.68257   0.46479   0.36239   0.13730   0.00358   0.00531   0.14560   0.58737   0.24203   1.47477   0.12197   1.20078   0.12937   0.35237   0.14655   0.17964   0.47382   0.06057   0.07094   0.38392   0.34391   0.24681   0.27130   0.19887   0.12677   0.55769   0.54415   1.07716   0.11700   0.73186   0.10423   0.57969   0.08100   1.42227   0.26932   0.12834   0.40285   0.41268   0.19305   0.33330   0.08191   0.44447   0.60717   1.94077   3.34595   0.47981   0.02275  
 53 33.5442 156076.639545  x:  2.24255   0.43000   0.32578   0.43471   0.39512   0.10575   0.73623   0.20676   0.42916   0.45021   0.93537   1.84471   1.33713   0.48701   0.70669   0.64895   0.86779   0.13994   0.40105   0.15889   0.11141   0.50398   0.55529   0.51134   0.67910   0.46526   0.36141   0.13720   0.00357   0.00531   0.14559   0.58689   0.24208   1.47914   0.12276   1.20236   0.12842   0.34992   0.14705   0.17791   0.47049   0.06122   0.07082   0.38383   0.34433   0.24680   0.27116   0.19888   0.12888   0.55727   0.54249   1.07669   0.11711   0.73356   0.10427   0.57927   0.08063   1.41796   0.27091   0.13036   0.40196   0.41224   0.18989   0.33282   0.08216   0.44461   0.60913   1.94012   3.34675   0.47929   0.02275  
 54 15.2161 156076.515488  x:  2.24349   0.43151   0.32785   0.43340   0.39536   0.10535   0.73508   0.20699   0.42834   0.44735   0.93321   1.84562   1.33780   0.48228   0.71097   0.64566   0.86812   0.13949   0.40363   0.16009   0.11142   0.50411   0.55493   0.51122   0.67067   0.46706   0.35752   0.13719   0.00357   0.00531   0.14563   0.58797   0.24212   1.48384   0.12111   1.20548   0.12998   0.34895   0.14738   0.17879   0.47133   0.06101   0.07095   0.38517   0.34277   0.24635   0.27111   0.19865   0.12723   0.55762   0.54467   1.07388   0.11685   0.73544   0.10348   0.58143   0.08078   1.41047   0.27011   0.12848   0.40286   0.41265   0.19198   0.33274   0.08216   0.44178   0.61031   1.93912   3.34805   0.47844   0.02275  
 55  8.3618 156076.241758  x:  2.24552   0.43271   0.32949   0.43268   0.39478   0.10431   0.73718   0.20740   0.42538   0.44718   0.93108   1.84743   1.33951   0.47869   0.70902   0.64338   0.86821   0.13993   0.40343   0.16002   0.11086   0.50397   0.55995   0.51477   0.66377   0.46547   0.35957   0.13677   0.00356   0.00530   0.14564   0.59138   0.24439   1.49041   0.12412   1.21032   0.12468   0.35237   0.14686   0.17807   0.47242   0.06075   0.07080   0.37919   0.34679   0.24673   0.27101   0.19837   0.12719   0.55772   0.54648   1.06719   0.11684   0.73543   0.10376   0.58179   0.08174   1.39611   0.26826   0.13127   0.40178   0.41170   0.18895   0.33180   0.08228   0.44449   0.60732   1.93866   3.35048   0.47748   0.02275  
 56  7.9379 156075.290182  x:  2.25180   0.43398   0.32688   0.43544   0.39429   0.10498   0.74490   0.20656   0.42653   0.45550   0.92743   1.85263   1.34496   0.47740   0.69578   0.64536   0.86807   0.14270   0.39919   0.16159   0.10875   0.50149   0.56541   0.51861   0.66676   0.45821   0.36414   0.13691   0.00353   0.00526   0.14480   0.59015   0.24567   1.50402   0.12069   1.22320   0.12700   0.35406   0.14787   0.17969   0.46921   0.06104   0.07045   0.39059   0.33744   0.24542   0.27043   0.19808   0.12822   0.55438   0.54079   1.05205   0.11681   0.73191   0.10393   0.57705   0.08235   1.36245   0.27227   0.13016   0.39849   0.41087   0.19065   0.33332   0.08121   0.44807   0.60057   1.93996   3.35852   0.47533   0.02278  
 57 17.6808 156072.812993  x:  2.26807   0.43818   0.32454   0.43385   0.39041   0.10704   0.75185   0.19871   0.42471   0.44699   0.92556   1.86474   1.35757   0.48800   0.67624   0.66035   0.86717   0.14451   0.40061   0.15381   0.11116   0.49933   0.55338   0.50836   0.68940   0.45845   0.35699   0.13632   0.00346   0.00514   0.14397   0.57162   0.24033   1.52232   0.11521   1.24156   0.13218   0.34625   0.15037   0.17657   0.46527   0.06066   0.07043   0.37224   0.34523   0.24491   0.26735   0.19649   0.12859   0.55244   0.53234   1.03840   0.11650   0.72703   0.10279   0.57318   0.08308   1.32185   0.27474   0.12292   0.40704   0.41625   0.18954   0.32795   0.08212   0.43598   0.60830   1.94031   3.38201   0.46855   0.02279  
 58 30.1106 156066.937920  x:  2.30318   0.43753   0.32999   0.41826   0.38688   0.10072   0.74153   0.21439   0.41918   0.42994   0.92382   1.88648   1.37777   0.51159   0.67045   0.67819   0.85628   0.13977   0.40185   0.14942   0.11720   0.50089   0.52973   0.49436   0.70384   0.47240   0.35744   0.13381   0.00330   0.00491   0.14338   0.56341   0.23046   1.53154   0.13367   1.24960   0.10692   0.34196   0.14972   0.17654   0.46919   0.05919   0.07007   0.38484   0.32938   0.24012   0.26236   0.19454   0.12518   0.55575   0.53868   1.04592   0.12032   0.72750   0.10299   0.58147   0.08490   1.30725   0.26035   0.13441   0.38557   0.39093   0.18735   0.32697   0.07814   0.42833   0.61767   1.94030   3.42836   0.46393   0.02286  
 59 37.5668 156050.074612  x:  2.39756   0.41565   0.33703   0.41120   0.40011   0.10701   0.69043   0.20247   0.41560   0.45556   0.91709   1.93834   1.42468   0.53955   0.69620   0.68048   0.82579   0.14592   0.38656   0.15814   0.11538   0.50357   0.53017   0.50444   0.67017   0.48900   0.37218   0.13172   0.00293   0.00433   0.14124   0.58833   0.21734   1.51454   0.12107   1.24508   0.14391   0.35966   0.14805   0.17470   0.46498   0.05882   0.06944   0.37083   0.33521   0.23818   0.26038   0.18922   0.11898   0.55345   0.53722   1.10158   0.11452   0.73335   0.10225   0.59902   0.08699   1.35137   0.25334   0.12767   0.38169   0.41190   0.18530   0.32113   0.07686   0.43864   0.59240   1.95431   3.54498   0.47267   0.02333  
 60 77.9745 156045.183097  x:  2.42442   0.41515   0.32006   0.42698   0.38654   0.10774   0.71259   0.20917   0.40944   0.45860   0.91882   1.95138   1.43730   0.52174   0.70785   0.65996   0.84388   0.14975   0.39801   0.15581   0.11458   0.50061   0.55573   0.51253   0.65534   0.47772   0.35027   0.13087   0.00280   0.00417   0.14053   0.58115   0.23192   1.50329   0.13526   1.23299   0.12561   0.34583   0.15151   0.16894   0.47621   0.05610   0.06981   0.37126   0.32989   0.23496   0.25727   0.18838   0.12785   0.55316   0.51385   1.11855   0.12092   0.72595   0.10447   0.58612   0.08392   1.38232   0.26341   0.11723   0.39554   0.41489   0.18810   0.32086   0.07605   0.42833   0.59384   1.96191   3.58114   0.47297   0.02344  
 61 92.2285 156043.848101  x:  2.43157   0.41862   0.31990   0.42549   0.38181   0.10844   0.73560   0.20136   0.40739   0.45450   0.92179   1.95417   1.44084   0.50137   0.70963   0.64477   0.86818   0.14991   0.40892   0.15533   0.11413   0.49654   0.55617   0.50896   0.65661   0.47115   0.35651   0.13046   0.00277   0.00410   0.13988   0.58113   0.23760   1.49745   0.12901   1.22874   0.13601   0.34418   0.15142   0.17029   0.47047   0.05637   0.06983   0.36813   0.32853   0.23400   0.25573   0.18724   0.12443   0.55623   0.51052   1.12019   0.12003   0.71916   0.10469   0.58245   0.08616   1.39687   0.25541   0.12410   0.38338   0.40620   0.18457   0.31858   0.07596   0.42604   0.59780   1.96686   3.59382   0.47045   0.02343  
 62 56.2498 156043.606176  x:  2.43256   0.41916   0.32441   0.42195   0.38639   0.10660   0.74079   0.20233   0.40864   0.45585   0.92211   1.95390   1.44084   0.49486   0.70860   0.63925   0.88037   0.15201   0.40846   0.15611   0.11598   0.49598   0.54908   0.50590   0.65863   0.46973   0.35976   0.13030   0.00276   0.00410   0.13992   0.57922   0.23743   1.49498   0.13221   1.22652   0.13325   0.34675   0.15133   0.17037   0.46918   0.05661   0.06983   0.36846   0.32824   0.23415   0.25576   0.18737   0.12452   0.55544   0.51377   1.11688   0.12041   0.71821   0.10473   0.58463   0.08609   1.39989   0.25562   0.12114   0.38675   0.40994   0.18663   0.31828   0.07622   0.42650   0.59382   1.96965   3.59519   0.47082   0.02345  
 63 24.3772 156043.559622  x:  2.43267   0.41880   0.32450   0.42187   0.38588   0.10675   0.73881   0.20228   0.40860   0.45640   0.92180   1.95372   1.44087   0.49543   0.70803   0.63795   0.88750   0.15223   0.40706   0.15582   0.11558   0.49841   0.54861   0.50721   0.65920   0.47200   0.35920   0.13027   0.00276   0.00410   0.13999   0.57772   0.23740   1.49374   0.13182   1.22596   0.13418   0.34727   0.15172   0.17016   0.47225   0.05621   0.06992   0.36843   0.32841   0.23402   0.25589   0.18736   0.12458   0.55419   0.51402   1.11360   0.12019   0.71971   0.10442   0.58628   0.08520   1.40035   0.25784   0.12202   0.38611   0.40894   0.18536   0.31872   0.07621   0.42658   0.59369   1.97058   3.59519   0.47090   0.02345  
 64  7.7716 156043.528783  x:  2.43278   0.41827   0.32339   0.42311   0.38547   0.10707   0.73644   0.20286   0.40850   0.45602   0.92143   1.95371   1.44092   0.49744   0.70768   0.63711   0.89269   0.15189   0.40673   0.15574   0.11526   0.49892   0.54959   0.50854   0.65941   0.47411   0.35990   0.13035   0.00276   0.00410   0.13993   0.57833   0.23703   1.49294   0.13212   1.22558   0.13388   0.34615   0.15204   0.17032   0.46998   0.05656   0.06982   0.36860   0.32846   0.23416   0.25584   0.18741   0.12464   0.55481   0.51372   1.11086   0.12028   0.72089   0.10455   0.58625   0.08582   1.40045   0.25568   0.12162   0.38654   0.40946   0.18632   0.31842   0.07615   0.42664   0.59444   1.97103   3.59500   0.47083   0.02345  
 65  5.6714 156043.401950  x:  2.43357   0.41734   0.32489   0.42086   0.38687   0.10688   0.73297   0.20322   0.40905   0.45516   0.92133   1.95463   1.44139   0.50513   0.70756   0.63417   0.89836   0.15148   0.40894   0.15638   0.11640   0.49103   0.55165   0.50551   0.65836   0.47176   0.35762   0.13029   0.00277   0.00411   0.13995   0.58216   0.23491   1.49227   0.13206   1.22514   0.13412   0.34788   0.15208   0.17022   0.47147   0.05635   0.06979   0.36862   0.32842   0.23402   0.25584   0.18730   0.12400   0.55857   0.51272   1.10727   0.12028   0.72011   0.10490   0.58126   0.08547   1.40079   0.25798   0.12170   0.38537   0.41025   0.18578   0.31845   0.07604   0.42625   0.59495   1.97089   3.59502   0.46804   0.02344  
 66  2.1812 156042.366871  x:  2.44032   0.41433   0.32382   0.41941   0.38511   0.10711   0.73137   0.19925   0.40895   0.45806   0.92334   1.96272   1.44405   0.52438   0.70635   0.62023   0.90254   0.15223   0.41399   0.15657   0.11541   0.49817   0.55374   0.49412   0.65376   0.45323   0.35077   0.13022   0.00289   0.00411   0.13943   0.58860   0.22422   1.49045   0.13161   1.22096   0.13479   0.34451   0.15205   0.16929   0.46959   0.05661   0.06994   0.36664   0.32692   0.23334   0.25441   0.18744   0.12535   0.54439   0.51474   1.10259   0.12029   0.71142   0.10423   0.58700   0.08643   1.40112   0.25170   0.12148   0.39158   0.39891   0.18638   0.31678   0.07619   0.42528   0.58752   1.96548   3.59596   0.44261   0.02329  
 67  5.5532 156038.822432  x:  2.46054   0.40949   0.32216   0.42166   0.37692   0.10466   0.73059   0.20287   0.39739   0.44780   0.93024   1.98641   1.44763   0.53009   0.69851   0.60003   0.89475   0.15120   0.41693   0.15245   0.11311   0.50658   0.53792   0.50822   0.64933   0.44550   0.35306   0.13006   0.00335   0.00417   0.13840   0.58429   0.22600   1.48003   0.13333   1.20045   0.13220   0.34358   0.15049   0.16844   0.45561   0.05806   0.06875   0.36537   0.32447   0.23216   0.25337   0.18673   0.12859   0.53523   0.51286   1.10021   0.12171   0.70335   0.10260   0.58987   0.08088   1.39393   0.26570   0.11932   0.36495   0.42178   0.18471   0.31362   0.07639   0.41952   0.58685   1.95280   3.59083   0.36315   0.02287  
 68 27.9219 156033.985797  x:  2.48533   0.40314   0.32553   0.41879   0.37889   0.10462   0.72156   0.19627   0.41012   0.45412   0.93796   2.01450   1.44768   0.49902   0.68749   0.60047   0.88149   0.15380   0.41216   0.14942   0.11392   0.49430   0.52966   0.52459   0.65586   0.46853   0.36116   0.13115   0.00400   0.00430   0.13693   0.57301   0.24194   1.46056   0.13623   1.16776   0.13589   0.34756   0.15023   0.16545   0.46653   0.05666   0.06803   0.36414   0.32456   0.23131   0.25280   0.18710   0.12877   0.55263   0.50380   1.10082   0.12182   0.70638   0.10294   0.57525   0.08603   1.37520   0.25775   0.11770   0.38156   0.39691   0.19061   0.30851   0.07539   0.41691   0.58898   1.94572   3.57694   0.26064   0.02237  
 69 81.9055 156033.136180  x:  2.48913   0.40080   0.32587   0.41491   0.38192   0.10390   0.71739   0.19816   0.40699   0.45484   0.93805   2.01819   1.44675   0.48182   0.68854   0.61836   0.88458   0.15489   0.41181   0.15131   0.11339   0.49391   0.54954   0.50449   0.66382   0.47582   0.35950   0.13109   0.00412   0.00432   0.13707   0.57915   0.24448   1.45550   0.13847   1.16065   0.13625   0.34651   0.15064   0.16510   0.46457   0.05715   0.06800   0.36424   0.32460   0.23128   0.25303   0.18730   0.12994   0.54828   0.50394   1.10157   0.12176   0.70976   0.10217   0.57919   0.08507   1.36992   0.25989   0.11751   0.37775   0.40001   0.19072   0.30842   0.07576   0.41509   0.58830   1.94706   3.57344   0.24371   0.02229  
 70 40.4496 156033.102910  x:  2.48916   0.40005   0.32570   0.41693   0.38034   0.10404   0.71652   0.19823   0.40696   0.45499   0.93756   2.01818   1.44665   0.48048   0.68938   0.62266   0.88607   0.15475   0.41298   0.15087   0.11382   0.49138   0.54748   0.50589   0.66454   0.47361   0.35798   0.13108   0.00412   0.00432   0.13710   0.58214   0.24599   1.45503   0.13832   1.16015   0.13624   0.34634   0.15069   0.16502   0.46489   0.05712   0.06800   0.36420   0.32463   0.23125   0.25298   0.18737   0.13005   0.54718   0.50508   1.10153   0.12182   0.70908   0.10209   0.58126   0.08496   1.36940   0.25976   0.11752   0.37782   0.39987   0.19080   0.30839   0.07576   0.41529   0.58795   1.94761   3.57319   0.24307   0.02228  
 71  7.2785 156033.090312  x:  2.48904   0.39979   0.32572   0.41596   0.38128   0.10410   0.71590   0.19838   0.40746   0.45452   0.93726   2.01811   1.44644   0.47983   0.68963   0.62452   0.88664   0.15479   0.41412   0.15069   0.11348   0.49408   0.54665   0.50682   0.66455   0.47185   0.35750   0.13109   0.00412   0.00433   0.13713   0.58365   0.24592   1.45477   0.13836   1.15988   0.13625   0.34635   0.15074   0.16502   0.46500   0.05712   0.06802   0.36421   0.32464   0.23128   0.25299   0.18741   0.13004   0.54817   0.50430   1.10133   0.12189   0.70850   0.10225   0.57991   0.08508   1.36909   0.25989   0.11754   0.37785   0.39994   0.19085   0.30845   0.07577   0.41524   0.58817   1.94782   3.57282   0.24280   0.02229  
 72  1.8130 156031.330310  x:  2.46916   0.40755   0.31862   0.41808   0.37581   0.10506   0.69654   0.19797   0.38590   0.46816   0.91468   2.01703   1.41789   0.47006   0.67752   0.62158   0.87148   0.15188   0.43429   0.14785   0.11328   0.49079   0.53956   0.50022   0.66147   0.45973   0.36263   0.13055   0.00385   0.00459   0.13616   0.56839   0.23576   1.44766   0.14029   1.13575   0.13531   0.35370   0.14661   0.16667   0.45883   0.05730   0.06734   0.36216   0.32284   0.23114   0.25252   0.18630   0.12701   0.54223   0.50991   1.08289   0.11921   0.71726   0.10060   0.56661   0.08455   1.35824   0.26104   0.11660   0.37748   0.39334   0.18953   0.30719   0.07656   0.40652   0.59021   1.94711   3.54540   0.16049   0.02248  
 73  0.5235 156027.292628  x:  2.42461   0.41568   0.32190   0.40292   0.37401   0.10167   0.67372   0.19266   0.39791   0.43473   0.85999   2.01526   1.35740   0.46356   0.65272   0.61210   0.84049   0.14593   0.41212   0.14390   0.10992   0.47571   0.53455   0.48870   0.64825   0.44509   0.35551   0.12857   0.00319   0.00517   0.13285   0.55133   0.25085   1.43270   0.13326   1.08192   0.13414   0.33100   0.14647   0.16268   0.44856   0.05526   0.06544   0.35454   0.31720   0.22734   0.24819   0.18324   0.12736   0.53114   0.49196   1.04630   0.11841   0.70495   0.09738   0.56690   0.08134   1.33469   0.25528   0.11587   0.36791   0.38594   0.18694   0.30048   0.07523   0.40779   0.56907   1.94862   3.48973  -0.03080   0.02284  
 74 85.1930 156026.761489  x:  2.41883   0.40738   0.31858   0.40442   0.37037   0.10261   0.68083   0.19067   0.39736   0.43176   0.84855   2.01548   1.35025   0.46169   0.65123   0.61086   0.83659   0.14564   0.40051   0.14307   0.10943   0.47647   0.52914   0.48653   0.64624   0.45825   0.34582   0.12836   0.00309   0.00525   0.13224   0.56050   0.24427   1.43045   0.13349   1.07566   0.13290   0.33840   0.14398   0.16306   0.44392   0.05573   0.06534   0.35291   0.31539   0.22682   0.24729   0.18260   0.12635   0.52688   0.49255   1.04142   0.11747   0.69322   0.09800   0.55821   0.08146   1.33179   0.25651   0.11503   0.36747   0.38301   0.18588   0.30002   0.07565   0.40359   0.56658   1.94880   3.48394  -0.05817   0.02289  
 75 39.6970 156026.749854  x:  2.41865   0.40680   0.31952   0.40401   0.37072   0.10236   0.68131   0.19051   0.39585   0.43309   0.84814   2.01549   1.35014   0.46220   0.65130   0.61080   0.83650   0.14527   0.40034   0.14303   0.10944   0.47671   0.52858   0.48628   0.64621   0.45918   0.34539   0.12835   0.00309   0.00525   0.13224   0.56096   0.24571   1.43037   0.13310   1.07553   0.13299   0.33648   0.14435   0.16291   0.44421   0.05566   0.06525   0.35295   0.31555   0.22681   0.24725   0.18265   0.12646   0.52633   0.49342   1.04125   0.11772   0.69254   0.09822   0.55682   0.08157   1.33167   0.25633   0.11509   0.36736   0.38315   0.18599   0.29994   0.07553   0.40421   0.56668   1.94868   3.48369  -0.05865   0.02289  
 76  4.9214 156025.653423  x:  2.38174   0.40090   0.29779   0.38694   0.38327   0.10632   0.68264   0.18979   0.39064   0.43267   0.86092   1.99067   1.31639   0.46237   0.64856   0.60657   0.83682   0.14074   0.39914   0.14167   0.10804   0.46798   0.52553   0.49216   0.64157   0.45864   0.33779   0.12782   0.00323   0.00488   0.13273   0.55917   0.24456   1.41313   0.12963   1.06805   0.13183   0.33521   0.14139   0.16258   0.44156   0.05599   0.06545   0.35266   0.31537   0.22610   0.24676   0.18209   0.12606   0.51866   0.49253   1.04451   0.11567   0.68880   0.09753   0.55898   0.08055   1.31423   0.25354   0.11597   0.36660   0.38247   0.18420   0.30067   0.07531   0.40446   0.56327   1.94180   3.47402  -0.10558   0.02296  
 77  0.1445 156023.551193  x:  2.30986   0.38831   0.31060   0.39961   0.36701   0.09923   0.67827   0.18872   0.39028   0.43044   0.88461   1.94134   1.25011   0.45956   0.64161   0.59509   0.83498   0.13788   0.38684   0.14446   0.10641   0.47012   0.51867   0.48059   0.63192   0.44877   0.33397   0.12670   0.00347   0.00420   0.13364   0.55935   0.23394   1.37869   0.12546   1.05278   0.13115   0.33106   0.13839   0.16082   0.44300   0.05543   0.06656   0.35323   0.31522   0.22498   0.24640   0.18168   0.12449   0.52235   0.48538   1.04939   0.11217   0.68202   0.09675   0.55259   0.08112   1.27894   0.24825   0.11693   0.36497   0.38633   0.18115   0.30353   0.07486   0.40435   0.56184   1.93147   3.45248  -0.19265   0.02314  
 78 73.0608 156022.222274  x:  2.25460   0.38965   0.30644   0.39687   0.36313   0.09955   0.66987   0.18994   0.38583   0.42840   0.85176   1.86202   1.23555   0.45054   0.63793   0.59246   0.82811   0.13857   0.38733   0.14489   0.10817   0.46675   0.51791   0.47613   0.62722   0.43995   0.33839   0.12518   0.00320   0.00437   0.13127   0.54757   0.22808   1.35127   0.12372   1.07514   0.12884   0.32612   0.13959   0.15781   0.44184   0.05418   0.06505   0.34973   0.31248   0.22181   0.24332   0.17903   0.12356   0.52114   0.48472   1.03907   0.11209   0.67296   0.09726   0.54775   0.08035   1.28491   0.24511   0.11466   0.36362   0.38283   0.17936   0.30007   0.07245   0.40164   0.56329   1.93418   3.51522  -0.19763   0.02314  
 79  0.0694 156021.847327  x:  2.24212   0.39034   0.30752   0.39765   0.36520   0.10040   0.67210   0.18977   0.38836   0.42819   0.85544   1.82882   1.25716   0.45212   0.63941   0.59601   0.82699   0.14184   0.38497   0.14460   0.10912   0.46741   0.51961   0.47770   0.62868   0.44482   0.33856   0.12598   0.00346   0.00447   0.13205   0.55083   0.23126   1.35823   0.12537   1.08855   0.12729   0.32716   0.14121   0.15913   0.44235   0.05481   0.06527   0.35050   0.31344   0.22337   0.24418   0.18046   0.12360   0.52123   0.48627   1.03803   0.11395   0.67394   0.09764   0.54967   0.08058   1.28839   0.24770   0.11469   0.36281   0.38228   0.18126   0.29899   0.07332   0.40240   0.56355   1.93320   3.54437  -0.17123   0.02321  
 80  0.0421 156021.729132  x:  2.23271   0.38885   0.30721   0.39658   0.36410   0.09923   0.66941   0.18882   0.38644   0.42702   0.86161   1.81870   1.26567   0.45265   0.63866   0.59383   0.82381   0.14126   0.38447   0.14379   0.10786   0.46622   0.51694   0.47648   0.62678   0.44300   0.33608   0.12540   0.00333   0.00449   0.13166   0.55025   0.23172   1.36145   0.12571   1.08091   0.12762   0.32692   0.14044   0.15914   0.43987   0.05457   0.06517   0.34882   0.31178   0.22241   0.24326   0.17978   0.12285   0.51868   0.48401   1.03273   0.11375   0.67455   0.09707   0.54683   0.08053   1.28391   0.24738   0.11425   0.36112   0.38078   0.18082   0.29728   0.07333   0.40013   0.55990   1.93335   3.54201  -0.20430   0.02319  
 81  0.0313 156021.715101  x:  2.23024   0.38987   0.30714   0.39679   0.36409   0.09915   0.67002   0.18907   0.38678   0.42714   0.86027   1.81746   1.26844   0.45234   0.63901   0.59370   0.82451   0.14060   0.38556   0.14419   0.10765   0.46656   0.51731   0.47663   0.62748   0.44292   0.33635   0.12559   0.00334   0.00441   0.13162   0.55018   0.23199   1.36340   0.12568   1.07760   0.12840   0.32747   0.14021   0.15911   0.44004   0.05464   0.06534   0.34910   0.31201   0.22235   0.24351   0.17965   0.12306   0.51886   0.48452   1.03383   0.11345   0.67519   0.09699   0.54671   0.08060   1.28580   0.24716   0.11457   0.36185   0.38107   0.18059   0.29812   0.07324   0.40045   0.56043   1.93403   3.53769  -0.21120   0.02319  
 82  0.0090 156021.714094  x:  2.22987   0.38986   0.30722   0.39681   0.36407   0.09930   0.67020   0.18910   0.38674   0.42706   0.86062   1.81849   1.26954   0.45245   0.63939   0.59392   0.82442   0.14042   0.38521   0.14420   0.10777   0.46653   0.51741   0.47666   0.62757   0.44318   0.33635   0.12553   0.00333   0.00443   0.13157   0.55022   0.23178   1.36348   0.12570   1.07793   0.12841   0.32734   0.14030   0.15915   0.44014   0.05458   0.06527   0.34915   0.31204   0.22237   0.24342   0.17962   0.12310   0.51899   0.48444   1.03357   0.11337   0.67498   0.09699   0.54690   0.08059   1.28566   0.24712   0.11455   0.36198   0.38118   0.18046   0.29823   0.07319   0.40059   0.56049   1.93421   3.53725  -0.21248   0.02318  
 83  0.0017 156021.713969  x:  2.22939   0.38981   0.30719   0.39679   0.36408   0.09933   0.67023   0.18909   0.38673   0.42707   0.86050   1.81892   1.26952   0.45246   0.63934   0.59393   0.82440   0.14038   0.38529   0.14419   0.10781   0.46652   0.51738   0.47663   0.62744   0.44307   0.33637   0.12553   0.00334   0.00443   0.13158   0.55011   0.23169   1.36350   0.12569   1.07801   0.12836   0.32734   0.14027   0.15912   0.44011   0.05458   0.06526   0.34914   0.31203   0.22236   0.24340   0.17964   0.12308   0.51896   0.48448   1.03348   0.11335   0.67495   0.09701   0.54687   0.08057   1.28559   0.24711   0.11455   0.36190   0.38115   0.18049   0.29817   0.07318   0.40057   0.56048   1.93424   3.53729  -0.21308   0.02318  
 84  0.0007 156021.713948  x:  2.22916   0.38981   0.30718   0.39679   0.36408   0.09933   0.67021   0.18909   0.38673   0.42709   0.86052   1.81912   1.26945   0.45244   0.63934   0.59390   0.82444   0.14039   0.38531   0.14419   0.10780   0.46653   0.51738   0.47664   0.62745   0.44306   0.33638   0.12553   0.00334   0.00443   0.13158   0.55012   0.23169   1.36346   0.12569   1.07802   0.12835   0.32733   0.14026   0.15911   0.44012   0.05458   0.06527   0.34914   0.31203   0.22237   0.24341   0.17964   0.12308   0.51896   0.48447   1.03354   0.11336   0.67495   0.09701   0.54687   0.08057   1.28562   0.24712   0.11454   0.36189   0.38114   0.18051   0.29816   0.07319   0.40055   0.56048   1.93421   3.53746  -0.21301   0.02318  
 85  0.0003 156021.713944  x:  2.22906   0.38982   0.30718   0.39679   0.36408   0.09932   0.67019   0.18909   0.38673   0.42708   0.86050   1.81919   1.26946   0.45243   0.63933   0.59390   0.82443   0.14040   0.38529   0.14419   0.10780   0.46652   0.51738   0.47664   0.62746   0.44308   0.33638   0.12553   0.00334   0.00443   0.13158   0.55013   0.23170   1.36345   0.12569   1.07804   0.12835   0.32733   0.14026   0.15911   0.44012   0.05458   0.06527   0.34913   0.31203   0.22236   0.24341   0.17963   0.12308   0.51896   0.48446   1.03355   0.11337   0.67495   0.09701   0.54687   0.08057   1.28562   0.24712   0.11454   0.36190   0.38114   0.18050   0.29816   0.07319   0.40055   0.56047   1.93421   3.53759  -0.21289   0.02318  
 86  0.0002 156021.713944  x:  2.22902   0.38982   0.30718   0.39679   0.36408   0.09932   0.67019   0.18909   0.38673   0.42708   0.86051   1.81920   1.26947   0.45244   0.63932   0.59390   0.82443   0.14040   0.38530   0.14419   0.10780   0.46652   0.51738   0.47664   0.62746   0.44308   0.33638   0.12553   0.00334   0.00443   0.13158   0.55013   0.23170   1.36346   0.12569   1.07804   0.12835   0.32733   0.14026   0.15911   0.44012   0.05458   0.06527   0.34914   0.31203   0.22236   0.24341   0.17964   0.12308   0.51896   0.48447   1.03355   0.11337   0.67495   0.09701   0.54687   0.08057   1.28562   0.24711   0.11454   0.36190   0.38114   0.18050   0.29816   0.07319   0.40055   0.56047   1.93421   3.53763  -0.21282   0.02318  
 87  0.0001 156021.713944  x:  2.22901   0.38982   0.30718   0.39679   0.36408   0.09932   0.67019   0.18909   0.38673   0.42708   0.86051   1.81920   1.26947   0.45243   0.63932   0.59390   0.82443   0.14040   0.38530   0.14419   0.10780   0.46652   0.51738   0.47664   0.62746   0.44308   0.33638   0.12553   0.00334   0.00443   0.13158   0.55013   0.23170   1.36346   0.12569   1.07804   0.12835   0.32733   0.14026   0.15911   0.44012   0.05458   0.06527   0.34914   0.31203   0.22236   0.24341   0.17964   0.12308   0.51896   0.48447   1.03355   0.11337   0.67495   0.09701   0.54687   0.08057   1.28562   0.24711   0.11454   0.36190   0.38114   0.18050   0.29816   0.07319   0.40055   0.56047   1.93421   3.53763  -0.21280   0.02318  
 88  0.0000 156021.713944  x:  2.22901   0.38982   0.30718   0.39679   0.36408   0.09932   0.67019   0.18909   0.38673   0.42708   0.86051   1.81920   1.26947   0.45243   0.63932   0.59390   0.82443   0.14040   0.38530   0.14419   0.10780   0.46652   0.51738   0.47664   0.62746   0.44308   0.33638   0.12553   0.00334   0.00443   0.13158   0.55013   0.23170   1.36346   0.12569   1.07804   0.12835   0.32733   0.14026   0.15911   0.44012   0.05458   0.06527   0.34914   0.31203   0.22236   0.24341   0.17964   0.12308   0.51896   0.48447   1.03355   0.11337   0.67495   0.09701   0.54687   0.08057   1.28562   0.24711   0.11454   0.36190   0.38114   0.18050   0.29816   0.07319   0.40055   0.56047   1.93421   3.53763  -0.21280   0.02318  
 89  0.0000 156021.713944  x:  2.22901   0.38982   0.30718   0.39679   0.36408   0.09932   0.67019   0.18909   0.38673   0.42708   0.86051   1.81920   1.26947   0.45243   0.63932   0.59390   0.82443   0.14040   0.38530   0.14419   0.10780   0.46652   0.51738   0.47664   0.62746   0.44308   0.33638   0.12553   0.00334   0.00443   0.13158   0.55013   0.23170   1.36346   0.12569   1.07804   0.12835   0.32733   0.14026   0.15911   0.44012   0.05458   0.06527   0.34914   0.31203   0.22236   0.24341   0.17964   0.12308   0.51896   0.48447   1.03355   0.11337   0.67495   0.09701   0.54687   0.08057   1.28562   0.24711   0.11454   0.36190   0.38114   0.18050   0.29816   0.07319   0.40055   0.56047   1.93421   3.53764  -0.21279   0.02318  