

TREE # 1

  0  0.0000 174711.320791  x:  1.93008   0.38762   0.31616   0.40622   0.36157   0.10063   0.76570   0.18691   0.50595   0.41567   0.82710   1.65034   1.15308   0.44253   0.60335   0.59829   0.79141   0.14567   0.39396   0.13702   0.12211   0.45131   0.53418   0.46895   0.61484   0.44119   0.34474   0.13164   0.00343   0.00448   0.13101   0.52479   0.22332   1.26404   0.13132   1.18031   0.13010   0.34248   0.14101   0.16779   0.44159   0.05445   0.06636   0.35148   0.30752   0.22266   0.24627   0.18051   0.11955   0.50518   0.53216   1.01344   0.12459   0.66048   0.09885   0.53839   0.08353   1.24556   0.25896   0.11185   0.36294   0.37832   0.17904   0.29025   0.07521   0.39852   0.54566   2.00000   1.37617   0.16804   0.23635  
  1 99.0000 158331.556189  x:  1.92871   0.38596   0.31484   0.40522   0.36079   0.09925   0.76425   0.18568   0.50458   0.41473   0.82573   1.64902   1.15155   0.44101   0.60191   0.59700   0.79009   0.14402   0.39251   0.13602   0.12096   0.45026   0.53309   0.46790   0.61383   0.43976   0.34373   0.13190   0.00556   0.00557   0.13117   0.52388   0.22154   1.26279   0.12960   1.17912   0.12856   0.34130   0.14010   0.16741   0.44131   0.05478   0.06697   0.35155   0.30769   0.22278   0.24661   0.18109   0.11946   0.50485   0.53144   1.01251   0.12286   0.65979   0.09809   0.53782   0.08282   1.24454   0.25813   0.11198   0.36248   0.37798   0.17888   0.29062   0.07573   0.39880   0.54580   2.00409   1.37182   0.17245   0.03454  
  2 83432.1456 158065.114806  x:  1.92994   0.38744   0.31799   0.41009   0.36696   0.10235   0.76588   0.18940   0.50619   0.41978   0.82807   1.65062   1.15267   0.44248   0.60378   0.60004   0.79286   0.14561   0.39434   0.14067   0.12475   0.45486   0.53755   0.47204   0.61837   0.44176   0.34789   0.14373   0.00712   0.00831   0.14275   0.52922   0.22306   1.26509   0.13119   1.18176   0.13090   0.34347   0.14444   0.17400   0.44939   0.06616   0.07959   0.36206   0.31877   0.23378   0.25869   0.19470   0.12903   0.51294   0.53650   1.01676   0.11759   0.66511   0.10320   0.54395   0.08871   1.24798   0.26230   0.12169   0.36989   0.38598   0.18796   0.30238   0.08890   0.41005   0.55616   2.00414   1.42958   0.11510   0.02573  
  3 4929.5001 158006.683504  x:  1.92454   0.38051   0.31330   0.40764   0.36618   0.09706   0.75984   0.18521   0.50021   0.41772   0.82299   1.64566   1.14641   0.43620   0.59813   0.59564   0.78822   0.13872   0.38847   0.13811   0.12085   0.45221   0.53459   0.46906   0.61589   0.43609   0.34514   0.14763   0.00566   0.00000   0.14616   0.52767   0.21562   1.26070   0.12389   1.17773   0.12471   0.33871   0.14177   0.17425   0.45156   0.07000   0.08516   0.36671   0.32402   0.23817   0.26466   0.20186   0.13225   0.51523   0.53537   1.01471   0.10616   0.66463   0.10142   0.54417   0.08750   1.24510   0.25992   0.12578   0.37097   0.38789   0.19038   0.30883   0.09523   0.41629   0.56163   2.02272   1.43949   0.10561   0.02595  
  4 2173.0437 157725.350933  x:  1.88681   0.33208   0.28037   0.39020   0.36032   0.06006   0.71763   0.15575   0.45841   0.40300   0.78738   1.61093   1.10270   0.39233   0.55862   0.56476   0.75566   0.09062   0.34747   0.11994   0.09347   0.43340   0.51360   0.44795   0.59831   0.39644   0.32572   0.17392   0.00147   0.00252   0.16903   0.51650   0.16368   1.22989   0.07292   1.14950   0.08147   0.30544   0.12286   0.17550   0.46608   0.09586   0.12291   0.39836   0.35978   0.26785   0.30531   0.25069   0.15396   0.53058   0.52715   1.00015   0.02700   0.66092   0.08867   0.54524   0.07868   1.22481   0.24300   0.15356   0.37791   0.40059   0.20653   0.35285   0.13824   0.45891   0.59899   2.15217   1.50435   0.04364   0.02838  
  5 47639.7679 157713.606898  x:  1.88375   0.32825   0.27792   0.38886   0.35990   0.05757   0.71427   0.15365   0.45510   0.40191   0.78457   1.60813   1.09918   0.38893   0.55551   0.56232   0.75307   0.08707   0.34429   0.11867   0.09153   0.43197   0.51198   0.44636   0.59697   0.39334   0.32421   0.17540   0.00926   0.00188   0.17027   0.51565   0.15975   1.22746   0.06933   1.14727   0.07854   0.30296   0.12147   0.17543   0.46711   0.09733   0.12518   0.40059   0.36229   0.26978   0.30804   0.25391   0.15552   0.53174   0.52646   0.99900   0.02340   0.66070   0.08797   0.54536   0.07808   1.22318   0.24165   0.15545   0.37836   0.40150   0.20756   0.35596   0.14102   0.46203   0.60177   2.16220   1.50945   0.03873   0.02864  
  6 12757.4261 157615.080749  x:  1.84716   0.28712   0.25871   0.37627   0.35800   0.05154   0.67692   0.14187   0.41929   0.39391   0.75439   1.57525   1.05761   0.35527   0.52277   0.53660   0.72445   0.06073   0.31235   0.11312   0.08092   0.41974   0.49646   0.43281   0.58479   0.36192   0.30921   0.16602   0.01169   0.00215   0.15957   0.50858   0.12538   1.20105   0.05202   1.12340   0.07059   0.28327   0.11125   0.16725   0.47345   0.08865   0.11877   0.41357   0.37597   0.27247   0.31651   0.26104   0.16597   0.54250   0.51765   0.98682   0.11953   0.66180   0.09517   0.54866   0.07641   1.20454   0.22721   0.16285   0.37934   0.40750   0.20778   0.37372   0.14421   0.48513   0.62504   2.26160   1.56811  -0.01973   0.02946  
  7 2462.5991 157475.114260  x:  1.77925   0.22904   0.25211   0.36280   0.36126   0.10049   0.61781   0.15763   0.36869   0.39289   0.71068   1.51590   0.98251   0.32043   0.47739   0.50071   0.67973   0.08770   0.27833   0.12848   0.09701   0.41084   0.47883   0.42333   0.57296   0.32548   0.29360   0.11971   0.01035   0.00202   0.11440   0.50414   0.11275   1.15857   0.09355   1.08459   0.09673   0.25631   0.10947   0.14239   0.47232   0.03830   0.05404   0.40699   0.36589   0.24275   0.28483   0.21593   0.16491   0.55237   0.49871   0.96748   0.09048   0.66218   0.09462   0.55055   0.07602   1.17277   0.20520   0.14526   0.37104   0.40577   0.18362   0.36457   0.09227   0.49309   0.64131   2.38982   1.67317  -0.12048   0.02886  
  8 1456.7323 157434.234953  x:  1.73889   0.21098   0.25094   0.35555   0.35931   0.10551   0.58921   0.16504   0.35216   0.39380   0.69360   1.48150   0.94009   0.31262   0.45980   0.48743   0.65961   0.10588   0.27302   0.13332   0.10078   0.40711   0.47026   0.41928   0.56645   0.31816   0.29047   0.14978   0.01036   0.00194   0.14923   0.50226   0.12507   1.13436   0.10193   1.06243   0.10615   0.25166   0.11922   0.14069   0.46774   0.06471   0.05820   0.39176   0.34992   0.23213   0.25900   0.18807   0.15449   0.54708   0.48361   0.95633   0.09103   0.65961   0.09327   0.54564   0.07736   1.15377   0.19942   0.12812   0.35983   0.39517   0.16802   0.34230   0.05525   0.47690   0.63118   2.42891   1.71057  -0.15639   0.02902  
  9 1047.9264 157396.901452  x:  1.66637   0.21287   0.25440   0.34749   0.35249   0.08257   0.55428   0.17163   0.34929   0.39816   0.68180   1.42193   0.86889   0.31586   0.44573   0.48088   0.63825   0.12041   0.28625   0.13268   0.09620   0.40439   0.46094   0.41502   0.55654   0.32813   0.29214   0.12224   0.01017   0.00196   0.12417   0.49999   0.15958   1.09372   0.08765   1.02538   0.10278   0.25687   0.13215   0.14426   0.44666   0.08193   0.09847   0.35769   0.31608   0.23218   0.24701   0.19318   0.13169   0.52475   0.45824   0.93675   0.09076   0.65078   0.08906   0.53022   0.08461   1.12155   0.20879   0.11989   0.34433   0.37345   0.17220   0.30843   0.06744   0.43674   0.59593   2.43629   1.75719  -0.20108   0.02904  
 10 623.8596 157374.319508  x:  1.60330   0.22597   0.25985   0.34375   0.34613   0.07370   0.53650   0.17296   0.35255   0.39767   0.67874   1.37197   0.81138   0.31877   0.44025   0.48180   0.62706   0.11359   0.29670   0.12812   0.09238   0.40264   0.45598   0.41175   0.54816   0.33725   0.29299   0.13769   0.01007   0.00191   0.13692   0.49591   0.17387   1.06140   0.07805   0.99633   0.09775   0.26054   0.12797   0.14132   0.42574   0.05069   0.08003   0.33733   0.29607   0.22250   0.25076   0.20045   0.12610   0.50687   0.44534   0.91916   0.09073   0.64042   0.08663   0.51560   0.08063   1.09476   0.21401   0.12563   0.33879   0.36171   0.18229   0.29611   0.09187   0.40971   0.56684   2.41683   1.78690  -0.22934   0.02903  
 11 746.4479 157350.310291  x:  1.49931   0.25191   0.26562   0.34225   0.33635   0.08738   0.53075   0.16668   0.35709   0.38595   0.67945   1.29422   0.72825   0.31973   0.44071   0.48964   0.61934   0.08172   0.30250   0.11923   0.09205   0.39912   0.45209   0.40666   0.53590   0.34283   0.28803   0.13277   0.00991   0.00188   0.12901   0.48334   0.16609   1.01572   0.08477   0.95658   0.09745   0.26136   0.11240   0.15398   0.41606   0.07285   0.05870   0.34883   0.31497   0.22435   0.25390   0.18798   0.15160   0.48981   0.44364   0.89194   0.08870   0.62042   0.08866   0.49481   0.06290   1.05413   0.20823   0.12922   0.33778   0.35630   0.17995   0.29702   0.08851   0.38918   0.53267   2.34681   1.81396  -0.25426   0.02911  
 12 524.4354 157335.960021  x:  1.41365   0.25721   0.25613   0.34268   0.33272   0.08189   0.53635   0.15903   0.35495   0.37554   0.67527   1.23588   0.67474   0.32004   0.44532   0.49374   0.61651   0.08923   0.29848   0.12114   0.09447   0.39525   0.45036   0.40355   0.53097   0.33877   0.28382   0.13275   0.00988   0.00188   0.13309   0.47392   0.15032   0.98539   0.09337   0.93214   0.10341   0.25834   0.10821   0.13913   0.41433   0.05527   0.07936   0.36319   0.32811   0.22897   0.24945   0.18556   0.14779   0.48362   0.44738   0.87393   0.08762   0.60789   0.09538   0.49112   0.08516   1.02805   0.20808   0.12284   0.33766   0.35959   0.17073   0.30807   0.07826   0.40435   0.53266   2.27658   1.82427  -0.26288   0.02923  
 13 480.8285 157328.446271  x:  1.35471   0.24819   0.24705   0.34367   0.33495   0.07560   0.54404   0.16007   0.35247   0.37485   0.66887   1.20175   0.65408   0.31956   0.44686   0.49211   0.61579   0.10209   0.29049   0.12436   0.09202   0.39247   0.44978   0.40167   0.53152   0.33074   0.28385   0.13133   0.00987   0.00188   0.13185   0.47236   0.14381   0.97084   0.08968   0.92224   0.10371   0.25627   0.12175   0.13816   0.42394   0.06684   0.06553   0.35499   0.31524   0.22497   0.24930   0.19490   0.13892   0.48875   0.45086   0.86852   0.08840   0.60382   0.08841   0.49441   0.08262   1.01648   0.20345   0.12218   0.33890   0.36475   0.16934   0.31430   0.08012   0.42363   0.54949   2.22750   1.82794  -0.26538   0.02929  
 14 350.6090 157324.992106  x:  1.31428   0.23529   0.24832   0.34297   0.33847   0.08437   0.54781   0.16447   0.35142   0.38065   0.66399   1.18570   0.65895   0.31713   0.44265   0.48606   0.61555   0.09392   0.28298   0.12265   0.08958   0.39166   0.45001   0.40066   0.53404   0.32314   0.28570   0.13304   0.00983   0.00188   0.13117   0.47655   0.14941   0.96833   0.08482   0.92310   0.10064   0.25258   0.12071   0.14468   0.42807   0.05904   0.07655   0.34963   0.31063   0.22430   0.24995   0.19126   0.13761   0.49813   0.45166   0.87009   0.08789   0.60768   0.08817   0.50161   0.07042   1.01625   0.20273   0.12655   0.33868   0.36573   0.17454   0.30741   0.07654   0.42369   0.56144   2.20224   1.82914  -0.26553   0.02931  
 15 167.4230 157322.360114  x:  1.27240   0.22427   0.24887   0.33974   0.33929   0.07901   0.54536   0.15922   0.34904   0.38402   0.66174   1.17488   0.67708   0.31413   0.43704   0.47910   0.61523   0.08856   0.28122   0.12071   0.09159   0.39213   0.45030   0.40101   0.53755   0.31981   0.28524   0.13227   0.00978   0.00187   0.13182   0.48135   0.15651   0.97154   0.08771   0.92959   0.10094   0.25064   0.11396   0.14468   0.42850   0.06247   0.06962   0.35106   0.31522   0.22508   0.25271   0.19097   0.13832   0.50458   0.44883   0.87459   0.08641   0.61487   0.09348   0.50944   0.07972   1.02223   0.20853   0.12389   0.33566   0.36212   0.17702   0.30243   0.07985   0.41457   0.56580   2.18872   1.82984  -0.26488   0.02933  
 16 132.1443 157319.431265  x:  1.22039   0.22317   0.25217   0.33786   0.33844   0.07953   0.54011   0.15721   0.34784   0.38333   0.66526   1.16590   0.70649   0.31037   0.43318   0.47485   0.61551   0.09941   0.28681   0.12048   0.09122   0.39264   0.44960   0.40196   0.54102   0.32283   0.28169   0.13261   0.00984   0.00188   0.13233   0.48434   0.15443   0.97871   0.08740   0.94016   0.09981   0.25419   0.11553   0.13870   0.42358   0.06176   0.06990   0.35861   0.32356   0.22757   0.25148   0.19357   0.13985   0.50462   0.44473   0.88199   0.08838   0.62002   0.08186   0.50858   0.07206   1.03167   0.20381   0.12115   0.33632   0.36043   0.17309   0.30659   0.08413   0.40634   0.56284   2.18574   1.83163  -0.26477   0.02934  
 17 133.3052 157316.465110  x:  1.17016   0.23348   0.25270   0.34020   0.33722   0.08236   0.53715   0.16374   0.35044   0.37981   0.67341   1.16049   0.73624   0.30775   0.43310   0.47715   0.61736   0.09949   0.29079   0.12022   0.08842   0.39264   0.44843   0.40202   0.54054   0.32705   0.27849   0.13257   0.00978   0.00188   0.13135   0.48312   0.14433   0.98682   0.08283   0.95020   0.09725   0.25641   0.12176   0.14134   0.42176   0.06271   0.07070   0.35521   0.31641   0.22481   0.24738   0.19133   0.14171   0.49823   0.44434   0.88780   0.08684   0.62125   0.09243   0.50386   0.07872   1.04129   0.20411   0.12931   0.34112   0.36469   0.17351   0.31303   0.07930   0.41059   0.55559   2.19383   1.83332  -0.26380   0.02935  
 18 136.5205 157313.749960  x:  1.13770   0.24326   0.24812   0.34440   0.33747   0.07765   0.53893   0.16560   0.35419   0.37830   0.68009   1.16041   0.75464   0.31301   0.43860   0.48473   0.62060   0.09078   0.28934   0.12249   0.09402   0.39444   0.45005   0.40345   0.53771   0.32884   0.28166   0.13214   0.00982   0.00188   0.13221   0.48068   0.14577   0.99398   0.09184   0.95571   0.10161   0.25305   0.11458   0.14429   0.42553   0.06191   0.07366   0.34962   0.30885   0.22515   0.25415   0.19466   0.13884   0.49282   0.44879   0.88806   0.08729   0.61601   0.09068   0.49722   0.07507   1.04602   0.20259   0.12266   0.33918   0.36498   0.16992   0.31058   0.07610   0.42329   0.55237   2.20575   1.83588  -0.26359   0.02935  
 19 108.4255 157308.837594  x:  1.11130   0.24908   0.24555   0.34732   0.33814   0.08187   0.54941   0.15975   0.35639   0.38051   0.68497   1.16801   0.76541   0.32828   0.45370   0.49846   0.62525   0.09496   0.28452   0.12256   0.08964   0.39570   0.45274   0.40361   0.53190   0.32955   0.29334   0.13249   0.00985   0.00188   0.13169   0.47662   0.15708   1.00121   0.08555   0.95575   0.09713   0.25046   0.11141   0.14525   0.43302   0.06258   0.07071   0.35237   0.31777   0.22379   0.24598   0.17976   0.13616   0.49206   0.45981   0.88267   0.08894   0.60451   0.08268   0.49457   0.07909   1.04683   0.20986   0.12220   0.33486   0.36445   0.17887   0.30182   0.08554   0.43476   0.55482   2.22201   1.83921  -0.26116   0.02934  
 20 75.7869 157296.624904  x:  1.08217   0.24681   0.24980   0.34652   0.33915   0.09339   0.57313   0.15311   0.35538   0.38826   0.68820   1.19281   0.76924   0.35054   0.48068   0.51825   0.63085   0.10441   0.28045   0.12766   0.08839   0.39865   0.45883   0.40650   0.52623   0.32949   0.30961   0.13363   0.00988   0.00190   0.13213   0.46890   0.16749   1.01423   0.07487   0.95081   0.09531   0.25894   0.12931   0.14220   0.43737   0.05894   0.06292   0.36129   0.33456   0.23050   0.25563   0.20741   0.13738   0.49814   0.47490   0.87031   0.08931   0.58993   0.09688   0.50166   0.07727   1.04197   0.21609   0.12458   0.33169   0.36398   0.18462   0.28391   0.06772   0.42414   0.55863   2.24371   1.84390  -0.25025   0.02940  
 21 131.9534 157242.038653  x:  1.03591   0.21912   0.27465   0.34153   0.35112   0.07892   0.64439   0.16611   0.35196   0.41753   0.69542   1.31354   0.75020   0.38580   0.54750   0.55526   0.64225   0.08374   0.29821   0.15238   0.11828   0.41524   0.48239   0.42782   0.53571   0.33689   0.32960   0.13440   0.01002   0.00200   0.14073   0.45611   0.15481   1.06836   0.11263   0.93492   0.12479   0.29644   0.16433   0.13555   0.42763   0.06691   0.07925   0.36650   0.32853   0.23063   0.23927   0.19872   0.14045   0.52832   0.48585   0.83320   0.08684   0.58026   0.13162   0.54752   0.05450   1.02105   0.21193   0.13379   0.35368   0.37225   0.18475   0.33128   0.11687   0.36620   0.58988   2.26827   1.87189  -0.20402   0.02970  
 22 199.0448 157081.563318  x:  1.02989   0.22120   0.32829   0.36460   0.38884   0.06414   0.73506   0.19001   0.36946   0.44916   0.74786   1.61710   0.70328   0.40546   0.63247   0.58146   0.66846   0.06320   0.37517   0.12348   0.06607   0.43758   0.50700   0.44910   0.58588   0.38419   0.33200   0.13727   0.00948   0.00198   0.13070   0.48819   0.11045   1.18993   0.08638   0.92528   0.09464   0.32298   0.11169   0.16566   0.41904   0.06554   0.07250   0.36419   0.28654   0.23120   0.29085   0.17370   0.14071   0.57608   0.45691   0.80751   0.08722   0.63602   0.04086   0.62521   0.12096   1.01603   0.22063   0.10754   0.39494   0.38556   0.13429   0.36841   0.06346   0.32880   0.63878   2.19760   2.00330  -0.13697   0.02894  
 23 449.4595 156753.104230  x:  1.13793   0.29422   0.35310   0.38604   0.38701   0.10984   0.75304   0.15988   0.38627   0.41293   0.87007   2.19896   0.63127   0.38294   0.67437   0.53696   0.70345   0.14853   0.47687   0.05409   0.09341   0.46319   0.50963   0.46925   0.68486   0.44720   0.27017   0.13773   0.00917   0.00222   0.14636   0.58388   0.18561   1.40034   0.08636   0.97287   0.09838   0.30034   0.03919   0.19867   0.43256   0.08169   0.06288   0.37410   0.33055   0.24217   0.28470   0.20357   0.11362   0.57663   0.37369   0.87876   0.08556   0.80048   0.14322   0.65380   0.05300   1.05525   0.21517   0.11597   0.39756   0.38202   0.19306   0.32950   0.07874   0.51553   0.64681   1.92778   2.27344   0.03598   0.02820  
 24 911.8020 156593.950522  x:  1.23824   0.33695   0.32062   0.39862   0.37175   0.08115   0.71822   0.13075   0.41345   0.39513   0.92804   2.46897   0.62130   0.35750   0.65011   0.50675   0.73398   0.08937   0.48379   0.09340   0.11622   0.47195   0.50571   0.47477   0.72762   0.45000   0.25448   0.14006   0.00870   0.00225   0.14973   0.63807   0.23619   1.48301   0.10423   1.02819   0.11220   0.28457   0.20104   0.21281   0.45709   0.04337   0.06180   0.38815   0.36991   0.24603   0.28376   0.18751   0.17385   0.56937   0.42200   0.96210   0.08182   0.86245   0.09792   0.62486   0.06498   1.10734   0.23800   0.12149   0.37544   0.38351   0.21802   0.29057   0.07540   0.58080   0.61837   1.75326   2.42807   0.12491   0.02760  
 25 1549.6268 156479.566503  x:  1.36104   0.35283   0.28263   0.41349   0.36310   0.11278   0.67362   0.21505   0.45385   0.43121   0.93603   2.51579   0.67190   0.35908   0.59282   0.51835   0.78464   0.08091   0.40985   0.13867   0.11241   0.46769   0.50846   0.46973   0.71622   0.40984   0.30426   0.14522   0.00871   0.00232   0.14850   0.65073   0.25076   1.45894   0.10247   1.10424   0.12782   0.27826   0.15139   0.12567   0.49901   0.07564   0.06251   0.39865   0.37437   0.25220   0.26247   0.22834   0.13279   0.55464   0.53400   1.04011   0.08516   0.83156   0.07206   0.56693   0.08561   1.17904   0.26428   0.16437   0.37531   0.42494   0.22145   0.33163   0.07930   0.50771   0.58222   1.64066   2.51945   0.17273   0.02742  
 26 600.5457 156416.128101  x:  1.47376   0.36307   0.26492   0.43097   0.37973   0.08419   0.65810   0.20060   0.46587   0.44070   0.92994   2.44422   0.74183   0.38387   0.56212   0.55502   0.83908   0.14845   0.35221   0.13094   0.09871   0.47006   0.52760   0.47223   0.69270   0.39003   0.33449   0.14236   0.00837   0.00233   0.14930   0.63460   0.23523   1.39376   0.09001   1.17311   0.11322   0.30832   0.12294   0.19655   0.51031   0.05422   0.06582   0.39571   0.36361   0.24651   0.28167   0.20688   0.15318   0.55753   0.59076   1.10475   0.08215   0.77708   0.12296   0.54899   0.07012   1.24232   0.25358   0.12430   0.38114   0.43368   0.17718   0.35984   0.09690   0.44278   0.59278   1.58854   2.57595   0.18856   0.02711  
 27 536.6079 156354.261652  x:  1.63306   0.38265   0.32668   0.43292   0.40187   0.10716   0.70698   0.13714   0.45407   0.42581   0.91738   2.21849   0.85465   0.42296   0.55593   0.60300   0.90992   0.13602   0.34985   0.10831   0.12918   0.48797   0.56465   0.49824   0.68086   0.40886   0.32263   0.14367   0.00844   0.00238   0.15184   0.59583   0.20270   1.27351   0.13200   1.26057   0.10214   0.35315   0.12988   0.20557   0.47361   0.06708   0.07032   0.38912   0.35083   0.25359   0.29639   0.20291   0.10833   0.55355   0.54585   1.17146   0.08473   0.70445   0.09778   0.59169   0.08456   1.31936   0.25408   0.14758   0.42246   0.42095   0.21150   0.33833   0.08721   0.43956   0.64919   1.58232   2.61449   0.20561   0.02706  
 28 416.7773 156314.328454  x:  1.76003   0.39753   0.34854   0.42123   0.39423   0.08318   0.78610   0.19619   0.46335   0.44358   0.91083   1.98614   0.94330   0.45306   0.58907   0.62018   0.95109   0.10607   0.40731   0.13076   0.09410   0.49226   0.57028   0.51177   0.70384   0.45174   0.32363   0.14735   0.00825   0.00238   0.14907   0.59518   0.20424   1.19504   0.12095   1.31408   0.11038   0.35476   0.12917   0.18049   0.46939   0.06623   0.06242   0.40084   0.36650   0.25309   0.26714   0.21425   0.14452   0.58234   0.50107   1.19750   0.08123   0.70178   0.11231   0.63643   0.07258   1.36231   0.25849   0.11262   0.40906   0.40236   0.20895   0.32690   0.08641   0.47740   0.67209   1.60484   2.62948   0.21684   0.02696  
 29 474.1228 156294.114428  x:  1.83683   0.40306   0.33325   0.42678   0.39199   0.07243   0.83329   0.18476   0.46408   0.45081   0.91457   1.81142   0.99194   0.46504   0.63948   0.60749   0.95675   0.12518   0.45013   0.12705   0.11278   0.49724   0.56577   0.51241   0.73240   0.47586   0.33783   0.14055   0.00842   0.00242   0.15543   0.62292   0.22828   1.19326   0.12132   1.32550   0.12414   0.33122   0.12769   0.17896   0.49909   0.06354   0.06726   0.40004   0.36257   0.24721   0.29773   0.19914   0.16127   0.60681   0.50337   1.18403   0.08457   0.75024   0.10582   0.64792   0.06691   1.36719   0.26477   0.15232   0.40433   0.43411   0.20926   0.35002   0.07229   0.47357   0.65012   1.63526   2.62155   0.22730   0.02708  
 30 318.6386 156285.002791  x:  1.87843   0.40798   0.33055   0.44037   0.40150   0.10564   0.85055   0.17265   0.46427   0.45354   0.92417   1.71243   1.01725   0.46177   0.67092   0.59559   0.95269   0.11640   0.45799   0.11470   0.11397   0.50130   0.56452   0.51004   0.74638   0.47649   0.34029   0.14981   0.00851   0.00244   0.15140   0.63953   0.23229   1.22488   0.12414   1.32190   0.12129   0.32600   0.14038   0.19000   0.50982   0.06318   0.06869   0.39941   0.35928   0.25508   0.29259   0.21066   0.14467   0.61016   0.52007   1.16643   0.08480   0.78786   0.10778   0.64597   0.07881   1.36160   0.26379   0.13397   0.40458   0.43948   0.19209   0.35931   0.09154   0.46863   0.63969   1.64915   2.61476   0.22784   0.02718  
 31 275.1843 156279.613808  x:  1.90944   0.41085   0.32666   0.44631   0.40723   0.08804   0.85302   0.16753   0.46643   0.45612   0.93754   1.64503   1.03802   0.45524   0.69512   0.59145   0.94687   0.10897   0.44996   0.11854   0.10941   0.50673   0.56937   0.51297   0.75378   0.46787   0.33476   0.14380   0.00830   0.00241   0.15401   0.64492   0.22595   1.27866   0.12038   1.31266   0.11383   0.33784   0.13798   0.19265   0.50155   0.06158   0.06310   0.40357   0.36505   0.25539   0.27599   0.21044   0.12488   0.60272   0.53619   1.14729   0.08179   0.80943   0.11056   0.63941   0.06930   1.35206   0.26064   0.13148   0.41856   0.43538   0.19952   0.35149   0.08196   0.46298   0.64347   1.64881   2.61477   0.21498   0.02702  
 32 174.3711 156276.335340  x:  1.93123   0.40858   0.33272   0.43844   0.40116   0.08998   0.84639   0.18093   0.46432   0.45492   0.94803   1.59748   1.05398   0.45002   0.70815   0.59095   0.93952   0.11826   0.43532   0.12407   0.10788   0.50703   0.57155   0.51548   0.75184   0.45748   0.32756   0.14549   0.00834   0.00243   0.15374   0.64051   0.22090   1.33263   0.12143   1.30104   0.11883   0.34765   0.13401   0.19361   0.48991   0.06570   0.06670   0.40075   0.36396   0.25059   0.28869   0.20829   0.13888   0.59483   0.53927   1.13042   0.08219   0.81012   0.10643   0.63462   0.07535   1.34135   0.26226   0.13229   0.41870   0.42453   0.20886   0.34354   0.08608   0.46497   0.65219   1.64503   2.60640   0.20600   0.02707  
 33 142.2321 156274.755357  x:  1.94364   0.40378   0.33896   0.43300   0.39810   0.08873   0.83699   0.17715   0.46379   0.45300   0.95500   1.57658   1.06570   0.45101   0.70745   0.59657   0.93693   0.11482   0.42991   0.11892   0.11151   0.50405   0.57119   0.51627   0.74387   0.45924   0.33428   0.14612   0.00827   0.00242   0.15159   0.63601   0.22367   1.37112   0.11398   1.29123   0.11886   0.34386   0.13673   0.18566   0.49428   0.06440   0.06545   0.39913   0.35881   0.25645   0.28436   0.20693   0.14401   0.59316   0.52284   1.12474   0.08147   0.79319   0.10802   0.63861   0.07281   1.33458   0.26492   0.13450   0.40816   0.42865   0.20037   0.35062   0.08304   0.46538   0.65437   1.63703   2.59952   0.19086   0.02699  
 34 66.4143 156274.049370  x:  1.94795   0.39854   0.33777   0.43602   0.40098   0.09025   0.83329   0.17725   0.46418   0.45247   0.95686   1.56989   1.07015   0.45225   0.70094   0.59908   0.93594   0.11387   0.43436   0.12434   0.10709   0.50120   0.56776   0.51436   0.74029   0.46454   0.33536   0.14298   0.00828   0.00242   0.15491   0.63204   0.22368   1.38718   0.11677   1.28483   0.11815   0.33773   0.13779   0.18963   0.49709   0.06417   0.06670   0.40031   0.36307   0.24731   0.28519   0.20958   0.14025   0.59773   0.51662   1.12547   0.08170   0.78101   0.10846   0.64236   0.07385   1.33067   0.26306   0.13534   0.41035   0.43191   0.19927   0.34989   0.08456   0.46516   0.64994   1.63462   2.58909   0.17915   0.02699  
 35 42.1532 156273.069138  x:  1.95114   0.39086   0.33090   0.43989   0.40261   0.08980   0.83309   0.17984   0.46560   0.45294   0.95799   1.56579   1.07343   0.45408   0.68789   0.60110   0.93563   0.11607   0.44523   0.12543   0.11285   0.50117   0.56574   0.51144   0.73720   0.47240   0.33375   0.15099   0.00827   0.00241   0.14750   0.62790   0.22050   1.40027   0.11604   1.27593   0.11754   0.33514   0.13686   0.19084   0.49680   0.06362   0.06528   0.40041   0.36251   0.25522   0.28583   0.20716   0.13853   0.60713   0.52197   1.13058   0.08167   0.77008   0.10932   0.64571   0.07470   1.32577   0.26064   0.13317   0.41653   0.43042   0.20495   0.34659   0.08418   0.46685   0.64377   1.63496   2.56486   0.15454   0.02699  
 36 39.9641 156270.994062  x:  1.95474   0.38283   0.32462   0.44006   0.39955   0.09514   0.83866   0.17961   0.46715   0.45365   0.96126   1.56451   1.07685   0.45875   0.66561   0.60437   0.93734   0.11497   0.45847   0.11320   0.11366   0.50404   0.56699   0.50760   0.73391   0.47971   0.33419   0.13655   0.00819   0.00241   0.16155   0.62633   0.21796   1.41289   0.11301   1.26218   0.12197   0.34265   0.13698   0.18613   0.49356   0.06381   0.06487   0.39912   0.35794   0.25934   0.28676   0.20549   0.14018   0.61346   0.53698   1.14293   0.07997   0.76493   0.10969   0.64576   0.07438   1.31944   0.26278   0.12932   0.41669   0.42530   0.20797   0.34721   0.08351   0.47131   0.64312   1.63924   2.50590   0.09233   0.02695  
 37 73.3759 156262.420359  x:  1.96475   0.37221   0.32278   0.43203   0.38955   0.09655   0.86255   0.16349   0.46420   0.45047   0.97666   1.57258   1.08525   0.47708   0.60733   0.61742   0.94547   0.11206   0.47729   0.11506   0.10496   0.51340   0.57763   0.50968   0.73621   0.48193   0.34261   0.15277   0.00789   0.00238   0.14299   0.63335   0.21896   1.43538   0.11489   1.22190   0.13027   0.36657   0.12962   0.18381   0.49043   0.06642   0.07054   0.39879   0.36038   0.23015   0.28542   0.21019   0.13838   0.59748   0.55640   1.18301   0.07336   0.77535   0.11286   0.63394   0.07083   1.30494   0.27550   0.13802   0.40017   0.42503   0.19579   0.35424   0.07842   0.47694   0.65953   1.65949   2.24888  -0.17751   0.02677  
 38 191.3391 156242.971053  x:  1.98596   0.37074   0.34252   0.43480   0.40197   0.09234   0.89486   0.18531   0.45425   0.44990   1.00535   1.60401   1.10231   0.50331   0.54762   0.63962   0.95472   0.12404   0.46314   0.15341   0.10973   0.51205   0.58556   0.52449   0.74357   0.45691   0.34471   0.14058   0.00739   0.00233   0.15868   0.63759   0.22094   1.45540   0.12209   1.16363   0.11955   0.35723   0.12667   0.20662   0.50636   0.05733   0.05942   0.40132   0.36767   0.27758   0.28156   0.20811   0.13998   0.55273   0.53348   1.23879   0.06479   0.80046   0.11088   0.61268   0.08227   1.29162   0.27537   0.15142   0.39482   0.44401   0.18586   0.34726   0.08620   0.46742   0.67175   1.70135   1.62991  -0.80937   0.02652  
 39 560.3029 156199.354865  x:  2.03781   0.39013   0.35987   0.45168   0.42570   0.07243   0.88792   0.19754   0.45013   0.46844   1.04565   1.69619   1.14735   0.51481   0.57626   0.66926   0.95611   0.13395   0.38340   0.10165   0.10201   0.48835   0.56966   0.52549   0.72430   0.41715   0.34165   0.14727   0.00584   0.00216   0.14467   0.62757   0.21636   1.46872   0.12379   1.14195   0.14893   0.30278   0.15735   0.15671   0.51220   0.06203   0.06759   0.40513   0.36329   0.24863   0.29318   0.19999   0.15114   0.56156   0.49862   1.28080   0.03687   0.81856   0.12006   0.61533   0.07975   1.30720   0.25097   0.11181   0.42965   0.44226   0.22775   0.34599   0.08402   0.44323   0.63219   1.75738   0.34388  -2.17551   0.02551  
 40 1027.3258 156165.478870  x:  2.07832   0.39427   0.34664   0.43474   0.40188   0.09007   0.83552   0.17960   0.44065   0.46935   1.04936   1.77011   1.18284   0.49528   0.64447   0.66480   0.93706   0.13154   0.36026   0.13985   0.13003   0.48900   0.55576   0.52207   0.71271   0.42704   0.34351   0.13825   0.00470   0.00203   0.14972   0.61463   0.20793   1.46730   0.11026   1.17439   0.13728   0.30469   0.14133   0.16707   0.49348   0.06190   0.07222   0.39055   0.34851   0.23706   0.26331   0.21662   0.16022   0.60314   0.50829   1.25700   0.01808   0.79763   0.11352   0.63125   0.08221   1.33485   0.25439   0.11992   0.42331   0.42284   0.21523   0.34743   0.08155   0.44759   0.61404   1.78548  -0.59098  -3.17378   0.02479  
 41 1751.8109 156154.969211  x:  2.09218   0.38764   0.33745   0.43114   0.39601   0.08837   0.80468   0.19863   0.44368   0.46926   1.03636   1.79495   1.19463   0.48258   0.66807   0.65007   0.92287   0.13266   0.37296   0.12360   0.10346   0.49439   0.55464   0.51410   0.70271   0.44010   0.34949   0.14262   0.00448   0.00201   0.14559   0.61174   0.22246   1.46728   0.14829   1.20124   0.11568   0.31702   0.15333   0.17167   0.48828   0.05976   0.06728   0.39516   0.35366   0.25334   0.27470   0.20866   0.14457   0.59814   0.51746   1.22502   0.01394   0.77538   0.12142   0.62860   0.07523   1.34682   0.26688   0.13469   0.41312   0.42271   0.20693   0.35450   0.07714   0.45360   0.62807   1.79544  -0.90673  -3.50652   0.02460  
 42 846.8543 156152.457773  x:  2.09499   0.38461   0.34167   0.43707   0.40445   0.08670   0.79704   0.20678   0.44919   0.46869   1.02574   1.80015   1.19598   0.47766   0.66395   0.64193   0.91790   0.13453   0.38641   0.11429   0.11646   0.50208   0.56566   0.51821   0.70169   0.44229   0.35083   0.14232   0.00445   0.00201   0.14595   0.61255   0.23084   1.46828   0.14941   1.21450   0.10216   0.30969   0.15530   0.17430   0.49179   0.05906   0.06825   0.40024   0.35503   0.24321   0.26847   0.21612   0.15446   0.58463   0.52242   1.20290   0.01451   0.76377   0.12067   0.62035   0.07705   1.34989   0.27190   0.12813   0.41716   0.42583   0.21382   0.36075   0.07249   0.45268   0.64136   1.79928  -0.97616  -3.57563   0.02459  
 43 179.0915 156151.233139  x:  2.09648   0.38513   0.34600   0.44068   0.40936   0.08867   0.79503   0.20075   0.45192   0.46629   1.01558   1.80307   1.19639   0.47430   0.65483   0.63837   0.91655   0.13387   0.39626   0.11987   0.11132   0.50426   0.57209   0.52245   0.70402   0.44233   0.35155   0.14216   0.00441   0.00200   0.14597   0.61403   0.23325   1.47082   0.13979   1.22871   0.11462   0.30706   0.15560   0.17076   0.49604   0.05957   0.06802   0.40018   0.35377   0.24513   0.27213   0.21314   0.15594   0.57546   0.52479   1.18219   0.01336   0.75719   0.12377   0.61559   0.07671   1.35189   0.27000   0.12391   0.42311   0.42939   0.21566   0.35893   0.07332   0.45215   0.64685   1.80064  -0.99999  -3.60033   0.02458  
 44 78.3057 156148.990474  x:  2.09967   0.39816   0.34956   0.43325   0.39899   0.08676   0.80887   0.19302   0.45612   0.46758   0.99287   1.80865   1.19587   0.47738   0.62400   0.64535   0.92431   0.13960   0.39493   0.11702   0.10221   0.49847   0.57555   0.52807   0.70980   0.43256   0.35102   0.14250   0.00442   0.00200   0.14559   0.61762   0.23495   1.48323   0.14829   1.25585   0.11056   0.30069   0.15703   0.17160   0.49559   0.05886   0.06885   0.39295   0.35165   0.24863   0.26429   0.21761   0.16043   0.58249   0.52626   1.14037   0.01439   0.75620   0.12238   0.61524   0.07878   1.35629   0.26294   0.12825   0.42792   0.42600   0.21459   0.35827   0.07304   0.45474   0.63566   1.80381  -1.00524  -3.61380   0.02452  
 45 33.7434 156146.683408  x:  2.10340   0.41205   0.34614   0.43406   0.39738   0.08741   0.81951   0.20009   0.45319   0.46676   0.97008   1.81462   1.19624   0.47999   0.60211   0.65230   0.93093   0.13921   0.39060   0.11887   0.11497   0.49550   0.57201   0.52649   0.71229   0.42912   0.34999   0.14083   0.00435   0.00200   0.14598   0.61811   0.23124   1.49384   0.13991   1.27811   0.10074   0.30776   0.16293   0.16895   0.49349   0.06046   0.06799   0.39751   0.35540   0.24278   0.27566   0.20917   0.14824   0.58650   0.52147   1.10981   0.01431   0.75937   0.12438   0.61733   0.07636   1.36012   0.26417   0.12679   0.41791   0.42329   0.20966   0.35643   0.07579   0.45728   0.62649   1.80584  -0.99758  -3.61489   0.02444  
 46 70.8439 156141.691819  x:  2.11091   0.43266   0.33055   0.44808   0.41346   0.08671   0.81979   0.20765   0.43499   0.45974   0.92942   1.82710   1.19948   0.48446   0.59513   0.65927   0.93494   0.13908   0.38331   0.11449   0.11750   0.49626   0.55203   0.50645   0.70284   0.44049   0.34683   0.14297   0.00435   0.00201   0.14498   0.61066   0.22747   1.51027   0.13709   1.30354   0.12361   0.32249   0.16095   0.18298   0.48953   0.05805   0.06693   0.40738   0.35297   0.24546   0.26496   0.21663   0.14911   0.58539   0.51336   1.08943   0.01508   0.76526   0.11401   0.61933   0.07354   1.36365   0.28045   0.13198   0.40030   0.42795   0.21659   0.35466   0.07480   0.45160   0.62990   1.81147  -0.96109  -3.58682   0.02435  
 47 57.1474 156125.416985  x:  2.13692   0.47385   0.31298   0.44319   0.41785   0.10421   0.78149   0.19036   0.42194   0.46549   0.83052   1.86774   1.21688   0.49220   0.63680   0.65806   0.92542   0.13444   0.38809   0.14962   0.10822   0.51281   0.52616   0.48031   0.67558   0.48274   0.35103   0.14088   0.00435   0.00205   0.14692   0.59351   0.22850   1.54434   0.14275   1.33332   0.09749   0.32174   0.15707   0.15182   0.49035   0.06412   0.07061   0.38939   0.34535   0.25253   0.27704   0.20550   0.16388   0.56588   0.52042   1.10426   0.02141   0.77028   0.12437   0.61713   0.06545   1.36687   0.28183   0.12117   0.41301   0.43665   0.21361   0.34718   0.07731   0.44073   0.66243   1.82941  -0.80954  -3.46394   0.02397  
 48 109.9973 156110.963394  x:  2.16035   0.47704   0.32432   0.41811   0.39346   0.10177   0.73824   0.20705   0.44121   0.47680   0.77768   1.90366   1.23880   0.48184   0.68942   0.63702   0.90103   0.12639   0.40064   0.13829   0.11553   0.51417   0.55378   0.50618   0.66011   0.48881   0.36810   0.14184   0.00435   0.00209   0.14620   0.58885   0.22771   1.55374   0.12125   1.34461   0.12919   0.32890   0.15898   0.17836   0.50121   0.05831   0.06635   0.39364   0.36602   0.25278   0.28253   0.20055   0.13317   0.56017   0.53062   1.12707   0.02571   0.74528   0.11980   0.61394   0.07997   1.36716   0.25347   0.13609   0.41661   0.43077   0.19631   0.34300   0.08066   0.45246   0.65982   1.85088  -0.67049  -3.34476   0.02370  
 49 212.3609 156103.514869  x:  2.17514   0.45146   0.34003   0.43980   0.40861   0.10110   0.72125   0.20496   0.43619   0.45431   0.80730   1.92507   1.25983   0.46574   0.71432   0.61995   0.88186   0.12740   0.41260   0.14855   0.10109   0.50084   0.58018   0.53295   0.67548   0.46160   0.37235   0.14102   0.00436   0.00210   0.14689   0.59090   0.22620   1.53823   0.12402   1.34065   0.12435   0.34543   0.15471   0.17384   0.50122   0.06018   0.06754   0.40470   0.35014   0.25581   0.28638   0.19760   0.13090   0.57524   0.54009   1.12127   0.02874   0.71282   0.12289   0.61169   0.07396   1.36999   0.26729   0.13751   0.39076   0.42689   0.20233   0.34633   0.08055   0.46407   0.63056   1.86155  -0.59429  -3.28084   0.02357  
 50 135.1392 156099.281670  x:  2.18781   0.41161   0.32143   0.43981   0.40004   0.10430   0.72327   0.20711   0.43606   0.44975   0.88469   1.94185   1.28412   0.45407   0.72005   0.61834   0.87337   0.12646   0.41897   0.14359   0.10640   0.49972   0.57362   0.51616   0.68437   0.44702   0.36868   0.14094   0.00434   0.00211   0.14655   0.59055   0.22873   1.50903   0.12118   1.33865   0.12821   0.35619   0.15537   0.17142   0.49559   0.06063   0.06781   0.38811   0.36067   0.25573   0.28546   0.19655   0.13263   0.56818   0.53296   1.08638   0.03004   0.69307   0.12197   0.60593   0.07186   1.37617   0.27710   0.13530   0.40239   0.44427   0.19033   0.33380   0.08529   0.46297   0.63039   1.86371  -0.54432  -3.24764   0.02345  
 51 87.0915 156097.788394  x:  2.19326   0.39105   0.31814   0.43386   0.39603   0.10746   0.72217   0.20433   0.43794   0.45464   0.92336   1.94838   1.29531   0.45356   0.71796   0.62206   0.87221   0.12611   0.41849   0.14951   0.10570   0.50190   0.56456   0.50812   0.67999   0.45376   0.36807   0.14047   0.00435   0.00211   0.14661   0.58917   0.23068   1.49433   0.12025   1.33876   0.12952   0.35014   0.15763   0.17623   0.49700   0.05988   0.06708   0.39781   0.35359   0.25623   0.28729   0.19532   0.12719   0.56036   0.53271   1.06636   0.03082   0.69443   0.12296   0.60217   0.07372   1.37768   0.26745   0.13462   0.39667   0.43156   0.19884   0.34253   0.08147   0.46068   0.63470   1.86283  -0.52655  -3.23626   0.02340  
 52 79.7480 156097.470029  x:  2.19456   0.38419   0.32291   0.43532   0.40107   0.10534   0.71864   0.20549   0.43588   0.45390   0.93316   1.94960   1.29782   0.45527   0.71560   0.62376   0.87239   0.12621   0.41584   0.14873   0.10609   0.50274   0.56381   0.51139   0.67206   0.46250   0.36893   0.14052   0.00435   0.00211   0.14654   0.58777   0.22849   1.48995   0.12043   1.34000   0.12932   0.34821   0.15794   0.17391   0.49801   0.06031   0.06736   0.39712   0.35429   0.25572   0.28670   0.19552   0.12844   0.56091   0.53727   1.05967   0.03084   0.70099   0.12344   0.60190   0.07428   1.37623   0.26359   0.13946   0.39508   0.42952   0.19441   0.33812   0.08327   0.46248   0.63496   1.86218  -0.52390  -3.23381   0.02340  
 53 29.4128 156097.348051  x:  2.19495   0.38140   0.32452   0.43419   0.39979   0.10556   0.71577   0.20602   0.43561   0.45333   0.93621   1.94972   1.29818   0.45724   0.71397   0.62419   0.87254   0.12637   0.41331   0.14993   0.10542   0.50284   0.56544   0.51522   0.66787   0.46683   0.36946   0.14058   0.00435   0.00211   0.14660   0.58673   0.22774   1.48851   0.12043   1.34170   0.12950   0.34856   0.15831   0.17509   0.49776   0.06013   0.06723   0.39480   0.35630   0.25631   0.28718   0.19555   0.12744   0.56181   0.53758   1.05776   0.03089   0.70534   0.12266   0.60289   0.07309   1.37389   0.26755   0.13623   0.39607   0.43268   0.19683   0.34051   0.08223   0.46375   0.63338   1.86246  -0.52408  -3.23318   0.02340  
 54 12.7453 156097.020445  x:  2.19585   0.37981   0.31979   0.43589   0.39656   0.10727   0.71118   0.20573   0.44030   0.45482   0.94062   1.94963   1.29693   0.46187   0.71223   0.62389   0.87305   0.12643   0.40963   0.15055   0.10480   0.50354   0.57033   0.51742   0.66686   0.46870   0.37013   0.14076   0.00436   0.00212   0.14666   0.58580   0.22895   1.48833   0.12107   1.34956   0.12841   0.35190   0.15815   0.17465   0.49774   0.06037   0.06721   0.40355   0.35052   0.25577   0.28676   0.19591   0.12944   0.56286   0.53376   1.05939   0.03090   0.70904   0.12210   0.60587   0.07308   1.36472   0.26904   0.13622   0.40033   0.43620   0.19540   0.33702   0.08345   0.46488   0.63292   1.86473  -0.52656  -3.23512   0.02341  
 55  5.8984 156094.993981  x:  2.20298   0.38095   0.31053   0.44707   0.40006   0.11010   0.70134   0.20748   0.44487   0.45372   0.96094   1.95122   1.29072   0.47586   0.71084   0.62412   0.87709   0.12648   0.40554   0.15205   0.10476   0.50520   0.57946   0.51337   0.67686   0.46705   0.37233   0.14046   0.00436   0.00214   0.14666   0.58589   0.23068   1.49306   0.12009   1.39364   0.12603   0.35469   0.15779   0.17177   0.49819   0.06006   0.06743   0.38973   0.35992   0.25679   0.28561   0.19615   0.13182   0.56553   0.52801   1.07697   0.03099   0.71022   0.12050   0.61310   0.07757   1.32136   0.26107   0.14028   0.39532   0.42423   0.19713   0.34401   0.08054   0.46059   0.63711   1.87476  -0.53960  -3.25538   0.02342  
 56 19.2401 156090.182717  x:  2.22310   0.37971   0.33434   0.42225   0.39575   0.10324   0.70953   0.21142   0.42018   0.45064   0.98636   1.95975   1.28580   0.47860   0.71710   0.62985   0.88412   0.12981   0.41416   0.14975   0.10987   0.50003   0.56064   0.50535   0.68622   0.46251   0.37203   0.13944   0.00432   0.00217   0.14671   0.58770   0.22333   1.50602   0.12073   1.45900   0.12296   0.33464   0.15692   0.17598   0.49759   0.05958   0.06794   0.39645   0.35014   0.25354   0.28256   0.19581   0.12348   0.56574   0.54682   1.11131   0.03155   0.70247   0.11974   0.60561   0.07552   1.27404   0.27395   0.13517   0.39353   0.43109   0.19468   0.33270   0.08346   0.45267   0.63551   1.88707  -0.56505  -3.31243   0.02334  
 57 48.4464 156075.766672  x:  2.28610   0.34482   0.34221   0.42293   0.41380   0.10571   0.75918   0.19149   0.43523   0.50266   0.98113   1.99139   1.30109   0.45163   0.73008   0.64412   0.88559   0.13817   0.41251   0.16018   0.11821   0.49631   0.51443   0.52465   0.64489   0.45546   0.36596   0.13761   0.00424   0.00228   0.14543   0.58101   0.24278   1.52903   0.12432   1.49000   0.11652   0.36508   0.14778   0.17416   0.47938   0.06000   0.06898   0.38420   0.34569   0.24914   0.27297   0.19701   0.13658   0.54938   0.53647   1.15233   0.03183   0.70832   0.11271   0.57200   0.08388   1.31001   0.26963   0.13251   0.38699   0.43217   0.19169   0.33638   0.07887   0.46745   0.59259   1.91474  -0.64935  -3.48528   0.02329  
 58 55.0189 156053.658352  x:  2.38456   0.37026   0.30730   0.43444   0.36934   0.11525   0.78709   0.20682   0.40326   0.43669   0.97565   2.04692   1.35648   0.44741   0.73337   0.66668   0.89128   0.14977   0.39767   0.17003   0.11695   0.52149   0.56008   0.52531   0.61992   0.47233   0.37559   0.13401   0.00415   0.00245   0.14471   0.58214   0.25660   1.54456   0.12827   1.43324   0.11957   0.34471   0.15072   0.16740   0.48642   0.05776   0.07353   0.37359   0.33301   0.23928   0.25709   0.19971   0.13472   0.55758   0.52798   1.16518   0.03326   0.73279   0.10321   0.57956   0.08186   1.43407   0.25985   0.12956   0.39267   0.39944   0.19180   0.32543   0.08170   0.42831   0.58070   1.94914  -0.77503  -3.74917   0.02310  
 59 164.2200 156044.746448  x:  2.42551   0.42026   0.32324   0.42685   0.38048   0.11505   0.74376   0.20237   0.43199   0.45831   0.97265   2.07175   1.40329   0.48413   0.71940   0.66370   0.89607   0.15878   0.38939   0.17289   0.12657   0.49908   0.56266   0.50289   0.66271   0.47756   0.36937   0.13342   0.00419   0.00254   0.14517   0.57842   0.24692   1.53078   0.13257   1.36785   0.13132   0.33056   0.15527   0.16795   0.46258   0.06172   0.07389   0.37124   0.33378   0.23816   0.25219   0.20089   0.13094   0.57555   0.54544   1.14433   0.03437   0.74043   0.10223   0.59962   0.07572   1.47474   0.26795   0.12889   0.37721   0.41043   0.18950   0.32108   0.08050   0.42672   0.59936   1.96837  -0.83360  -3.85047   0.02313  
 60 142.1917 156042.914836  x:  2.43652   0.43043   0.32544   0.41857   0.38403   0.11475   0.72700   0.20386   0.41307   0.46432   0.96177   2.08179   1.43188   0.50476   0.71812   0.65831   0.90046   0.15568   0.39051   0.17027   0.12851   0.49562   0.55101   0.50357   0.67766   0.47504   0.37314   0.13358   0.00417   0.00255   0.14473   0.58392   0.24715   1.51933   0.13453   1.34528   0.13047   0.34871   0.15419   0.16695   0.47954   0.05891   0.07492   0.37058   0.33275   0.23602   0.25005   0.20190   0.13404   0.57356   0.54505   1.13202   0.03394   0.73937   0.10096   0.59924   0.07834   1.46557   0.26346   0.12618   0.38953   0.40453   0.19174   0.32284   0.07864   0.43164   0.59279   1.96598  -0.84512  -3.87208   0.02313  
 61 68.6067 156041.856285  x:  2.44670   0.43122   0.31645   0.42149   0.37936   0.11688   0.72801   0.20260   0.40778   0.46529   0.93974   2.09540   1.47420   0.51562   0.72288   0.65105   0.90626   0.15520   0.39239   0.16750   0.12629   0.50613   0.54580   0.51271   0.67727   0.46768   0.36675   0.13294   0.00414   0.00255   0.14436   0.58665   0.23960   1.50290   0.13431   1.32498   0.13137   0.33850   0.15563   0.16680   0.46774   0.05999   0.07481   0.36871   0.33126   0.23512   0.24853   0.20145   0.13406   0.56914   0.54211   1.12057   0.03383   0.73852   0.10100   0.59151   0.07918   1.43279   0.26248   0.12711   0.38336   0.40547   0.19055   0.32105   0.07881   0.43054   0.58723   1.95797  -0.84620  -3.89054   0.02307  
 62 38.4464 156041.547638  x:  2.45000   0.43446   0.31913   0.42073   0.37851   0.11599   0.73370   0.20145   0.41682   0.45879   0.93151   2.10047   1.49166   0.50841   0.72329   0.64776   0.90497   0.15690   0.39140   0.16894   0.12762   0.50034   0.54606   0.50637   0.67138   0.46753   0.36455   0.13279   0.00413   0.00256   0.14431   0.58551   0.23925   1.49524   0.13579   1.31747   0.13151   0.34021   0.15532   0.16618   0.47312   0.05930   0.07502   0.36761   0.33068   0.23447   0.24756   0.20148   0.13363   0.56895   0.54161   1.11675   0.03375   0.74005   0.10044   0.59117   0.07874   1.41556   0.26532   0.12662   0.38344   0.40229   0.19019   0.32005   0.07893   0.42855   0.58686   1.95642  -0.84571  -3.89680   0.02306  
 63 26.4492 156041.482654  x:  2.45075   0.43748   0.31952   0.42051   0.37923   0.11560   0.73538   0.20161   0.41453   0.45885   0.93057   2.10146   1.49593   0.50346   0.72224   0.64823   0.90308   0.15686   0.39052   0.16975   0.12780   0.49811   0.54815   0.50422   0.66992   0.46844   0.36736   0.13270   0.00413   0.00256   0.14418   0.58546   0.24330   1.49309   0.13561   1.31570   0.13141   0.34081   0.15525   0.16633   0.46961   0.05965   0.07479   0.36805   0.33041   0.23454   0.24765   0.20144   0.13376   0.56924   0.54225   1.11608   0.03375   0.74018   0.10032   0.59223   0.07975   1.41084   0.26295   0.12604   0.38421   0.40390   0.19032   0.32099   0.07857   0.42937   0.58689   1.95587  -0.84598  -3.89768   0.02306  
 64 11.8533 156041.446419  x:  2.45112   0.44044   0.31846   0.42074   0.37928   0.11572   0.73563   0.20121   0.41253   0.46263   0.93101   2.10164   1.49755   0.49863   0.72109   0.65067   0.90065   0.15743   0.39054   0.16945   0.12744   0.49909   0.54946   0.50585   0.67055   0.46916   0.36676   0.13276   0.00413   0.00256   0.14423   0.58341   0.24370   1.49196   0.13588   1.31499   0.13153   0.34045   0.15541   0.16625   0.47131   0.05948   0.07487   0.36794   0.33058   0.23452   0.24775   0.20141   0.13362   0.56946   0.54227   1.11585   0.03378   0.74011   0.10014   0.59315   0.07941   1.40872   0.26420   0.12622   0.38385   0.40332   0.19013   0.32070   0.07871   0.42900   0.58735   1.95563  -0.84624  -3.89793   0.02306  
 65  4.9263 156041.282032  x:  2.45227   0.44118   0.31877   0.42123   0.37938   0.11577   0.73386   0.20175   0.41673   0.45797   0.92975   2.10055   1.49925   0.49441   0.71891   0.66133   0.89123   0.15761   0.38998   0.16812   0.12721   0.50413   0.54197   0.51138   0.67552   0.46927   0.37072   0.13272   0.00414   0.00257   0.14426   0.58510   0.24475   1.48987   0.13622   1.31495   0.13156   0.34132   0.15556   0.16624   0.47107   0.05949   0.07472   0.36843   0.33092   0.23469   0.24804   0.20130   0.13343   0.57186   0.54181   1.11609   0.03383   0.74068   0.10018   0.59299   0.07989   1.40639   0.26361   0.12553   0.38445   0.40396   0.19112   0.32017   0.07867   0.42843   0.59002   1.95553  -0.84684  -3.89932   0.02305  
 66  2.3551 156040.079772  x:  2.46115   0.42862   0.32365   0.42088   0.38254   0.11455   0.73281   0.20291   0.41614   0.45497   0.92056   2.09406   1.50530   0.50768   0.71626   0.68748   0.85722   0.15552   0.39214   0.16620   0.12470   0.50454   0.55159   0.50025   0.68332   0.46861   0.35337   0.13279   0.00416   0.00262   0.14324   0.58492   0.25235   1.48551   0.13378   1.32152   0.13156   0.33906   0.15565   0.16648   0.47016   0.05868   0.07341   0.36911   0.33079   0.23468   0.24979   0.19969   0.13292   0.56320   0.54311   1.11852   0.03412   0.74399   0.09953   0.59358   0.07904   1.40564   0.26528   0.12677   0.38772   0.40337   0.18587   0.32384   0.07778   0.43148   0.58272   1.95013  -0.84427  -3.91635   0.02295  
 67  6.2521 156037.111640  x:  2.48076   0.42464   0.31989   0.42516   0.37972   0.11402   0.73650   0.19977   0.41176   0.46419   0.91915   2.07732   1.50999   0.52024   0.70829   0.68827   0.82961   0.15594   0.40827   0.16186   0.12367   0.48155   0.56478   0.49786   0.67701   0.47380   0.36659   0.13229   0.00420   0.00276   0.14218   0.60200   0.22861   1.48095   0.14141   1.33300   0.12926   0.34229   0.15571   0.16601   0.47339   0.05742   0.07263   0.36642   0.33119   0.23449   0.25139   0.19546   0.13383   0.55055   0.53074   1.11913   0.03442   0.74295   0.10025   0.58531   0.07983   1.40523   0.25858   0.12075   0.37640   0.41057   0.19805   0.30983   0.07905   0.42412   0.58798   1.94275  -0.83754  -3.95860   0.02270  
 68 23.9916 156031.656480  x:  2.51205   0.44010   0.32702   0.43034   0.39205   0.10873   0.74288   0.20197   0.41161   0.46199   0.93391   2.04292   1.50832   0.52409   0.68645   0.64002   0.85787   0.15921   0.42136   0.16003   0.11702   0.49061   0.55348   0.51413   0.66089   0.46999   0.37032   0.13212   0.00435   0.00303   0.13851   0.59402   0.24918   1.47616   0.13872   1.33966   0.13387   0.33851   0.15989   0.16633   0.46622   0.05560   0.06751   0.37109   0.33187   0.23640   0.26039   0.18632   0.12801   0.55245   0.51488   1.11840   0.03662   0.73094   0.10200   0.57801   0.07637   1.39835   0.27441   0.12190   0.39568   0.39465   0.18497   0.31471   0.07604   0.41869   0.60174   1.94269  -0.82875  -4.03101   0.02227  
 69 45.2063 156030.210794  x:  2.51973   0.43764   0.33310   0.42742   0.39234   0.10606   0.73970   0.20323   0.41492   0.45728   0.93505   2.03369   1.50657   0.51363   0.68376   0.63245   0.88597   0.15981   0.42300   0.15741   0.11276   0.50673   0.55348   0.51286   0.66605   0.47232   0.36143   0.13224   0.00436   0.00310   0.13751   0.58444   0.25682   1.47563   0.13930   1.33933   0.13179   0.34582   0.15867   0.16525   0.47311   0.05414   0.06693   0.37020   0.33114   0.23543   0.26099   0.18442   0.12771   0.54680   0.51635   1.11705   0.03676   0.72829   0.10112   0.58746   0.07943   1.39480   0.26101   0.11756   0.38510   0.41029   0.19093   0.31065   0.07652   0.41601   0.59785   1.94415  -0.82598  -4.05088   0.02215  
 70 57.2405 156029.902372  x:  2.52089   0.42954   0.33368   0.42931   0.39250   0.10642   0.73452   0.20347   0.41564   0.45762   0.93130   2.03137   1.50545   0.50398   0.68565   0.64001   0.90414   0.16076   0.42212   0.15652   0.11272   0.50461   0.55626   0.51038   0.67389   0.47660   0.36556   0.13214   0.00437   0.00312   0.13747   0.58822   0.25594   1.47562   0.13978   1.33766   0.13217   0.34387   0.15912   0.16580   0.47144   0.05434   0.06667   0.37027   0.33155   0.23574   0.26150   0.18407   0.12848   0.54045   0.51555   1.11654   0.03691   0.72879   0.10103   0.58886   0.07802   1.39272   0.26458   0.11804   0.38721   0.40696   0.19023   0.30993   0.07659   0.41806   0.59497   1.94528  -0.82594  -4.05450   0.02213  
 71 23.2620 156029.877874  x:  2.52092   0.42896   0.33317   0.42945   0.39221   0.10669   0.73343   0.20362   0.41525   0.45731   0.93102   2.03117   1.50533   0.50325   0.68628   0.64210   0.90664   0.16033   0.42286   0.15633   0.11282   0.50204   0.55686   0.51131   0.67426   0.47721   0.36335   0.13215   0.00437   0.00312   0.13745   0.58849   0.25735   1.47563   0.13959   1.33742   0.13211   0.34425   0.15919   0.16567   0.47154   0.05426   0.06662   0.37031   0.33150   0.23572   0.26153   0.18400   0.12821   0.54242   0.51504   1.11639   0.03691   0.72911   0.10124   0.58573   0.07850   1.39241   0.26414   0.11802   0.38707   0.40742   0.19028   0.31002   0.07645   0.41744   0.59654   1.94542  -0.82592  -4.05482   0.02213  
 72  6.4048 156029.797284  x:  2.52052   0.43052   0.33316   0.42694   0.39465   0.10671   0.73024   0.20373   0.41543   0.45817   0.93151   2.02996   1.50433   0.50202   0.68627   0.64535   0.90823   0.16063   0.42540   0.15737   0.11263   0.50530   0.55824   0.50913   0.66820   0.47323   0.36097   0.13209   0.00437   0.00312   0.13757   0.59614   0.25690   1.47493   0.13973   1.33682   0.13230   0.34460   0.15933   0.16562   0.47176   0.05429   0.06664   0.37045   0.33156   0.23587   0.26152   0.18405   0.12799   0.54480   0.51383   1.11543   0.03694   0.72830   0.10132   0.58618   0.07838   1.39148   0.26460   0.11805   0.38685   0.40754   0.19041   0.31002   0.07648   0.41781   0.59643   1.94579  -0.82615  -4.05569   0.02214  
 73  0.8078 156028.618060  x:  2.51623   0.42972   0.33270   0.43638   0.38156   0.10586   0.71815   0.20351   0.41178   0.45499   0.92806   2.01726   1.49511   0.49720   0.68418   0.64644   0.90548   0.15975   0.43388   0.15585   0.11378   0.49005   0.54521   0.51581   0.65289   0.46279   0.35013   0.13132   0.00431   0.00317   0.13682   0.60011   0.26215   1.46964   0.13784   1.33473   0.13105   0.34347   0.15709   0.16628   0.46879   0.05427   0.06580   0.36887   0.32964   0.23471   0.25973   0.18384   0.12768   0.53204   0.51872   1.10701   0.03704   0.72230   0.09997   0.60516   0.07642   1.38491   0.26210   0.11871   0.38432   0.40529   0.18775   0.31059   0.07615   0.41461   0.59777   1.94506  -0.81851  -4.08009   0.02226  
 74  3.1116 156021.616974  x:  2.49194   0.40249   0.33123   0.41121   0.37456   0.10083   0.68022   0.19676   0.40200   0.43737   0.89763   1.94748   1.44370   0.46674   0.66818   0.61256   0.86965   0.15439   0.42718   0.14527   0.10764   0.48569   0.53853   0.49239   0.64520   0.46560   0.35559   0.12681   0.00390   0.00346   0.13240   0.55298   0.25397   1.44253   0.13427   1.32460   0.12486   0.33789   0.14907   0.16586   0.45140   0.05380   0.06209   0.35755   0.31922   0.22989   0.25076   0.18032   0.12413   0.53086   0.48762   1.05909   0.03737   0.68967   0.10014   0.56955   0.07715   1.34780   0.25577   0.12018   0.36876   0.39083   0.18152   0.30310   0.07531   0.40826   0.57584   1.93574  -0.77270  -4.22340   0.02292  
 75 35.1195 156021.486484  x:  2.49121   0.40272   0.32792   0.40698   0.37785   0.10134   0.68285   0.19684   0.40257   0.43609   0.89750   1.94613   1.44231   0.46589   0.66766   0.60953   0.86789   0.15437   0.42072   0.14459   0.10717   0.48428   0.53835   0.49579   0.64734   0.47292   0.35043   0.12671   0.00389   0.00346   0.13235   0.55983   0.25436   1.44215   0.13399   1.32407   0.12472   0.33793   0.14876   0.16555   0.45098   0.05392   0.06205   0.35732   0.31892   0.22971   0.25058   0.18026   0.12424   0.52876   0.48817   1.05856   0.03741   0.68382   0.10037   0.57047   0.07711   1.34675   0.25579   0.12026   0.36827   0.39068   0.18115   0.30318   0.07543   0.40709   0.57509   1.93635  -0.77161  -4.22626   0.02293  
 76 14.8013 156021.471554  x:  2.49099   0.40271   0.32968   0.40928   0.37577   0.10084   0.68317   0.19670   0.40216   0.43694   0.89742   1.94588   1.44201   0.46574   0.66740   0.60890   0.86749   0.15444   0.41913   0.14475   0.10720   0.48528   0.53808   0.49490   0.64767   0.47430   0.34956   0.12670   0.00389   0.00346   0.13237   0.56168   0.25437   1.44202   0.13398   1.32383   0.12481   0.33821   0.14874   0.16553   0.45118   0.05391   0.06204   0.35735   0.31898   0.22975   0.25058   0.18028   0.12418   0.52941   0.48807   1.05851   0.03742   0.68265   0.10054   0.56965   0.07724   1.34652   0.25583   0.12019   0.36836   0.39081   0.18111   0.30328   0.07543   0.40722   0.57526   1.93655  -0.77161  -4.22637   0.02293  
 77  3.2491 156014.929368  x:  2.39709   0.39552   0.31515   0.39300   0.36095   0.09710   0.66263   0.18662   0.38903   0.42798   0.87439   1.84173   1.32364   0.44384   0.63638   0.59625   0.82752   0.14598   0.39234   0.13837   0.11136   0.46791   0.51723   0.47869   0.63401   0.45382   0.33386   0.12452   0.00354   0.00387   0.13340   0.55532   0.23706   1.38961   0.12497   1.25205   0.11948   0.32473   0.13392   0.16178   0.43675   0.05581   0.06642   0.34830   0.31144   0.22233   0.23924   0.18659   0.12715   0.52879   0.47916   1.04827   0.03598   0.68884   0.09561   0.55856   0.07586   1.31490   0.24888   0.11873   0.36079   0.37687   0.17934   0.30205   0.07609   0.40151   0.55573   1.92735  -0.67370  -4.33677   0.02283  
 78  0.3193 156013.091383  x:  2.32050   0.39185   0.30704   0.39871   0.36581   0.09804   0.67326   0.18965   0.38928   0.42725   0.86711   1.82418   1.26946   0.44564   0.62992   0.58948   0.82833   0.14165   0.38880   0.13890   0.10883   0.46754   0.51894   0.47731   0.63587   0.44015   0.33286   0.12633   0.00355   0.00400   0.13345   0.55851   0.23149   1.36425   0.12300   1.22703   0.12038   0.32004   0.13668   0.15868   0.44374   0.05461   0.06589   0.35164   0.31519   0.22400   0.24625   0.18161   0.12380   0.52073   0.48298   1.04450   0.03580   0.69946   0.09845   0.55319   0.07520   1.29327   0.24752   0.11679   0.36441   0.38377   0.18027   0.30143   0.07516   0.40343   0.56088   1.92023  -0.54097  -4.23385   0.02311  
 79  0.1892 156012.461765  x:  2.27008   0.38814   0.30559   0.39755   0.36421   0.09967   0.66677   0.18956   0.38637   0.42587   0.85643   1.82836   1.25755   0.44714   0.63315   0.59153   0.82503   0.13987   0.38525   0.14293   0.10778   0.46510   0.51577   0.47337   0.62726   0.43632   0.33497   0.12507   0.00350   0.00418   0.13154   0.55024   0.22990   1.35316   0.12448   1.22397   0.12048   0.31723   0.14011   0.15714   0.44230   0.05283   0.06442   0.34850   0.31213   0.22230   0.24390   0.17814   0.12266   0.51727   0.48278   1.02978   0.03612   0.68335   0.09805   0.55223   0.07478   1.27684   0.24586   0.11606   0.36190   0.38230   0.17823   0.29818   0.07197   0.40155   0.56075   1.92414  -0.50065  -4.23692   0.02314  
 80  0.0550 156012.269246  x:  2.24598   0.38832   0.30757   0.39712   0.36452   0.10084   0.67181   0.18960   0.38777   0.42735   0.86125   1.83181   1.25987   0.45017   0.63890   0.59499   0.82737   0.14028   0.38694   0.14499   0.10846   0.46641   0.51796   0.47587   0.62864   0.44094   0.33730   0.12512   0.00346   0.00426   0.13192   0.54940   0.23191   1.35892   0.12613   1.22664   0.12192   0.31938   0.14207   0.15866   0.44285   0.05342   0.06487   0.34915   0.31252   0.22263   0.24332   0.18058   0.12415   0.52104   0.48512   1.03245   0.03638   0.68216   0.09680   0.55470   0.07506   1.28352   0.24684   0.11686   0.36178   0.38219   0.17878   0.29923   0.07249   0.40273   0.56139   1.92507  -0.47700  -4.21043   0.02314  
 81  0.0363 156012.196268  x:  2.23022   0.38917   0.30739   0.39605   0.36362   0.09931   0.67204   0.18900   0.38681   0.42639   0.86111   1.82334   1.27028   0.45022   0.63862   0.59386   0.82526   0.14041   0.38710   0.14376   0.10860   0.46548   0.51730   0.47505   0.62756   0.44035   0.33606   0.12497   0.00337   0.00433   0.13192   0.54929   0.23163   1.35923   0.12538   1.22282   0.12195   0.31968   0.14228   0.15770   0.44131   0.05379   0.06505   0.34879   0.31243   0.22219   0.24322   0.18012   0.12338   0.51873   0.48322   1.03114   0.03662   0.68294   0.09672   0.55195   0.07452   1.28137   0.24655   0.11624   0.36113   0.38098   0.17841   0.29832   0.07338   0.40030   0.55888   1.92476  -0.40146  -4.15577   0.02313  
 82  0.0558 156012.172946  x:  2.22390   0.38955   0.30713   0.39682   0.36394   0.09901   0.66894   0.18906   0.38729   0.42636   0.86171   1.82193   1.27425   0.44865   0.63725   0.59373   0.82598   0.14088   0.38767   0.14349   0.10865   0.46578   0.51691   0.47512   0.62799   0.44027   0.33594   0.12518   0.00338   0.00436   0.13205   0.54989   0.23182   1.36045   0.12515   1.22712   0.12109   0.31917   0.14138   0.15788   0.44146   0.05343   0.06490   0.34876   0.31235   0.22250   0.24331   0.17985   0.12367   0.51858   0.48345   1.03159   0.03684   0.68316   0.09687   0.55271   0.07467   1.28287   0.24658   0.11642   0.36150   0.38141   0.17856   0.29865   0.07298   0.40090   0.55939   1.92479  -0.33440  -4.09105   0.02313  
 83  0.0512 156012.157951  x:  2.22232   0.38922   0.30688   0.39651   0.36369   0.09971   0.67027   0.18930   0.38703   0.42619   0.86098   1.82434   1.27932   0.44888   0.63633   0.59281   0.82583   0.14072   0.38657   0.14355   0.10834   0.46549   0.51713   0.47489   0.62798   0.44012   0.33578   0.12501   0.00339   0.00438   0.13182   0.54950   0.23088   1.35957   0.12519   1.22703   0.12094   0.31868   0.14079   0.15805   0.44179   0.05358   0.06494   0.34871   0.31216   0.22209   0.24334   0.18000   0.12329   0.51916   0.48324   1.03284   0.03719   0.68291   0.09696   0.55221   0.07506   1.28460   0.24640   0.11646   0.36127   0.38140   0.17840   0.29866   0.07280   0.40167   0.55956   1.92486  -0.22145  -3.97683   0.02314  
 84  0.0585 156012.130597  x:  2.22497   0.38822   0.30727   0.39649   0.36416   0.10006   0.67070   0.18943   0.38696   0.42667   0.86139   1.82285   1.27770   0.44812   0.63744   0.59381   0.82628   0.14016   0.38661   0.14333   0.10838   0.46570   0.51719   0.47528   0.62812   0.43935   0.33590   0.12490   0.00334   0.00443   0.13180   0.55026   0.23103   1.36022   0.12514   1.22733   0.12129   0.31880   0.14081   0.15808   0.44176   0.05365   0.06495   0.34875   0.31241   0.22241   0.24324   0.18007   0.12355   0.51948   0.48351   1.03248   0.03825   0.68310   0.09661   0.55287   0.07470   1.28486   0.24663   0.11642   0.36171   0.38137   0.17860   0.29867   0.07299   0.40102   0.55987   1.92531   0.02583  -3.72569   0.02313  
 85  0.0893 156012.118897  x:  2.23020   0.38883   0.30748   0.39671   0.36404   0.09960   0.67011   0.18924   0.38729   0.42676   0.86165   1.82407   1.27382   0.44914   0.63824   0.59324   0.82596   0.14034   0.38740   0.14354   0.10872   0.46589   0.51723   0.47531   0.62827   0.44062   0.33615   0.12519   0.00333   0.00445   0.13198   0.54987   0.23187   1.36037   0.12539   1.22651   0.12128   0.31871   0.14151   0.15800   0.44159   0.05354   0.06495   0.34897   0.31242   0.22236   0.24344   0.17994   0.12367   0.51944   0.48367   1.03170   0.03887   0.68316   0.09636   0.55308   0.07449   1.28344   0.24658   0.11645   0.36160   0.38140   0.17868   0.29876   0.07302   0.40083   0.55973   1.92504   0.09145  -3.65841   0.02313  
 86  0.0572 156012.114852  x:  2.22812   0.38949   0.30711   0.39662   0.36384   0.09934   0.67005   0.18916   0.38717   0.42638   0.86114   1.82450   1.27332   0.44891   0.63732   0.59357   0.82594   0.14083   0.38723   0.14368   0.10861   0.46578   0.51715   0.47508   0.62802   0.44042   0.33600   0.12512   0.00334   0.00446   0.13199   0.54973   0.23167   1.35967   0.12533   1.22659   0.12089   0.31842   0.14128   0.15797   0.44163   0.05359   0.06499   0.34871   0.31233   0.22227   0.24326   0.18006   0.12349   0.51898   0.48339   1.03217   0.03924   0.68284   0.09630   0.55238   0.07479   1.28365   0.24652   0.11642   0.36143   0.38138   0.17850   0.29863   0.07295   0.40121   0.55950   1.92481   0.11793  -3.63469   0.02313  
 87  0.0181 156012.113746  x:  2.22854   0.38949   0.30711   0.39668   0.36392   0.09950   0.67019   0.18921   0.38722   0.42650   0.86116   1.82406   1.27409   0.44911   0.63758   0.59360   0.82611   0.14086   0.38705   0.14354   0.10860   0.46567   0.51707   0.47516   0.62803   0.44028   0.33605   0.12509   0.00333   0.00445   0.13193   0.54979   0.23139   1.35964   0.12519   1.22645   0.12102   0.31843   0.14121   0.15797   0.44167   0.05360   0.06497   0.34884   0.31235   0.22232   0.24331   0.18005   0.12354   0.51916   0.48360   1.03210   0.03952   0.68281   0.09625   0.55262   0.07477   1.28377   0.24653   0.11640   0.36155   0.38139   0.17862   0.29871   0.07297   0.40119   0.55952   1.92481   0.14220  -3.60937   0.02313  
 88  0.0174 156012.113509  x:  2.22799   0.38934   0.30717   0.39664   0.36392   0.09950   0.67022   0.18919   0.38717   0.42649   0.86119   1.82373   1.27396   0.44898   0.63754   0.59359   0.82602   0.14074   0.38706   0.14351   0.10859   0.46575   0.51713   0.47511   0.62804   0.44032   0.33603   0.12511   0.00334   0.00445   0.13196   0.54975   0.23143   1.35995   0.12518   1.22651   0.12094   0.31842   0.14122   0.15799   0.44166   0.05358   0.06497   0.34880   0.31239   0.22231   0.24327   0.18005   0.12357   0.51912   0.48352   1.03210   0.03955   0.68292   0.09625   0.55257   0.07474   1.28368   0.24650   0.11644   0.36152   0.38142   0.17857   0.29870   0.07296   0.40114   0.55962   1.92487   0.13812  -3.61340   0.02313  
 89  0.0038 156012.113446  x:  2.22760   0.38928   0.30717   0.39663   0.36392   0.09950   0.67018   0.18919   0.38716   0.42650   0.86116   1.82376   1.27410   0.44896   0.63743   0.59354   0.82600   0.14068   0.38708   0.14352   0.10860   0.46574   0.51711   0.47511   0.62805   0.44030   0.33602   0.12511   0.00334   0.00444   0.13196   0.54977   0.23143   1.35996   0.12519   1.22646   0.12090   0.31839   0.14122   0.15800   0.44165   0.05358   0.06497   0.34880   0.31237   0.22230   0.24328   0.18005   0.12356   0.51914   0.48349   1.03212   0.03959   0.68295   0.09625   0.55259   0.07472   1.28366   0.24650   0.11644   0.36151   0.38141   0.17858   0.29869   0.07296   0.40113   0.55960   1.92489   0.14679  -3.60467   0.02313  
 90  0.0103 156012.113395  x:  2.22751   0.38929   0.30716   0.39663   0.36392   0.09949   0.67014   0.18921   0.38718   0.42651   0.86112   1.82390   1.27412   0.44898   0.63738   0.59351   0.82601   0.14066   0.38710   0.14354   0.10862   0.46571   0.51708   0.47514   0.62806   0.44028   0.33602   0.12511   0.00334   0.00443   0.13195   0.54980   0.23145   1.35983   0.12522   1.22643   0.12091   0.31839   0.14123   0.15799   0.44165   0.05359   0.06498   0.34881   0.31235   0.22230   0.24330   0.18005   0.12355   0.51916   0.48350   1.03212   0.03958   0.68294   0.09624   0.55262   0.07473   1.28367   0.24652   0.11642   0.36152   0.38139   0.17859   0.29868   0.07296   0.40112   0.55955   1.92487   0.14289  -3.60848   0.02313  
 91  0.0030 156012.113353  x:  2.22756   0.38929   0.30716   0.39662   0.36392   0.09947   0.67017   0.18921   0.38717   0.42651   0.86113   1.82380   1.27398   0.44898   0.63743   0.59353   0.82599   0.14069   0.38707   0.14354   0.10860   0.46574   0.51711   0.47512   0.62806   0.44030   0.33602   0.12510   0.00335   0.00443   0.13195   0.54978   0.23147   1.35981   0.12523   1.22649   0.12095   0.31840   0.14122   0.15799   0.44165   0.05358   0.06497   0.34879   0.31236   0.22231   0.24328   0.18005   0.12356   0.51912   0.48351   1.03212   0.03959   0.68293   0.09623   0.55258   0.07474   1.28370   0.24651   0.11642   0.36151   0.38139   0.17858   0.29869   0.07297   0.40111   0.55959   1.92484   0.14581  -3.60566   0.02313  
 92  0.0019 156012.113343  x:  2.22755   0.38931   0.30715   0.39663   0.36391   0.09949   0.67015   0.18920   0.38717   0.42649   0.86114   1.82375   1.27401   0.44897   0.63744   0.59354   0.82600   0.14072   0.38708   0.14353   0.10861   0.46573   0.51710   0.47512   0.62804   0.44030   0.33603   0.12510   0.00335   0.00442   0.13195   0.54976   0.23145   1.35985   0.12522   1.22644   0.12094   0.31839   0.14122   0.15799   0.44165   0.05358   0.06497   0.34880   0.31236   0.22230   0.24328   0.18004   0.12355   0.51913   0.48350   1.03210   0.03959   0.68292   0.09624   0.55258   0.07474   1.28365   0.24650   0.11642   0.36151   0.38140   0.17858   0.29868   0.07296   0.40113   0.55957   1.92485   0.14535  -3.60631   0.02313  
 93  0.0005 156012.113342  x:  2.22759   0.38931   0.30716   0.39663   0.36392   0.09950   0.67016   0.18920   0.38717   0.42649   0.86114   1.82377   1.27401   0.44898   0.63745   0.59353   0.82600   0.14071   0.38708   0.14353   0.10861   0.46572   0.51710   0.47512   0.62804   0.44030   0.33602   0.12510   0.00335   0.00442   0.13195   0.54977   0.23145   1.35985   0.12522   1.22645   0.12093   0.31839   0.14122   0.15799   0.44164   0.05358   0.06497   0.34879   0.31236   0.22230   0.24328   0.18005   0.12356   0.51913   0.48350   1.03210   0.03959   0.68292   0.09624   0.55258   0.07473   1.28365   0.24651   0.11642   0.36151   0.38139   0.17858   0.29868   0.07296   0.40113   0.55957   1.92486   0.14548  -3.60622   0.02313  
 94  0.0001 156012.113342  x:  2.22760   0.38931   0.30716   0.39663   0.36392   0.09949   0.67016   0.18920   0.38717   0.42649   0.86114   1.82378   1.27401   0.44898   0.63744   0.59354   0.82600   0.14071   0.38708   0.14353   0.10861   0.46572   0.51710   0.47512   0.62804   0.44030   0.33602   0.12510   0.00335   0.00442   0.13195   0.54977   0.23145   1.35984   0.12522   1.22645   0.12093   0.31839   0.14122   0.15799   0.44164   0.05358   0.06497   0.34879   0.31236   0.22230   0.24328   0.18004   0.12355   0.51913   0.48350   1.03210   0.03959   0.68292   0.09624   0.55258   0.07473   1.28366   0.24650   0.11642   0.36151   0.38139   0.17858   0.29868   0.07296   0.40112   0.55957   1.92486   0.14551  -3.60621   0.02313  
 95  0.0000 156012.113342  x:  2.22760   0.38931   0.30716   0.39663   0.36392   0.09949   0.67016   0.18920   0.38717   0.42649   0.86114   1.82378   1.27401   0.44898   0.63744   0.59353   0.82600   0.14071   0.38708   0.14353   0.10861   0.46572   0.51710   0.47512   0.62804   0.44030   0.33602   0.12510   0.00335   0.00442   0.13195   0.54977   0.23145   1.35984   0.12522   1.22645   0.12093   0.31839   0.14122   0.15799   0.44164   0.05358   0.06497   0.34879   0.31236   0.22230   0.24328   0.18004   0.12356   0.51913   0.48350   1.03210   0.03959   0.68292   0.09624   0.55258   0.07473   1.28366   0.24651   0.11642   0.36151   0.38139   0.17858   0.29868   0.07296   0.40112   0.55957   1.92486   0.14551  -3.60622   0.02313  
 96  0.0000 156012.113342  x:  2.22760   0.38931   0.30716   0.39663   0.36392   0.09949   0.67016   0.18920   0.38717   0.42649   0.86114   1.82378   1.27401   0.44898   0.63744   0.59353   0.82600   0.14071   0.38708   0.14353   0.10861   0.46572   0.51710   0.47512   0.62804   0.44030   0.33602   0.12510   0.00335   0.00442   0.13195   0.54977   0.23145   1.35985   0.12522   1.22645   0.12093   0.31839   0.14122   0.15799   0.44164   0.05358   0.06497   0.34879   0.31236   0.22230   0.24328   0.18004   0.12356   0.51913   0.48350   1.03210   0.03959   0.68291   0.09624   0.55258   0.07473   1.28366   0.24651   0.11642   0.36151   0.38139   0.17858   0.29868   0.07296   0.40112   0.55957   1.92486   0.14551  -3.60622   0.02313  