

TREE # 1

  0  0.0000 176850.766523  x:  1.93008   0.38762   0.31616   0.40622   0.36157   0.10063   0.76570   0.18691   0.50595   0.41567   0.82710   1.65034   1.15308   0.44253   0.60335   0.59829   0.79141   0.14567   0.39396   0.13702   0.12211   0.45131   0.53418   0.46895   0.61484   0.44119   0.34474   0.13164   0.00343   0.00448   0.13101   0.52479   0.22332   1.26404   0.13132   1.18031   0.13010   0.34248   0.14101   0.16779   0.44159   0.05445   0.06636   0.35148   0.30752   0.22266   0.24627   0.18051   0.11955   0.50518   0.53216   1.01344   0.12459   0.66048   0.09885   0.53839   0.08353   1.24556   0.25896   0.11185   0.36294   0.37832   0.17904   0.29025   0.07521   0.39852   0.54566   2.00000   1.24381   0.14178   0.26475  
  1 99.0000 158659.835785  x:  1.92835   0.38549   0.31446   0.40491   0.36054   0.09884   0.76385   0.18531   0.50420   0.41444   0.82534   1.64868   1.15114   0.44059   0.60150   0.59663   0.78971   0.14357   0.39210   0.13572   0.12061   0.44993   0.53276   0.46758   0.61352   0.43935   0.34342   0.13187   0.00598   0.00572   0.13112   0.52360   0.22104   1.26245   0.12914   1.17878   0.12814   0.34049   0.13982   0.16727   0.44119   0.05482   0.06707   0.35150   0.30767   0.22274   0.24662   0.18115   0.11941   0.50472   0.53122   1.01226   0.12310   0.65957   0.09788   0.53764   0.08262   1.24425   0.25788   0.11196   0.36229   0.37782   0.17878   0.29064   0.07582   0.39881   0.54579   2.00529   1.23857   0.14716   0.03516  
  2 79123.6944 158395.235774  x:  1.92941   0.38685   0.31736   0.40932   0.36610   0.10168   0.76542   0.18875   0.50588   0.41905   0.82744   1.65009   1.15214   0.44192   0.60321   0.59942   0.79219   0.14497   0.39375   0.13997   0.12415   0.45406   0.53683   0.47134   0.61761   0.44118   0.34722   0.14254   0.00621   0.00760   0.14145   0.52840   0.22227   1.26457   0.13085   1.18116   0.13041   0.33630   0.14338   0.17316   0.44845   0.06501   0.07852   0.36086   0.31758   0.23249   0.25735   0.19330   0.12817   0.51197   0.53594   1.01618   0.12543   0.66439   0.10321   0.54322   0.08843   1.24735   0.26192   0.12074   0.36895   0.38499   0.18693   0.30113   0.08763   0.40883   0.55504   2.00606   1.29175   0.09507   0.02606  
  3 5362.5858 158214.559500  x:  1.91643   0.37015   0.30591   0.40294   0.36363   0.08879   0.75101   0.17848   0.49188   0.41370   0.81503   1.63817   1.13716   0.42674   0.58950   0.58864   0.78073   0.12827   0.37949   0.13352   0.11464   0.44707   0.52933   0.46372   0.61117   0.42739   0.34029   0.15173   0.01753   0.00000   0.14933   0.52411   0.20410   1.25397   0.11386   1.17130   0.11571   0.31136   0.13625   0.17345   0.45301   0.07425   0.09196   0.37108   0.32929   0.24222   0.27078   0.20975   0.13583   0.51675   0.53317   1.01120   0.11403   0.66267   0.09945   0.54322   0.08606   1.24022   0.25638   0.13020   0.37078   0.38873   0.19215   0.31560   0.10251   0.42275   0.56721   2.05249   1.31769   0.07185   0.02682  
  4 2396.6224 157976.226198  x:  1.87750   0.32016   0.27171   0.38379   0.35615   0.05046   0.70781   0.14786   0.44996   0.39763   0.77784   1.60243   1.09223   0.38133   0.54843   0.55631   0.74637   0.07841   0.33680   0.11427   0.08631   0.42613   0.50681   0.44089   0.59184   0.38611   0.31948   0.17847   0.04852   0.02063   0.17214   0.51123   0.14977   1.22218   0.06324   1.14171   0.07192   0.23675   0.11495   0.17397   0.46636   0.10098   0.13099   0.40116   0.36375   0.27063   0.31014   0.25794   0.15838   0.53080   0.52474   0.99622   0.08015   0.65746   0.08822   0.54312   0.07887   1.21880   0.23971   0.15797   0.37600   0.39965   0.20730   0.35823   0.14599   0.46390   0.60326   2.19118   1.39404   0.00360   0.02948  
  5 108388.0235 157860.311762  x:  1.86315   0.30421   0.26456   0.37875   0.35517   0.04970   0.69345   0.14387   0.43654   0.39442   0.76597   1.58957   1.07597   0.36850   0.53557   0.54616   0.73497   0.06926   0.32450   0.11248   0.08289   0.42110   0.50065   0.43556   0.58686   0.37399   0.31359   0.17462   0.00000   0.02005   0.16762   0.50817   0.13639   1.21183   0.05772   1.13219   0.06820   0.21379   0.11147   0.17063   0.46833   0.09742   0.12808   0.40547   0.36842   0.27098   0.31274   0.26011   0.16280   0.53442   0.52141   0.99160   0.07880   0.65689   0.08903   0.54364   0.07808   1.21137   0.23407   0.16055   0.37595   0.40147   0.20688   0.36434   0.14667   0.47207   0.61155   2.23126   1.41991  -0.01986   0.02946  
  6 2929.7828 157675.428111  x:  1.79868   0.24388   0.25379   0.36369   0.35677   0.09461   0.63559   0.15404   0.38556   0.39014   0.72056   1.53307   1.00438   0.32911   0.48803   0.50818   0.68932   0.07263   0.28464   0.12447   0.09459   0.40882   0.48113   0.42332   0.57256   0.33360   0.29482   0.12151   0.01183   0.01936   0.11323   0.50078   0.10796   1.17061   0.08855   1.09454   0.10099   0.13713   0.11593   0.14515   0.46647   0.04102   0.06072   0.39970   0.36032   0.23928   0.28319   0.21734   0.16804   0.54356   0.50504   0.97427   0.11319   0.65859   0.10748   0.54662   0.08129   1.17971   0.21148   0.14534   0.36792   0.40052   0.18419   0.35708   0.09796   0.48184   0.62854   2.36810   1.53344  -0.12544   0.02894  
  7 2073.9023 157607.740558  x:  1.74841   0.21476   0.24999   0.35307   0.35356   0.10340   0.59723   0.16269   0.35983   0.38864   0.69483   1.48989   0.95083   0.31814   0.46296   0.48759   0.66077   0.10752   0.27336   0.13160   0.10059   0.40211   0.46819   0.41672   0.56248   0.32040   0.28877   0.15739   0.00905   0.01911   0.15565   0.49637   0.12055   1.13954   0.10535   1.06564   0.11514   0.15002   0.13891   0.14083   0.46043   0.06669   0.05727   0.38160   0.34226   0.22597   0.25248   0.18387   0.15690   0.53637   0.48577   0.96076   0.11863   0.65390   0.09719   0.53823   0.07786   1.15433   0.19830   0.12548   0.35396   0.38801   0.16344   0.33167   0.05199   0.46399   0.61731   2.42798   1.58532  -0.17667   0.02907  
  8 1235.0816 157560.691373  x:  1.67994   0.20663   0.25309   0.34471   0.34790   0.09264   0.55925   0.17270   0.34900   0.39111   0.67725   1.43292   0.88199   0.31993   0.44473   0.47559   0.63546   0.14249   0.28045   0.13540   0.10195   0.39866   0.45734   0.41194   0.55136   0.32446   0.28834   0.12324   0.00674   0.01941   0.12417   0.49272   0.15546   1.09947   0.10747   1.02800   0.11157   0.19325   0.15260   0.13805   0.44136   0.07725   0.09289   0.35312   0.31485   0.22875   0.24392   0.19025   0.13366   0.51512   0.45981   0.94151   0.10086   0.64259   0.07652   0.52103   0.08213   1.12148   0.20189   0.12108   0.34043   0.36955   0.16783   0.30568   0.06925   0.43131   0.58734   2.44899   1.63202  -0.22617   0.02907  
  9 787.8508 157533.900564  x:  1.61769   0.21913   0.25969   0.34212   0.34306   0.08454   0.53933   0.17660   0.35199   0.39228   0.67294   1.38312   0.82404   0.32259   0.43730   0.47554   0.62318   0.14309   0.29085   0.13226   0.09868   0.39789   0.45270   0.40878   0.54247   0.33348   0.29060   0.13762   0.00578   0.01906   0.13557   0.48932   0.17292   1.06573   0.10004   0.99702   0.10265   0.19823   0.13900   0.13446   0.42163   0.04371   0.07271   0.33389   0.29608   0.22054   0.24909   0.19773   0.12679   0.49702   0.44615   0.92271   0.09002   0.63163   0.08533   0.50701   0.08513   1.09345   0.21111   0.12767   0.33568   0.35874   0.17942   0.29469   0.09171   0.40500   0.55780   2.43047   1.65992  -0.25582   0.02903  
 10 703.5175 157503.191692  x:  1.50847   0.25027   0.26853   0.34167   0.33519   0.08351   0.52454   0.17463   0.36148   0.38784   0.67342   1.29949   0.73150   0.32356   0.43332   0.48413   0.61322   0.11199   0.30292   0.12295   0.09340   0.39712   0.44965   0.40431   0.52945   0.34467   0.29084   0.13318   0.00622   0.01870   0.12734   0.48036   0.17768   1.01229   0.09129   0.95020   0.09912   0.17451   0.11226   0.15406   0.40987   0.07652   0.06118   0.33430   0.30196   0.21964   0.24791   0.18490   0.14721   0.47752   0.43962   0.89198   0.09893   0.61270   0.10679   0.48635   0.07496   1.04756   0.21414   0.12589   0.33194   0.34876   0.17849   0.28499   0.08618   0.37491   0.51597   2.35985   1.68968  -0.28754   0.02913  
 11 692.1221 157482.861659  x:  1.40956   0.26225   0.26204   0.34117   0.32986   0.08216   0.52679   0.16557   0.36035   0.37717   0.67027   1.22995   0.66361   0.32260   0.43556   0.49092   0.60989   0.09354   0.30179   0.12234   0.09608   0.39432   0.44865   0.40200   0.52379   0.34323   0.28629   0.13321   0.00586   0.01866   0.13356   0.47087   0.16670   0.97334   0.10051   0.91911   0.11282   0.17347   0.12184   0.14074   0.40445   0.05355   0.08459   0.35116   0.31756   0.22271   0.24106   0.18114   0.14787   0.47126   0.44375   0.87156   0.10881   0.59756   0.08515   0.47675   0.07319   1.01400   0.20609   0.11674   0.33173   0.35120   0.16630   0.29683   0.07885   0.39153   0.51579   2.27831   1.70274  -0.30419   0.02923  
 12 551.6672 157472.283854  x:  1.34154   0.25556   0.25141   0.34024   0.32898   0.08048   0.53425   0.16171   0.35496   0.37144   0.66375   1.18791   0.63271   0.32147   0.43810   0.49098   0.60846   0.10318   0.29448   0.12378   0.09477   0.39001   0.44703   0.39953   0.52369   0.33538   0.28268   0.13130   0.00587   0.01861   0.13108   0.46656   0.15553   0.95323   0.10227   0.90493   0.11401   0.17857   0.13651   0.13500   0.41399   0.06723   0.06296   0.34674   0.30985   0.21970   0.24366   0.19049   0.14094   0.47595   0.44785   0.86367   0.10208   0.59337   0.08199   0.48191   0.08545   0.99889   0.20461   0.12182   0.33366   0.35775   0.16699   0.30582   0.07846   0.41180   0.53304   2.22194   1.70488  -0.30977   0.02932  
 13 453.6212 157467.793732  x:  1.29723   0.24072   0.24796   0.34019   0.33260   0.08484   0.54060   0.16641   0.35296   0.37519   0.65782   1.16811   0.63271   0.32035   0.43740   0.48582   0.60767   0.11500   0.28667   0.12406   0.09274   0.38751   0.44635   0.39796   0.52684   0.32711   0.28306   0.13349   0.00610   0.01855   0.12966   0.46923   0.15293   0.94840   0.09856   0.90401   0.10702   0.17334   0.12987   0.13950   0.42007   0.06143   0.07574   0.34177   0.30589   0.22140   0.24536   0.18709   0.13704   0.48487   0.44886   0.86420   0.09367   0.59826   0.09758   0.49175   0.08041   0.99761   0.20374   0.12383   0.33269   0.35853   0.17018   0.29946   0.07385   0.41149   0.54513   2.19314   1.70390  -0.31157   0.02937  
 14 212.1767 157464.456940  x:  1.25077   0.22589   0.24860   0.33897   0.33587   0.08211   0.54214   0.16588   0.35264   0.38084   0.65478   1.15466   0.65027   0.31795   0.43288   0.47805   0.60730   0.11169   0.28076   0.12247   0.09358   0.38746   0.44679   0.39754   0.53080   0.32052   0.28393   0.13221   0.00614   0.01851   0.13186   0.47494   0.15701   0.95127   0.09881   0.91125   0.10658   0.17489   0.12311   0.14541   0.42149   0.06102   0.07020   0.34133   0.30803   0.22086   0.24663   0.18654   0.14017   0.49261   0.44691   0.87004   0.09994   0.60518   0.08458   0.49713   0.06953   1.00383   0.20221   0.12021   0.33044   0.35497   0.17253   0.29499   0.08268   0.40146   0.54975   2.17699   1.70351  -0.31543   0.02937  
 15 146.3863 157461.618053  x:  1.20306   0.22097   0.25180   0.33649   0.33524   0.08118   0.53927   0.16182   0.35151   0.38134   0.65706   1.14480   0.67495   0.31459   0.42811   0.47229   0.60731   0.10387   0.28072   0.12072   0.09295   0.38786   0.44642   0.39741   0.53317   0.31931   0.28210   0.13289   0.00625   0.01847   0.13195   0.47828   0.15926   0.95735   0.09797   0.92132   0.10728   0.17600   0.12411   0.13973   0.41741   0.06254   0.07114   0.34578   0.31285   0.22155   0.24491   0.18913   0.13874   0.49217   0.44298   0.87683   0.10281   0.61070   0.08619   0.49945   0.08544   1.01362   0.20837   0.12177   0.33080   0.35380   0.17333   0.29503   0.07896   0.39300   0.54583   2.17224   1.70122  -0.31851   0.02940  
 16 157.0786 157458.005083  x:  1.14372   0.23067   0.25611   0.33622   0.33241   0.08618   0.53456   0.16263   0.35190   0.37723   0.66711   1.13666   0.70887   0.31308   0.42740   0.47254   0.60927   0.10721   0.28936   0.12214   0.09288   0.38927   0.44611   0.39912   0.53429   0.32644   0.27873   0.13406   0.00614   0.01846   0.12922   0.47851   0.15793   0.96757   0.09633   0.93424   0.10495   0.17176   0.13092   0.13500   0.41263   0.06428   0.06986   0.34685   0.31065   0.22063   0.24307   0.18743   0.13938   0.48537   0.44150   0.88432   0.09039   0.61062   0.08815   0.49165   0.07617   1.02514   0.20280   0.12275   0.33427   0.35618   0.16765   0.30396   0.07821   0.39979   0.53921   2.17765   1.69860  -0.32455   0.02937  
 17 153.6665 157455.609778  x:  1.11299   0.23927   0.25063   0.33886   0.33147   0.07919   0.53301   0.16595   0.35363   0.37484   0.67310   1.13497   0.72430   0.31466   0.43138   0.47813   0.61126   0.11254   0.29194   0.12153   0.09235   0.38932   0.44563   0.39933   0.53121   0.33046   0.27889   0.13127   0.00584   0.01856   0.13226   0.47515   0.15383   0.97339   0.09848   0.93893   0.10604   0.17468   0.13081   0.14338   0.41610   0.06145   0.07265   0.34197   0.30573   0.22115   0.24734   0.18861   0.14288   0.48200   0.44542   0.88456   0.10445   0.60676   0.09412   0.48736   0.07654   1.02896   0.20183   0.12246   0.33313   0.35719   0.16801   0.30245   0.07821   0.41016   0.53778   2.18825   1.69350  -0.32766   0.02942  
 18 110.2541 157451.571132  x:  1.08704   0.24921   0.24529   0.34614   0.33495   0.08243   0.53821   0.17330   0.35899   0.37761   0.67915   1.13975   0.73397   0.32171   0.44174   0.49119   0.61567   0.11356   0.28960   0.12394   0.09712   0.39131   0.44829   0.40117   0.52622   0.33251   0.28612   0.13238   0.00571   0.01854   0.13216   0.47077   0.15066   0.98008   0.10072   0.93936   0.10337   0.17204   0.11647   0.14477   0.42571   0.06194   0.07250   0.34065   0.30750   0.22186   0.24543   0.18429   0.13700   0.48216   0.45365   0.87867   0.10128   0.59672   0.07993   0.48637   0.08544   1.02945   0.20794   0.12359   0.33081   0.35842   0.17546   0.29175   0.07467   0.41648   0.54110   2.20334   1.68525  -0.33580   0.02942  
 19 86.2666 157436.486763  x:  1.04611   0.25652   0.24412   0.35378   0.34201   0.09758   0.56038   0.16734   0.36424   0.38902   0.68610   1.17052   0.73664   0.34516   0.47082   0.52343   0.62586   0.09473   0.27623   0.13036   0.09361   0.39637   0.45674   0.40524   0.51758   0.32916   0.31034   0.13925   0.00503   0.01872   0.12628   0.46277   0.15433   0.99768   0.10183   0.93194   0.10992   0.19669   0.13170   0.13526   0.43618   0.06347   0.06486   0.35326   0.32600   0.22244   0.24080   0.19565   0.12860   0.49450   0.47240   0.85945   0.09497   0.58194   0.10328   0.50117   0.07138   1.01880   0.21101   0.11003   0.32652   0.35655   0.17900   0.28276   0.08485   0.39987   0.55683   2.23682   1.64879  -0.36882   0.02951  
 20 105.8242 157382.055885  x:  0.99847   0.24324   0.26306   0.34008   0.34180   0.07504   0.61108   0.13262   0.35669   0.40450   0.69663   1.28759   0.71835   0.39506   0.52960   0.56907   0.64155   0.10561   0.29113   0.14566   0.09217   0.41156   0.47817   0.42199   0.53293   0.33969   0.33719   0.11245   0.00349   0.01861   0.14735   0.46113   0.17306   1.04853   0.09024   0.91144   0.11446   0.16633   0.17018   0.14825   0.41924   0.05587   0.07102   0.35786   0.31142   0.21780   0.24417   0.16775   0.15736   0.52733   0.48067   0.82642   0.09470   0.58899   0.08968   0.54276   0.07347   0.99454   0.21907   0.15236   0.36369   0.37411   0.18165   0.32655   0.07156   0.34591   0.57835   2.25692   1.52716  -0.49250   0.02944  
 21 220.1878 157271.106431  x:  0.97927   0.22483   0.30413   0.33106   0.34464   0.08872   0.65624   0.16311   0.35383   0.41505   0.71287   1.45384   0.68724   0.42535   0.57027   0.58477   0.64901   0.11055   0.32472   0.13847   0.09315   0.42370   0.49178   0.43500   0.56425   0.35665   0.33505   0.13780   0.00000   0.01892   0.13579   0.47331   0.18131   1.11427   0.09168   0.90015   0.12091   0.10885   0.16360   0.14201   0.39778   0.07057   0.08030   0.35023   0.29015   0.23398   0.27389   0.20853   0.14780   0.53830   0.45250   0.81403   0.12674   0.63313   0.07256   0.57572   0.08591   0.97849   0.21816   0.12655   0.37289   0.36518   0.14405   0.35135   0.07442   0.35596   0.58649   2.23038   1.34218  -0.69059   0.02944  
 22 703.6056 157271.106431  x:  0.97927   0.22483   0.30413   0.33106   0.34464   0.08872   0.65624   0.16311   0.35383   0.41505   0.71287   1.45384   0.68724   0.42535   0.57027   0.58477   0.64901   0.11055   0.32472   0.13847   0.09315   0.42370   0.49178   0.43500   0.56425   0.35665   0.33505   0.13780   0.00000   0.01892   0.13579   0.47331   0.18131   1.11427   0.09168   0.90015   0.12091   0.10885   0.16360   0.14201   0.39778   0.07057   0.08030   0.35023   0.29015   0.23398   0.27389   0.20853   0.14780   0.53830   0.45250   0.81403   0.12674   0.63313   0.07256   0.57572   0.08591   0.97849   0.21816   0.12655   0.37289   0.36518   0.14405   0.35135   0.07442   0.35596   0.58649   2.23038   1.34218  -0.69059   0.02944  
 23 1581.2861 157241.214367  x:  0.97933   0.22487   0.30415   0.33110   0.34468   0.08874   0.65626   0.16314   0.35387   0.41507   0.71291   1.45386   0.68728   0.42537   0.57028   0.58479   0.64904   0.11057   0.32475   0.13849   0.09318   0.42372   0.49181   0.43502   0.56428   0.35668   0.33507   0.13782   0.00005   0.01867   0.13582   0.47335   0.18133   1.11430   0.09171   0.90020   0.12094   0.10893   0.16362   0.14204   0.39783   0.07059   0.08032   0.35027   0.29020   0.23400   0.27390   0.20854   0.14783   0.53832   0.45253   0.81408   0.12676   0.63316   0.07261   0.57573   0.08593   0.97853   0.21819   0.12658   0.37291   0.36521   0.14411   0.35136   0.07447   0.35602   0.58651   2.23029   1.34244  -0.69085   0.03273  
 24 18661.9361 157158.091161  x:  0.98325   0.22789   0.30529   0.33431   0.34728   0.09058   0.65718   0.16540   0.35639   0.41679   0.71530   1.45522   0.68997   0.42611   0.57106   0.58582   0.65108   0.11185   0.32643   0.14005   0.09526   0.42564   0.49354   0.43681   0.56626   0.35855   0.33633   0.13980   0.00361   0.00120   0.13799   0.47583   0.18276   1.11590   0.09396   0.90324   0.12292   0.11474   0.16507   0.14417   0.40120   0.07201   0.08163   0.35294   0.29405   0.23567   0.27458   0.20933   0.14971   0.53969   0.45485   0.81767   0.12788   0.63523   0.07620   0.57663   0.08789   0.98157   0.22037   0.12890   0.37436   0.36762   0.14811   0.35225   0.07767   0.36069   0.58832   2.22403   1.35984  -0.70830   0.03246  
 25 2904.9702 157085.420033  x:  0.98766   0.23125   0.30655   0.33788   0.35015   0.09262   0.65821   0.16788   0.35919   0.41869   0.71798   1.45675   0.69298   0.42694   0.57193   0.58698   0.65337   0.11327   0.32830   0.14177   0.09754   0.42776   0.49546   0.43880   0.56846   0.36063   0.33774   0.14185   0.01227   0.00000   0.14027   0.47860   0.18437   1.11770   0.09645   0.90664   0.12510   0.12106   0.16664   0.14649   0.40493   0.07352   0.08300   0.35587   0.29828   0.23749   0.27530   0.21016   0.15176   0.54121   0.45742   0.82167   0.12907   0.63754   0.08010   0.57762   0.09002   0.98497   0.22277   0.13143   0.37597   0.37028   0.15248   0.35321   0.08113   0.36583   0.59031   2.21702   1.37917  -0.72769   0.03220  
 26 11597.0392 156488.410979  x:  1.04791   0.27709   0.32367   0.38626   0.38915   0.12008   0.67222   0.20158   0.39726   0.44450   0.75451   1.47766   0.73417   0.43830   0.58386   0.60277   0.68459   0.13256   0.35390   0.16503   0.12834   0.45670   0.52155   0.46589   0.59837   0.38895   0.35682   0.17051   0.00000   0.01631   0.17156   0.51634   0.20616   1.14225   0.13014   0.95298   0.15462   0.20569   0.18756   0.17775   0.45550   0.09349   0.10106   0.39551   0.35538   0.26189   0.28489   0.22126   0.17924   0.56175   0.49227   0.87619   0.14490   0.66884   0.13261   0.59093   0.11847   1.03132   0.25520   0.16537   0.39764   0.40632   0.21140   0.36584   0.12734   0.43537   0.61723   2.12118   1.64134  -0.99063   0.02842  
 27 32630.7478 156307.227785  x:  1.11911   0.31158   0.32655   0.40233   0.39662   0.11289   0.67980   0.20414   0.40848   0.45211   0.78716   1.50196   0.78127   0.45045   0.59717   0.61497   0.71577   0.14520   0.37255   0.16456   0.12304   0.47152   0.53252   0.47946   0.61730   0.41117   0.36262   0.09890   0.00000   0.01556   0.10467   0.53963   0.22112   1.16848   0.13976   0.99414   0.15131   0.16118   0.16527   0.15555   0.45914   0.03880   0.04112   0.38075   0.33767   0.23409   0.25927   0.18631   0.15392   0.56202   0.50336   0.91621   0.11815   0.68166   0.10343   0.58992   0.09165   1.07418   0.25266   0.12964   0.39250   0.40706   0.18447   0.33261   0.06745   0.42958   0.61279   2.02184   1.74270  -1.08843   0.02686  
 28 1378.1171 156304.597306  x:  1.12165   0.31257   0.32649   0.40257   0.39657   0.11241   0.67996   0.20396   0.40859   0.45216   0.78818   1.50282   0.78291   0.45080   0.59758   0.61530   0.71678   0.14546   0.37304   0.16431   0.12259   0.47185   0.53271   0.47975   0.61780   0.41178   0.36267   0.09890   0.00343   0.01554   0.10477   0.54024   0.22150   1.16936   0.13984   0.99549   0.15098   0.15951   0.16448   0.15488   0.45910   0.03804   0.04032   0.38011   0.33693   0.23338   0.25853   0.18547   0.15290   0.56185   0.50351   0.91747   0.11721   0.68197   0.10221   0.58977   0.09059   1.07560   0.25239   0.12833   0.39217   0.40687   0.18336   0.33149   0.06558   0.42905   0.61244   2.01860   1.74531  -1.09093   0.02682  
 29 2693.9092 156243.130386  x:  1.17444   0.32978   0.32293   0.40245   0.39086   0.09924   0.68172   0.19638   0.40643   0.44997   0.80740   1.52052   0.81665   0.45684   0.60515   0.62034   0.73622   0.14798   0.38078   0.15562   0.10928   0.47578   0.53377   0.48311   0.62560   0.42201   0.36122   0.13411   0.00109   0.01518   0.14118   0.54951   0.22699   1.18701   0.13747   1.02207   0.14114   0.12406   0.14817   0.14292   0.45594   0.04012   0.04411   0.36514   0.32034   0.22274   0.24601   0.17410   0.12987   0.55594   0.50313   0.94120   0.09807   0.68625   0.07441   0.58525   0.06728   1.10346   0.24438   0.10084   0.38307   0.39975   0.15825   0.30923   0.03140   0.41338   0.60244   1.95554   1.78450  -1.12847   0.02621  
 30 2714.4091 156200.236848  x:  1.25190   0.34399   0.31222   0.38983   0.37122   0.07704   0.67971   0.17755   0.39230   0.43851   0.82853   1.54597   0.86420   0.46089   0.61270   0.62193   0.75917   0.14234   0.38377   0.13598   0.08556   0.47343   0.52720   0.48059   0.62958   0.42824   0.35082   0.12158   0.00161   0.01507   0.13045   0.55258   0.22754   1.21042   0.12437   1.05641   0.12314   0.11985   0.13833   0.14060   0.44424   0.07392   0.08630   0.34302   0.29936   0.22133   0.24467   0.18568   0.10545   0.54225   0.49506   0.96872   0.09347   0.68813   0.05918   0.57702   0.05355   1.13953   0.23505   0.08926   0.37037   0.38696   0.14432   0.29902   0.07456   0.39287   0.58611   1.88023   1.80200  -1.14636   0.02581  
 31 911.6905 156169.100732  x:  1.33967   0.35111   0.30099   0.37288   0.34816   0.06688   0.67499   0.16098   0.37427   0.42397   0.84592   1.57445   0.91615   0.46095   0.61800   0.61855   0.77952   0.13001   0.38065   0.11781   0.07395   0.46710   0.51638   0.47500   0.63018   0.42787   0.33512   0.12996   0.00126   0.01521   0.13806   0.54942   0.22267   1.23517   0.10841   1.09154   0.10772   0.14900   0.13864   0.14160   0.42462   0.05480   0.07398   0.32380   0.28240   0.21140   0.24790   0.19367   0.10393   0.52782   0.48627   0.99279   0.11070   0.68722   0.08566   0.56873   0.07258   1.17613   0.23415   0.11156   0.36225   0.37761   0.15222   0.29772   0.08196   0.36925   0.56607   1.81655   1.79855  -1.14531   0.02561  
 32 797.3805 156146.691886  x:  1.45333   0.34680   0.29647   0.36324   0.33619   0.09434   0.66762   0.16545   0.36266   0.41433   0.85765   1.61109   0.97975   0.45501   0.62003   0.60656   0.79603   0.11393   0.36961   0.11776   0.10172   0.45879   0.50341   0.46874   0.62914   0.41803   0.31603   0.12791   0.00149   0.01508   0.13332   0.54027   0.21070   1.26500   0.09902   1.13004   0.10066   0.13577   0.13914   0.16349   0.41709   0.06196   0.07533   0.34473   0.31285   0.22747   0.25443   0.19164   0.13849   0.51918   0.47901   1.01170   0.10776   0.67647   0.07941   0.55380   0.07356   1.21434   0.22714   0.13151   0.35920   0.37213   0.16638   0.31188   0.06387   0.36693   0.55388   1.78661   1.78138  -1.13102   0.02547  
 33 470.4891 156129.563784  x:  1.58056   0.33279   0.29375   0.37344   0.34978   0.10330   0.66009   0.17917   0.37014   0.42019   0.86265   1.65263   1.04721   0.44778   0.62154   0.59110   0.80748   0.11407   0.35846   0.13076   0.11165   0.45199   0.49335   0.46310   0.62760   0.40710   0.31104   0.13577   0.00121   0.01511   0.14178   0.53601   0.20093   1.29774   0.10893   1.16715   0.11244   0.13528   0.13728   0.15012   0.42223   0.05114   0.05573   0.35940   0.32389   0.23071   0.25460   0.18656   0.13869   0.51536   0.47505   1.02379   0.10788   0.66610   0.07816   0.54516   0.06801   1.24913   0.22347   0.11489   0.36138   0.37337   0.16288   0.33042   0.09244   0.39988   0.56430   1.80333   1.75559  -1.11063   0.02538  
 34 435.8703 156113.268936  x:  1.72333   0.31551   0.29380   0.39006   0.37196   0.09628   0.65481   0.18987   0.38666   0.43411   0.86494   1.70004   1.11954   0.44232   0.62444   0.57670   0.81703   0.12830   0.35207   0.14443   0.10553   0.45077   0.49113   0.46077   0.62659   0.40066   0.32070   0.13088   0.00146   0.01520   0.13835   0.53939   0.19587   1.33338   0.12056   1.20284   0.12353   0.15035   0.14463   0.14083   0.44064   0.06727   0.07188   0.36458   0.32159   0.23417   0.25748   0.19395   0.12992   0.52125   0.47902   1.03273   0.11496   0.66161   0.09631   0.54747   0.07841   1.28269   0.23168   0.10624   0.37201   0.38609   0.15567   0.32652   0.06425   0.41809   0.57844   1.84618   1.72551  -1.08822   0.02523  
 35 609.5028 156103.740718  x:  1.82093   0.30865   0.30219   0.39577   0.38075   0.08889   0.65882   0.18898   0.39669   0.44405   0.86601   1.73384   1.16438   0.44428   0.62916   0.57500   0.82180   0.14415   0.35833   0.14817   0.09886   0.46102   0.50484   0.46808   0.62847   0.40690   0.34012   0.13384   0.00142   0.01518   0.14021   0.55023   0.20089   1.35620   0.11909   1.21874   0.11672   0.13610   0.14825   0.15469   0.45195   0.06068   0.07623   0.35577   0.31047   0.22969   0.26113   0.19994   0.13243   0.53823   0.49245   1.03414   0.10886   0.66727   0.08660   0.55943   0.07859   1.29847   0.24178   0.13078   0.38672   0.40176   0.17280   0.32262   0.07054   0.41454   0.59131   1.89030   1.70617  -1.07473   0.02507  
 36 398.9548 156098.252583  x:  1.88550   0.31413   0.31758   0.39193   0.37643   0.09769   0.67247   0.18570   0.39720   0.44690   0.86861   1.75841   1.18826   0.45230   0.63603   0.58554   0.82465   0.14867   0.37262   0.14605   0.10535   0.47720   0.52632   0.48296   0.63407   0.42102   0.35543   0.13597   0.00138   0.01527   0.14233   0.56071   0.21254   1.37055   0.11468   1.22130   0.11141   0.14997   0.15462   0.16553   0.45315   0.05876   0.07509   0.35744   0.31863   0.23235   0.26039   0.19426   0.13647   0.55428   0.50524   1.03217   0.11687   0.68404   0.08508   0.57716   0.07058   1.30040   0.24335   0.11954   0.38509   0.39963   0.16764   0.32056   0.07696   0.39967   0.59751   1.92086   1.68855  -1.06411   0.02494  
 37 245.9066 156096.076844  x:  1.91407   0.32249   0.32454   0.39085   0.37353   0.10005   0.68452   0.18538   0.39556   0.44708   0.87119   1.77128   1.19468   0.45948   0.64173   0.59753   0.82631   0.14408   0.38195   0.14344   0.10531   0.48454   0.53614   0.49159   0.63920   0.43044   0.35816   0.13599   0.00139   0.01524   0.14332   0.56392   0.21980   1.37708   0.11617   1.21821   0.11482   0.14024   0.15126   0.15765   0.45109   0.06197   0.07264   0.36377   0.32522   0.23803   0.26531   0.20031   0.13066   0.55812   0.50785   1.03015   0.11773   0.69658   0.09295   0.58814   0.07841   1.29660   0.24690   0.11889   0.38416   0.39737   0.16971   0.32650   0.07800   0.39885   0.59954   1.93035   1.67888  -1.05869   0.02486  
 38 170.1470 156094.714251  x:  1.93432   0.33347   0.32636   0.39476   0.37507   0.09583   0.69799   0.18727   0.39554   0.44816   0.87433   1.78325   1.19409   0.46782   0.64880   0.61278   0.82804   0.13638   0.38910   0.14221   0.10085   0.48717   0.53967   0.49736   0.64565   0.43823   0.35495   0.13645   0.00142   0.01526   0.14366   0.56394   0.22441   1.38217   0.12005   1.21200   0.12222   0.14645   0.15371   0.15421   0.45043   0.06540   0.07275   0.36763   0.32546   0.23859   0.26329   0.19775   0.13162   0.55791   0.50752   1.02958   0.11513   0.70712   0.08606   0.59352   0.07745   1.28909   0.24605   0.12620   0.38685   0.39871   0.17327   0.33289   0.07443   0.40772   0.60097   1.93035   1.66713  -1.05300   0.02483  
 39 107.6083 156094.096329  x:  1.94456   0.34039   0.32524   0.39920   0.37849   0.09393   0.70586   0.18868   0.39782   0.45037   0.87626   1.79183   1.18981   0.47316   0.65399   0.62270   0.82895   0.13433   0.39099   0.14346   0.10169   0.48671   0.53869   0.49883   0.65029   0.44110   0.35232   0.13723   0.00142   0.01525   0.14375   0.56371   0.22390   1.38508   0.12001   1.20651   0.12339   0.14410   0.15597   0.16054   0.45304   0.06153   0.07570   0.36675   0.32348   0.23786   0.26613   0.20137   0.13729   0.55719   0.50738   1.03078   0.11536   0.71212   0.08958   0.59452   0.07674   1.28306   0.24558   0.12397   0.38835   0.40053   0.17021   0.33215   0.07484   0.41368   0.60190   1.92713   1.65971  -1.05061   0.02481  
 40 74.6277 156093.769327  x:  1.95063   0.34407   0.32378   0.40112   0.38047   0.09663   0.70960   0.18845   0.40044   0.45258   0.87728   1.80005   1.18295   0.47663   0.65801   0.62848   0.82928   0.13731   0.38949   0.14460   0.10519   0.48561   0.53643   0.49766   0.65326   0.44094   0.35265   0.13746   0.00142   0.01525   0.14433   0.56493   0.22073   1.38738   0.11798   1.20185   0.12087   0.14361   0.15536   0.16088   0.45717   0.06451   0.07390   0.36590   0.32446   0.23738   0.26492   0.19862   0.13538   0.55643   0.50750   1.03356   0.11667   0.71304   0.09034   0.59337   0.07904   1.27858   0.24759   0.12393   0.39003   0.40357   0.17111   0.32974   0.07661   0.41301   0.60262   1.92390   1.65395  -1.05081   0.02480  
 41 42.3271 156093.534584  x:  1.95514   0.34551   0.32252   0.40096   0.38078   0.09804   0.71096   0.18730   0.40167   0.45362   0.87764   1.80843   1.17516   0.47889   0.66092   0.63153   0.82927   0.13998   0.38710   0.14448   0.10565   0.48492   0.53473   0.49583   0.65477   0.43974   0.35424   0.13736   0.00142   0.01526   0.14457   0.56669   0.21802   1.38970   0.11799   1.19842   0.12043   0.14531   0.15469   0.15847   0.45838   0.06135   0.07523   0.36724   0.32692   0.23920   0.26682   0.20128   0.13355   0.55679   0.50866   1.03685   0.11707   0.71215   0.08806   0.59184   0.07798   1.27527   0.24846   0.12368   0.39056   0.40500   0.17244   0.32941   0.07636   0.41078   0.60356   1.92238   1.64980  -1.05347   0.02480  
 42 46.1935 156093.106722  x:  1.96325   0.34473   0.32093   0.39805   0.37898   0.09619   0.71005   0.18493   0.40081   0.45301   0.87726   1.82812   1.15635   0.48148   0.66471   0.63310   0.82863   0.14125   0.38211   0.14277   0.10191   0.48503   0.53369   0.49265   0.65553   0.43632   0.35771   0.13732   0.00142   0.01525   0.14430   0.57004   0.21477   1.39492   0.12160   1.19342   0.12426   0.14360   0.15562   0.15934   0.45767   0.06337   0.07310   0.36805   0.32694   0.23953   0.26577   0.20034   0.13642   0.56011   0.51241   1.04434   0.11632   0.70870   0.09047   0.59032   0.07639   1.27053   0.24895   0.12224   0.38913   0.40363   0.17338   0.33304   0.07599   0.40825   0.60591   1.92201   1.64252  -1.06339   0.02478  
 43 43.4478 156092.493239  x:  1.97356   0.34066   0.32321   0.39676   0.37817   0.09676   0.70614   0.18812   0.39783   0.45044   0.87597   1.85890   1.12757   0.48215   0.66599   0.62968   0.82697   0.13678   0.37995   0.14465   0.10664   0.48755   0.53692   0.49374   0.65486   0.43351   0.35699   0.13688   0.00142   0.01524   0.14411   0.57040   0.21476   1.40145   0.12018   1.18876   0.12465   0.14322   0.15483   0.15910   0.45233   0.06147   0.07761   0.36628   0.32284   0.23681   0.26422   0.19824   0.13411   0.56109   0.51224   1.05228   0.11465   0.70440   0.08946   0.59101   0.08112   1.26730   0.24815   0.12419   0.38783   0.40026   0.17034   0.33255   0.07567   0.41071   0.60647   1.92400   1.63093  -1.08217   0.02475  
 44 55.5108 156092.035013  x:  1.97973   0.33752   0.32512   0.39804   0.37888   0.09703   0.70288   0.19007   0.39713   0.44959   0.87521   1.88117   1.10788   0.48116   0.66489   0.62538   0.82583   0.13456   0.38217   0.14487   0.10517   0.48777   0.53839   0.49555   0.65302   0.43405   0.35387   0.13677   0.00141   0.01522   0.14386   0.56808   0.21741   1.40485   0.11729   1.18726   0.12242   0.14355   0.15429   0.15987   0.45190   0.06485   0.07230   0.36500   0.32259   0.23696   0.26703   0.20226   0.13295   0.55932   0.50931   1.05444   0.11618   0.70333   0.08853   0.59167   0.07781   1.26690   0.24598   0.12535   0.38814   0.39988   0.16954   0.32956   0.07499   0.41190   0.60411   1.92569   1.62102  -1.09755   0.02474  
 45 80.6712 156091.517738  x:  1.98461   0.33493   0.32562   0.39998   0.37949   0.09569   0.69981   0.18921   0.39821   0.45007   0.87500   1.90424   1.08940   0.47873   0.66198   0.62018   0.82509   0.13524   0.38746   0.14337   0.09970   0.48595   0.53790   0.49732   0.65002   0.43712   0.35013   0.13679   0.00140   0.01521   0.14359   0.56423   0.22215   1.40667   0.11568   1.18808   0.12007   0.14130   0.15370   0.15934   0.45388   0.06187   0.07431   0.36648   0.32698   0.23877   0.26403   0.19822   0.13408   0.55567   0.50538   1.05194   0.11836   0.70482   0.09082   0.59246   0.07584   1.26871   0.24591   0.12453   0.38872   0.40148   0.17180   0.32748   0.07575   0.41123   0.59974   1.92642   1.60753  -1.11516   0.02474  
 46 82.3705 156090.863620  x:  1.98665   0.33490   0.32328   0.39958   0.37756   0.09534   0.69896   0.18531   0.40043   0.45160   0.87634   1.92778   1.07504   0.47423   0.65668   0.61600   0.82577   0.13936   0.39375   0.14279   0.10367   0.48338   0.53540   0.49835   0.64733   0.44188   0.35026   0.13686   0.00139   0.01520   0.14357   0.56141   0.22712   1.40507   0.11955   1.19323   0.12182   0.14174   0.15622   0.15818   0.45800   0.06203   0.07351   0.36537   0.32467   0.23836   0.26479   0.19995   0.13861   0.55250   0.50410   1.04184   0.11431   0.70901   0.08671   0.59168   0.08145   1.27405   0.24913   0.11948   0.38767   0.40318   0.17318   0.33036   0.07608   0.40852   0.59661   1.92420   1.58675  -1.13827   0.02471  
 47 58.0825 156089.738068  x:  1.98469   0.33916   0.32010   0.39748   0.37533   0.10054   0.70290   0.18582   0.40129   0.45234   0.88035   1.95798   1.06489   0.46660   0.64836   0.61526   0.82943   0.14185   0.39655   0.14400   0.11035   0.48181   0.53157   0.49597   0.64627   0.44533   0.35753   0.13662   0.00140   0.01516   0.14360   0.56230   0.22833   1.39739   0.12288   1.20480   0.12505   0.13907   0.15736   0.15630   0.45749   0.06264   0.07617   0.36465   0.32083   0.23481   0.26563   0.19951   0.13510   0.55221   0.50772   1.02256   0.11609   0.71593   0.09260   0.58892   0.07178   1.28377   0.24742   0.12562   0.38852   0.40453   0.17123   0.33366   0.07534   0.40863   0.60046   1.91922   1.54774  -1.17901   0.02468  
 48 71.4020 156087.772375  x:  1.97662   0.34682   0.31737   0.39877   0.37893   0.09883   0.71132   0.19023   0.39894   0.45099   0.88670   1.99819   1.06285   0.45883   0.63924   0.62078   0.83707   0.13967   0.39142   0.14456   0.10095   0.48304   0.52919   0.48930   0.64812   0.44352   0.36644   0.13694   0.00139   0.01509   0.14344   0.56606   0.22399   1.38125   0.11829   1.22314   0.12044   0.13657   0.15821   0.16379   0.45248   0.06237   0.07284   0.36853   0.32760   0.23786   0.26494   0.19972   0.13104   0.55842   0.51601   0.99924   0.11818   0.72142   0.08746   0.58753   0.08077   1.29936   0.24681   0.12720   0.38809   0.40015   0.16564   0.32902   0.07529   0.41416   0.60985   1.91464   1.47799  -1.25300   0.02464  
 49 124.1957 156083.260202  x:  1.95152   0.35291   0.32375   0.40645   0.38949   0.08277   0.72048   0.18681   0.39588   0.44912   0.89362   2.05743   1.09078   0.46597   0.64030   0.63905   0.84937   0.13703   0.37348   0.14998   0.11009   0.49649   0.54426   0.49365   0.66041   0.42884   0.35276   0.13568   0.00134   0.01499   0.14437   0.56655   0.21958   1.35070   0.12111   1.25238   0.11313   0.13233   0.15764   0.15714   0.45334   0.06298   0.07243   0.36370   0.32705   0.24554   0.26365   0.19896   0.13513   0.56684   0.51601   0.99665   0.11515   0.71479   0.09365   0.59276   0.07390   1.32038   0.24582   0.11694   0.38856   0.39801   0.18746   0.32461   0.07458   0.41054   0.60660   1.91722   1.31565  -1.42600   0.02453  
 50 136.2403 156076.140771  x:  1.91273   0.35500   0.34049   0.40494   0.38499   0.11072   0.72579   0.18990   0.40262   0.45412   0.89903   2.12644   1.14952   0.48879   0.65517   0.65796   0.85916   0.14627   0.36497   0.14109   0.09347   0.50158   0.55559   0.50324   0.67260   0.42140   0.33531   0.13733   0.00128   0.01477   0.14263   0.57098   0.22233   1.31761   0.13426   1.28407   0.12247   0.11764   0.16751   0.15684   0.46141   0.06168   0.07661   0.36424   0.32397   0.22942   0.26671   0.20019   0.13869   0.56464   0.50494   1.02800   0.12462   0.70102   0.08996   0.60009   0.07884   1.34027   0.24830   0.11954   0.39193   0.40809   0.17899   0.32783   0.07717   0.40762   0.59552   1.92486   1.05760  -1.70463   0.02430  
 51 372.6221 156067.566598  x:  1.87692   0.34912   0.32940   0.39888   0.37117   0.09134   0.71693   0.18409   0.41045   0.45932   0.89924   2.17491   1.22348   0.51182   0.67721   0.65711   0.85713   0.15325   0.39055   0.13955   0.10798   0.49164   0.54904   0.51421   0.67690   0.44287   0.34925   0.13457   0.00120   0.01451   0.14472   0.58676   0.22721   1.30716   0.12810   1.29719   0.12099   0.10889   0.16372   0.16661   0.46532   0.05960   0.06969   0.37522   0.33151   0.24311   0.26304   0.19920   0.13403   0.55172   0.50115   1.08594   0.11637   0.69878   0.09659   0.59871   0.07796   1.34564   0.25203   0.13567   0.39188   0.41234   0.15434   0.33413   0.07605   0.42104   0.59645   1.93165   0.75208  -2.03432   0.02412  
 52 430.1989 156059.189471  x:  1.86103   0.35049   0.32021   0.41205   0.38360   0.10338   0.70551   0.19910   0.40679   0.45582   0.90065   2.18452   1.28834   0.51550   0.69216   0.63486   0.84666   0.13664   0.42231   0.14333   0.10737   0.48030   0.53055   0.50973   0.66745   0.47185   0.37255   0.13796   0.00118   0.01424   0.13942   0.59273   0.22694   1.33410   0.12480   1.28695   0.12066   0.09492   0.16200   0.16082   0.45724   0.06151   0.07370   0.36324   0.32703   0.23938   0.26725   0.19695   0.14014   0.54978   0.52123   1.13418   0.12873   0.71931   0.09372   0.58955   0.07860   1.33505   0.25601   0.12193   0.38431   0.39793   0.18475   0.32935   0.07227   0.42376   0.60568   1.92536   0.45782  -2.35351   0.02398  
 53 431.0481 156051.634171  x:  1.87699   0.36512   0.32149   0.41460   0.39349   0.10923   0.70093   0.19797   0.40105   0.45157   0.90668   2.14719   1.32521   0.49673   0.69354   0.61014   0.84049   0.12657   0.42292   0.14753   0.10382   0.49316   0.53338   0.49564   0.65255   0.47487   0.36535   0.12695   0.00109   0.01402   0.15019   0.57037   0.22418   1.39512   0.13640   1.25920   0.12373   0.09115   0.16212   0.16359   0.45905   0.06011   0.07136   0.37061   0.33406   0.22887   0.26016   0.20210   0.13493   0.55957   0.53161   1.14025   0.10000   0.73960   0.10368   0.58467   0.08010   1.31583   0.25049   0.12267   0.39622   0.40961   0.17814   0.31633   0.07844   0.40587   0.60906   1.91216   0.21100  -2.63524   0.02390  
 54 315.3981 156044.531951  x:  1.90935   0.37967   0.32229   0.40649   0.38882   0.09849   0.70093   0.19059   0.40253   0.45269   0.91165   2.08855   1.34523   0.47476   0.69037   0.59564   0.84071   0.13653   0.41001   0.15115   0.10757   0.50560   0.54345   0.48935   0.64299   0.46625   0.35563   0.14056   0.00102   0.01379   0.13371   0.55177   0.22223   1.46094   0.13626   1.22937   0.12622   0.07666   0.16487   0.16447   0.46392   0.05791   0.06952   0.36943   0.32848   0.23778   0.26263   0.19560   0.13024   0.56437   0.52786   1.12606   0.12070   0.74974   0.09576   0.58490   0.08240   1.29779   0.24828   0.12563   0.39726   0.41507   0.16862   0.32322   0.07598   0.40654   0.60681   1.90226  -0.00717  -2.90211   0.02377  
 55 533.1716 156038.606179  x:  1.95249   0.38721   0.32615   0.39924   0.37575   0.10507   0.70539   0.19460   0.40880   0.45652   0.91220   2.02000   1.34642   0.46248   0.68455   0.59887   0.84815   0.15487   0.39605   0.14732   0.09746   0.49957   0.54506   0.49455   0.64332   0.45571   0.35808   0.13205   0.00097   0.01362   0.13849   0.55545   0.22572   1.51110   0.11916   1.20814   0.11942   0.07747   0.14637   0.16792   0.46375   0.05739   0.07136   0.36054   0.32199   0.23553   0.26675   0.19048   0.13494   0.55713   0.51211   1.09899   0.10847   0.73977   0.10062   0.58861   0.07721   1.28748   0.25612   0.12215   0.38229   0.40305   0.17487   0.33299   0.06858   0.42313   0.59759   1.90199  -0.18190  -3.12274   0.02372  
 56 423.9734 156034.601798  x:  1.99539   0.38345   0.32322   0.40482   0.37356   0.10270   0.70689   0.19368   0.40594   0.45273   0.90678   1.95780   1.33229   0.46440   0.67827   0.61254   0.85625   0.15387   0.39197   0.14496   0.10162   0.48462   0.53805   0.50483   0.65151   0.45138   0.36459   0.12894   0.00091   0.01350   0.14034   0.57244   0.23195   1.53269   0.11847   1.20346   0.12408   0.06904   0.16139   0.16231   0.45505   0.05827   0.06992   0.36170   0.32753   0.22669   0.25415   0.19824   0.13947   0.54419   0.50350   1.07728   0.10987   0.72003   0.10101   0.58809   0.07554   1.28683   0.25742   0.12454   0.37705   0.39548   0.17643   0.31774   0.07150   0.42031   0.58753   1.90669  -0.29067  -3.26547   0.02367  
 57 288.8343 156032.050033  x:  2.03114   0.37617   0.32065   0.41020   0.37668   0.10585   0.70543   0.19300   0.40097   0.44796   0.90006   1.90943   1.31294   0.47362   0.67394   0.62432   0.86008   0.14342   0.39715   0.14241   0.10098   0.47629   0.53025   0.50709   0.65834   0.45387   0.36192   0.13907   0.00087   0.01342   0.12926   0.58245   0.23469   1.53122   0.12534   1.20870   0.12494   0.07047   0.14958   0.16426   0.45350   0.05815   0.06926   0.36266   0.32305   0.23063   0.26248   0.19025   0.13981   0.53948   0.50606   1.06654   0.10414   0.70534   0.10406   0.58507   0.07713   1.29158   0.25431   0.12368   0.38336   0.39957   0.17267   0.31349   0.07394   0.40973   0.58624   1.91044  -0.35347  -3.34904   0.02367  
 58 207.7322 156029.824075  x:  2.06952   0.36845   0.31822   0.40853   0.37775   0.10682   0.70169   0.19240   0.39975   0.44674   0.89279   1.86023   1.28713   0.48655   0.67092   0.63179   0.85918   0.13616   0.40628   0.14056   0.10111   0.47841   0.52661   0.50205   0.66200   0.45998   0.35147   0.12669   0.00085   0.01334   0.14087   0.58266   0.23226   1.51325   0.12723   1.21981   0.12114   0.06741   0.14578   0.16813   0.45669   0.05698   0.06957   0.36059   0.31835   0.23343   0.26188   0.18893   0.13581   0.54151   0.51400   1.06548   0.11348   0.69997   0.10156   0.57981   0.07882   1.29945   0.25117   0.11975   0.38792   0.40489   0.17236   0.32329   0.07137   0.40632   0.59153   1.91052  -0.40128  -3.41247   0.02368  
 59 164.1729 156027.648326  x:  2.11108   0.36477   0.31827   0.40152   0.37593   0.10801   0.69739   0.19387   0.40328   0.44964   0.88744   1.80995   1.25731   0.49926   0.67035   0.63275   0.85341   0.14026   0.41357   0.14051   0.10037   0.48761   0.52864   0.49335   0.66091   0.46614   0.34296   0.13492   0.00084   0.01328   0.13189   0.57656   0.22646   1.48129   0.12305   1.23425   0.11726   0.06685   0.15051   0.16683   0.45850   0.05685   0.07000   0.35967   0.32323   0.22613   0.25443   0.19526   0.13172   0.54668   0.51924   1.07354   0.10627   0.70515   0.10472   0.57581   0.07667   1.30825   0.25294   0.11801   0.38418   0.40295   0.17592   0.32551   0.06904   0.41258   0.59665   1.90580  -0.44231  -3.46117   0.02373  
 60 152.9036 156026.148904  x:  2.14111   0.36960   0.32032   0.40124   0.37724   0.10643   0.69569   0.19402   0.40508   0.45107   0.88781   1.77710   1.23684   0.50230   0.67153   0.62623   0.84625   0.14679   0.41039   0.14267   0.10014   0.49154   0.53330   0.49097   0.65558   0.46598   0.34938   0.13192   0.00082   0.01325   0.13541   0.57183   0.22392   1.45068   0.12659   1.24384   0.12588   0.06584   0.14937   0.16330   0.45689   0.05727   0.06947   0.36069   0.32328   0.22945   0.26376   0.18880   0.13749   0.54896   0.51484   1.08523   0.10583   0.71619   0.10380   0.57774   0.07610   1.31262   0.25600   0.12326   0.37945   0.39814   0.17462   0.31275   0.07172   0.41556   0.59322   1.89945  -0.46239  -3.48277   0.02375  
 61 97.4181 156025.034125  x:  2.16182   0.37964   0.32210   0.40733   0.38016   0.10726   0.69734   0.19411   0.40305   0.44926   0.89202   1.75892   1.22613   0.49625   0.67322   0.61758   0.84121   0.14551   0.40134   0.14505   0.10012   0.48647   0.53549   0.49571   0.65026   0.46121   0.36199   0.13288   0.00082   0.01321   0.13420   0.57049   0.22617   1.42473   0.13052   1.24583   0.12537   0.06660   0.14326   0.16814   0.45646   0.05643   0.06896   0.36146   0.32104   0.23135   0.25495   0.19400   0.13669   0.54590   0.50719   1.09574   0.10746   0.72440   0.10262   0.58242   0.07604   1.31231   0.25526   0.12199   0.38197   0.39986   0.17431   0.31900   0.07106   0.41243   0.58812   1.89754  -0.46355  -3.48814   0.02376  
 62 59.3765 156024.040615  x:  2.17679   0.38810   0.31939   0.40811   0.37668   0.10435   0.70051   0.19308   0.40147   0.44786   0.89612   1.75085   1.22342   0.48532   0.67523   0.61182   0.84005   0.14151   0.39563   0.14518   0.09962   0.47930   0.53376   0.50066   0.64796   0.45694   0.36520   0.13207   0.00081   0.01317   0.13420   0.56846   0.23176   1.40443   0.12867   1.24140   0.11786   0.06619   0.15232   0.16512   0.45678   0.05664   0.06953   0.36071   0.32408   0.22545   0.26337   0.18877   0.13453   0.54285   0.50838   1.10188   0.10492   0.72459   0.10293   0.58417   0.07640   1.30805   0.25227   0.11868   0.38554   0.40341   0.17433   0.32429   0.06983   0.41159   0.58887   1.90050  -0.44843  -3.48324   0.02377  
 63 45.9552 156021.194866  x:  2.20904   0.39980   0.31188   0.40019   0.36399   0.10700   0.70813   0.19286   0.40153   0.44779   0.90187   1.74514   1.22973   0.45392   0.68064   0.60523   0.84372   0.13996   0.39597   0.14217   0.10065   0.47066   0.52469   0.50337   0.64826   0.45324   0.35087   0.13107   0.00075   0.01310   0.13412   0.56094   0.24793   1.36167   0.12789   1.22088   0.12154   0.06916   0.14839   0.15759   0.45889   0.05624   0.06885   0.35524   0.31942   0.23215   0.25360   0.19147   0.13921   0.54161   0.52224   1.10408   0.10703   0.71014   0.10223   0.57926   0.07740   1.28988   0.24916   0.11904   0.38315   0.40240   0.17455   0.30991   0.07073   0.41260   0.59628   1.90891  -0.38019  -3.44484   0.02376  
 64 62.5779 156016.478694  x:  2.24970   0.39500   0.30956   0.40538   0.37883   0.10098   0.70689   0.18649   0.39897   0.44510   0.89740   1.74622   1.24645   0.42644   0.68341   0.60381   0.85023   0.15156   0.40746   0.14157   0.10533   0.48143   0.51984   0.49111   0.65105   0.45783   0.33833   0.12914   0.00067   0.01298   0.13491   0.56224   0.25557   1.31654   0.13167   1.18857   0.13408   0.07479   0.14756   0.17281   0.44928   0.05605   0.06859   0.36046   0.32330   0.21958   0.25772   0.18854   0.12374   0.53639   0.51578   1.09095   0.11231   0.69020   0.09972   0.56662   0.07676   1.26267   0.25426   0.12098   0.36933   0.38895   0.17835   0.31279   0.06976   0.40406   0.58894   1.90591  -0.25229  -3.35813   0.02372  
 65 126.4594 156009.670995  x:  2.29314   0.37241   0.31864   0.40504   0.38909   0.10601   0.69458   0.19147   0.39619   0.44100   0.87959   1.75233   1.26887   0.42793   0.67534   0.60727   0.85363   0.15153   0.41409   0.14203   0.10128   0.49578   0.52325   0.47325   0.65008   0.46324   0.34753   0.12705   0.00057   0.01277   0.13604   0.57623   0.24223   1.28558   0.12868   1.15521   0.12223   0.08192   0.16956   0.15187   0.44249   0.05626   0.06712   0.35379   0.31436   0.23713   0.25181   0.18641   0.13764   0.53655   0.49709   1.06217   0.10883   0.68704   0.10100   0.55771   0.07711   1.23751   0.25256   0.12183   0.37680   0.39297   0.16722   0.32009   0.07100   0.40406   0.57311   1.88737  -0.05485  -3.21552   0.02362  
 66 208.8167 156001.304214  x:  2.32825   0.35150   0.31625   0.39019   0.36705   0.09424   0.67812   0.18920   0.39666   0.43886   0.85771   1.75971   1.28718   0.46719   0.65582   0.61400   0.84756   0.13274   0.40125   0.14341   0.10689   0.48627   0.52832   0.47740   0.64339   0.45839   0.35718   0.12468   0.00047   0.01255   0.13668   0.57872   0.21822   1.28829   0.13590   1.14446   0.12599   0.09394   0.15690   0.14828   0.45670   0.05620   0.06878   0.35147   0.32847   0.21248   0.25139   0.18840   0.14210   0.53674   0.48544   1.03072   0.12235   0.70908   0.09241   0.56492   0.07875   1.22958   0.24416   0.11350   0.38426   0.40336   0.17452   0.30441   0.07017   0.41397   0.57111   1.87593   0.19296  -3.02692   0.02354  
 67 283.1336 155992.987712  x:  2.34635   0.35923   0.31014   0.40109   0.36300   0.10226   0.67403   0.18580   0.39905   0.43908   0.84787   1.76105   1.29034   0.52133   0.63589   0.62227   0.83155   0.13569   0.38230   0.14318   0.10896   0.45891   0.52472   0.49725   0.63742   0.44822   0.34723   0.12256   0.00033   0.01235   0.13865   0.55861   0.20566   1.32792   0.13112   1.16727   0.13543   0.10334   0.18271   0.16108   0.45766   0.05124   0.06559   0.35177   0.31826   0.23315   0.24919   0.18293   0.11794   0.52766   0.49759   1.01849   0.11662   0.73287   0.09031   0.57431   0.07638   1.24686   0.24210   0.11736   0.36640   0.39368   0.18068   0.30034   0.06987   0.40691   0.57987   1.88380   0.44488  -2.82607   0.02342  
 68 315.2584 155987.188573  x:  2.34616   0.38878   0.30423   0.41480   0.37761   0.09593   0.68616   0.18449   0.39770   0.43893   0.85450   1.75569   1.27859   0.54434   0.62890   0.62925   0.81905   0.15214   0.38066   0.14482   0.11333   0.45797   0.52060   0.50090   0.64085   0.44674   0.34251   0.12175   0.00026   0.01221   0.14055   0.54754   0.21093   1.37889   0.12026   1.20629   0.12605   0.11172   0.17488   0.14425   0.44463   0.05768   0.06712   0.35627   0.32330   0.22079   0.24770   0.18624   0.13840   0.52602   0.51315   1.02808   0.12680   0.73272   0.08794   0.57022   0.07625   1.27750   0.24777   0.12742   0.36643   0.38835   0.16558   0.31113   0.07210   0.39998   0.57961   1.90160   0.61739  -2.67631   0.02329  
 69 265.7794 155982.105444  x:  2.33534   0.42459   0.30736   0.40396   0.37488   0.09450   0.70845   0.18945   0.39830   0.44172   0.86970   1.74406   1.25489   0.53333   0.63359   0.63701   0.81620   0.14817   0.39147   0.14584   0.11642   0.48164   0.52189   0.48982   0.65121   0.45384   0.35499   0.12175   0.00020   0.01210   0.14301   0.55828   0.22396   1.44178   0.13049   1.25896   0.12278   0.11846   0.18478   0.15127   0.44625   0.05663   0.06720   0.35102   0.32964   0.22859   0.24949   0.18577   0.13305   0.52186   0.50355   1.05339   0.13212   0.71283   0.08923   0.55889   0.07754   1.31788   0.25104   0.11994   0.38104   0.39517   0.17635   0.30466   0.07232   0.41348   0.57195   1.91598   0.75972  -2.52933   0.02322  
 70 210.6220 155980.990066  x:  2.33003   0.42237   0.31244   0.40830   0.37645   0.09466   0.71003   0.18557   0.40242   0.44489   0.87237   1.73948   1.24567   0.51475   0.64392   0.64128   0.82693   0.14084   0.39525   0.14729   0.11608   0.48067   0.52656   0.49298   0.65545   0.45754   0.35590   0.12221   0.00020   0.01205   0.14359   0.56699   0.22206   1.45782   0.12381   1.27375   0.12388   0.11988   0.18710   0.14845   0.45979   0.05574   0.06783   0.36133   0.32527   0.22726   0.25022   0.18661   0.13435   0.53055   0.50063   1.06246   0.13296   0.71185   0.08934   0.56387   0.07847   1.32938   0.24684   0.12223   0.37214   0.39741   0.17767   0.30567   0.07328   0.41239   0.57688   1.91245   0.78794  -2.49332   0.02323  
 71 76.3332 155980.594276  x:  2.32706   0.41411   0.31323   0.41154   0.37661   0.09475   0.70869   0.18752   0.40342   0.44526   0.87324   1.73714   1.24095   0.50387   0.65405   0.64427   0.83799   0.14421   0.39527   0.14656   0.11688   0.47673   0.52947   0.49719   0.65741   0.45865   0.35262   0.12224   0.00020   0.01204   0.14420   0.57012   0.22215   1.46419   0.12702   1.27960   0.12448   0.12050   0.18721   0.14899   0.45691   0.05606   0.06788   0.35450   0.33119   0.22880   0.25060   0.18699   0.13401   0.53405   0.50212   1.06624   0.13278   0.71762   0.08894   0.56865   0.07837   1.33401   0.24822   0.12308   0.37482   0.39814   0.17648   0.30743   0.07328   0.41276   0.58012   1.90908   0.79722  -2.47889   0.02322  
 72 40.0973 155980.492960  x:  2.32615   0.40984   0.31209   0.41074   0.37627   0.09519   0.70813   0.18832   0.40277   0.44470   0.87519   1.73661   1.23965   0.50232   0.65864   0.64489   0.84361   0.14598   0.39385   0.14666   0.11690   0.47726   0.52978   0.49740   0.65814   0.45830   0.35208   0.12223   0.00020   0.01204   0.14434   0.57033   0.22390   1.46548   0.12757   1.28070   0.12277   0.12068   0.18732   0.14962   0.45514   0.05642   0.06770   0.35902   0.32856   0.22850   0.25069   0.18707   0.13401   0.53216   0.50406   1.06689   0.13315   0.72212   0.08882   0.56843   0.07799   1.33503   0.24960   0.12202   0.37746   0.39791   0.17743   0.30650   0.07333   0.41390   0.57925   1.90971   0.80033  -2.47531   0.02322  
 73 17.4183 155980.396656  x:  2.32549   0.40570   0.31119   0.40988   0.37771   0.09575   0.70818   0.18760   0.40278   0.44485   0.88118   1.73666   1.23883   0.50416   0.66305   0.64385   0.85024   0.14372   0.39179   0.14763   0.11668   0.48009   0.52859   0.49589   0.65872   0.45749   0.35350   0.12223   0.00020   0.01203   0.14425   0.56960   0.22635   1.46582   0.12616   1.28123   0.12394   0.12072   0.18705   0.14943   0.45727   0.05613   0.06777   0.35683   0.32968   0.22867   0.25061   0.18696   0.13428   0.52888   0.50519   1.06648   0.13275   0.72621   0.08871   0.56606   0.07833   1.33537   0.24877   0.12301   0.37547   0.39789   0.17668   0.30703   0.07342   0.41355   0.57753   1.91290   0.80475  -2.47228   0.02321  
 74  9.6655 155980.063765  x:  2.32458   0.39869   0.31496   0.41088   0.37664   0.09396   0.71109   0.19006   0.40471   0.44644   0.90749   1.73944   1.23818   0.51396   0.66881   0.63494   0.86128   0.14378   0.39474   0.14556   0.11816   0.47921   0.52494   0.49663   0.65709   0.45909   0.35524   0.12246   0.00022   0.01200   0.14426   0.56546   0.22330   1.46477   0.12755   1.28027   0.12329   0.12115   0.18734   0.14968   0.45424   0.05658   0.06780   0.35809   0.32920   0.22872   0.25069   0.18698   0.13455   0.53456   0.50012   1.06318   0.13317   0.72210   0.08926   0.56641   0.07896   1.33446   0.24747   0.12262   0.37498   0.39882   0.17779   0.30679   0.07358   0.41226   0.58106   1.91523   0.82067  -2.45899   0.02318  
 75  8.2308 155979.563413  x:  2.32446   0.39199   0.31288   0.41290   0.37619   0.09744   0.71180   0.18355   0.39953   0.44228   0.93021   1.74573   1.23936   0.51768   0.66665   0.62980   0.86240   0.14433   0.39815   0.15211   0.11568   0.47804   0.53090   0.49948   0.65731   0.46069   0.35443   0.12265   0.00025   0.01193   0.14435   0.56713   0.21826   1.46280   0.12694   1.27922   0.12518   0.12167   0.18750   0.14970   0.45864   0.05626   0.06804   0.35755   0.33015   0.22885   0.25085   0.18735   0.13396   0.53432   0.50545   1.06212   0.13329   0.71577   0.08947   0.57018   0.07729   1.33371   0.25378   0.12269   0.37970   0.39589   0.17689   0.30717   0.07334   0.41677   0.57891   1.91338   0.84389  -2.43709   0.02317  
 76 19.6677 155977.795476  x:  2.32640   0.37548   0.30242   0.41346   0.37797   0.09509   0.71221   0.20064   0.40785   0.44896   0.96651   1.77184   1.24768   0.51290   0.64907   0.63423   0.84739   0.14399   0.39697   0.14391   0.11622   0.47855   0.54935   0.49879   0.65638   0.46018   0.34911   0.12371   0.00035   0.01166   0.14418   0.57965   0.21762   1.45669   0.13001   1.27812   0.12589   0.12315   0.18473   0.15095   0.46100   0.05649   0.06788   0.35955   0.33099   0.22919   0.25125   0.18763   0.13421   0.52318   0.51934   1.06707   0.13229   0.71309   0.09039   0.57477   0.07810   1.33399   0.25141   0.12362   0.37543   0.39810   0.17749   0.30911   0.07532   0.41301   0.57202   1.90896   0.93014  -2.36166   0.02314  
 77 42.0970 155973.409533  x:  2.33277   0.35531   0.31398   0.41070   0.38287   0.10154   0.70351   0.18046   0.40553   0.44595   0.99909   1.83958   1.27146   0.49561   0.62239   0.66334   0.81498   0.15174   0.39084   0.14489   0.11653   0.47585   0.54082   0.49293   0.66350   0.45811   0.34008   0.12477   0.00060   0.01099   0.14269   0.58998   0.23513   1.44224   0.13316   1.28112   0.12274   0.12622   0.17756   0.15258   0.44827   0.05831   0.06824   0.35823   0.33008   0.22877   0.25061   0.18711   0.13699   0.52422   0.50529   1.08288   0.12888   0.73200   0.09274   0.56497   0.08228   1.33990   0.23851   0.12207   0.37046   0.40532   0.18183   0.30515   0.07396   0.41960   0.58760   1.91549   1.15263  -2.18820   0.02299  
 78 121.0744 155969.502712  x:  2.33842   0.35980   0.32059   0.40896   0.37367   0.09465   0.70152   0.20127   0.39891   0.44027   0.98304   1.90208   1.29274   0.48439   0.62711   0.67683   0.80925   0.14630   0.38929   0.15135   0.11628   0.47698   0.51803   0.49426   0.66513   0.45802   0.34183   0.12616   0.00081   0.01041   0.14110   0.57395   0.23643   1.42780   0.12880   1.28893   0.12813   0.12905   0.17515   0.15304   0.46256   0.05594   0.06820   0.35795   0.32907   0.22778   0.25012   0.18594   0.13423   0.54024   0.49454   1.08715   0.12594   0.73706   0.09305   0.55928   0.07677   1.34742   0.25966   0.12301   0.37993   0.38990   0.17757   0.30814   0.07680   0.40766   0.57829   1.92388   1.35610  -2.03593   0.02283  
 79 180.1559 155965.199407  x:  2.34376   0.39211   0.31242   0.41711   0.37485   0.10253   0.70108   0.18965   0.40117   0.44238   0.92430   1.97093   1.31454   0.48684   0.66202   0.65839   0.83372   0.14276   0.39389   0.13754   0.11795   0.48524   0.52279   0.49883   0.65308   0.46103   0.35747   0.12744   0.00106   0.00978   0.13965   0.54981   0.22366   1.41120   0.13644   1.30057   0.12264   0.13263   0.16868   0.15437   0.45655   0.05741   0.06863   0.35731   0.32843   0.22707   0.24926   0.18585   0.13351   0.53574   0.50584   1.07744   0.12400   0.71689   0.09594   0.56621   0.07856   1.35407   0.25042   0.12323   0.37306   0.39433   0.17951   0.30564   0.07687   0.41936   0.56559   1.92723   1.57545  -1.86677   0.02267  
 80 171.2014 155964.399237  x:  2.34438   0.40378   0.31284   0.41108   0.37572   0.10141   0.70352   0.19358   0.40230   0.44309   0.90854   1.98363   1.31823   0.49300   0.66771   0.64366   0.84409   0.14533   0.39557   0.15266   0.11375   0.48202   0.53118   0.49818   0.65444   0.46092   0.35336   0.12779   0.00111   0.00966   0.13975   0.55636   0.22632   1.40784   0.13466   1.30281   0.12535   0.13326   0.16762   0.15516   0.45333   0.05814   0.06864   0.35796   0.32880   0.22736   0.24944   0.18601   0.13596   0.52780   0.50361   1.07471   0.12378   0.71406   0.09679   0.56457   0.07999   1.35404   0.24759   0.12210   0.37267   0.39675   0.18154   0.30635   0.07745   0.41332   0.57506   1.92459   1.61456  -1.83421   0.02263  
 81 77.8001 155964.196320  x:  2.34440   0.40927   0.31484   0.41068   0.37830   0.10100   0.70472   0.19295   0.40121   0.44203   0.90367   1.98657   1.31897   0.49655   0.66593   0.63496   0.84993   0.14462   0.39450   0.14671   0.11577   0.47886   0.53386   0.49485   0.65418   0.45969   0.34818   0.12795   0.00112   0.00962   0.13965   0.56500   0.22913   1.40695   0.13437   1.30301   0.12547   0.13342   0.16759   0.15511   0.45612   0.05780   0.06878   0.35790   0.32884   0.22740   0.24954   0.18602   0.13592   0.52835   0.50255   1.07492   0.12379   0.71626   0.09679   0.56254   0.07923   1.35318   0.25104   0.12245   0.37419   0.39480   0.18095   0.30617   0.07727   0.41440   0.57781   1.92487   1.62307  -1.82639   0.02263  
 82 27.2189 155964.150102  x:  2.34437   0.41112   0.31452   0.41165   0.37701   0.10110   0.70495   0.19267   0.40195   0.44276   0.90241   1.98700   1.31901   0.49723   0.66262   0.63206   0.85316   0.14493   0.39478   0.14799   0.11560   0.47900   0.53190   0.49466   0.65595   0.45921   0.34597   0.12799   0.00112   0.00961   0.13967   0.56845   0.22854   1.40672   0.13511   1.30275   0.12509   0.13344   0.16744   0.15529   0.45532   0.05788   0.06876   0.35796   0.32885   0.22746   0.24956   0.18602   0.13530   0.53109   0.50346   1.07621   0.12369   0.71800   0.09680   0.56278   0.07950   1.35239   0.25004   0.12272   0.37348   0.39517   0.18094   0.30632   0.07741   0.41507   0.57419   1.92588   1.62386  -1.82559   0.02263  
 83  8.9085 155964.103031  x:  2.34438   0.41206   0.31386   0.41252   0.37651   0.10116   0.70471   0.19323   0.40077   0.44196   0.90136   1.98692   1.31903   0.49667   0.65672   0.63135   0.85814   0.14630   0.39541   0.14644   0.11550   0.48213   0.53013   0.49642   0.65738   0.45912   0.34634   0.12805   0.00113   0.00960   0.13960   0.56798   0.22624   1.40650   0.13401   1.30230   0.12652   0.13339   0.16731   0.15522   0.45548   0.05784   0.06877   0.35794   0.32881   0.22747   0.24959   0.18601   0.13585   0.52920   0.50292   1.07899   0.12340   0.71848   0.09677   0.56419   0.07955   1.35116   0.24974   0.12224   0.37401   0.39599   0.18122   0.30635   0.07735   0.41466   0.57588   1.92646   1.62186  -1.82775   0.02263  
 84  3.7633 155963.983785  x:  2.34465   0.41228   0.31510   0.41050   0.37829   0.10146   0.70397   0.19240   0.40307   0.44367   0.89966   1.98642   1.31965   0.49631   0.64883   0.63243   0.86512   0.14488   0.39549   0.14760   0.11484   0.48159   0.53104   0.49797   0.65772   0.45952   0.34882   0.12824   0.00115   0.00955   0.13946   0.56375   0.22761   1.40642   0.13824   1.30092   0.12286   0.13341   0.16687   0.15526   0.45614   0.05783   0.06878   0.35808   0.32899   0.22751   0.24963   0.18610   0.13605   0.52847   0.50332   1.08273   0.12369   0.71707   0.09691   0.56316   0.07924   1.34911   0.25177   0.12353   0.37326   0.39301   0.18057   0.30632   0.07739   0.41451   0.57738   1.92543   1.61366  -1.83670   0.02263  
 85  5.7307 155963.443135  x:  2.34633   0.41193   0.31729   0.40759   0.38088   0.10112   0.70295   0.19368   0.40155   0.44159   0.89537   1.98426   1.32341   0.49554   0.63916   0.63581   0.87582   0.14728   0.39509   0.14820   0.11564   0.47204   0.53819   0.49327   0.65238   0.46222   0.35474   0.12870   0.00125   0.00934   0.13871   0.55470   0.23595   1.40568   0.13116   1.29835   0.12941   0.13297   0.16494   0.15603   0.45427   0.05789   0.06874   0.35789   0.32868   0.22735   0.24960   0.18596   0.13419   0.53506   0.50584   1.08816   0.12254   0.71208   0.09808   0.55788   0.08028   1.34436   0.24961   0.12107   0.37478   0.39749   0.18192   0.30664   0.07729   0.41581   0.57138   1.92340   1.57558  -1.88443   0.02261  
 86 16.4108 155959.997656  x:  2.35897   0.41467   0.30535   0.42034   0.36260   0.10587   0.69912   0.19695   0.38865   0.43201   0.87977   1.97134   1.34794   0.47856   0.65020   0.62624   0.87259   0.14900   0.39739   0.15361   0.11307   0.47042   0.53937   0.46856   0.62956   0.46505   0.34666   0.12987   0.00180   0.00801   0.13399   0.55447   0.23667   1.40183   0.14090   1.28484   0.12124   0.13107   0.15394   0.15711   0.45525   0.05651   0.06828   0.35379   0.32337   0.22501   0.24729   0.18384   0.13531   0.52917   0.49244   1.08721   0.11681   0.70414   0.10015   0.56048   0.07971   1.32938   0.24606   0.12274   0.36346   0.39012   0.18055   0.30406   0.07587   0.41056   0.57208   1.93331   1.34089  -2.20311   0.02247  
 87 59.8347 155958.058271  x:  2.36587   0.41570   0.31339   0.40791   0.37005   0.10678   0.69239   0.18985   0.39939   0.44000   0.87182   1.96371   1.36133   0.46585   0.66225   0.60906   0.85930   0.13980   0.39734   0.14844   0.11027   0.47722   0.52587   0.48277   0.63075   0.45893   0.34165   0.13092   0.00214   0.00723   0.13136   0.55915   0.23076   1.39890   0.13323   1.27656   0.12838   0.12996   0.14706   0.15933   0.44498   0.05731   0.06777   0.35238   0.32067   0.22452   0.24635   0.18285   0.13501   0.52328   0.49592   1.08061   0.11302   0.70037   0.10136   0.55676   0.07848   1.32358   0.25069   0.11981   0.37089   0.38601   0.18017   0.30425   0.07533   0.40750   0.56808   1.93033   1.20566  -2.38181   0.02242  
 88 203.0572 155957.808428  x:  2.36665   0.41520   0.31536   0.40390   0.37381   0.10593   0.69049   0.19338   0.39471   0.43542   0.87051   1.96252   1.36294   0.46532   0.66491   0.60392   0.85550   0.14346   0.39765   0.14621   0.10951   0.47847   0.52309   0.48960   0.63799   0.45695   0.34278   0.13110   0.00218   0.00713   0.13117   0.55870   0.23283   1.39865   0.13612   1.27403   0.12648   0.12987   0.14637   0.15946   0.44862   0.05688   0.06783   0.35246   0.32098   0.22450   0.24642   0.18295   0.13436   0.52452   0.49813   1.07855   0.11278   0.69956   0.10189   0.55413   0.07917   1.32393   0.24843   0.12058   0.36679   0.38811   0.18025   0.30402   0.07527   0.40921   0.56720   1.92719   1.18713  -2.40325   0.02241  
 89 47.2387 155957.782101  x:  2.36664   0.41492   0.31358   0.40549   0.37271   0.10653   0.68935   0.19321   0.39533   0.43588   0.87023   1.96227   1.36307   0.46554   0.66510   0.60225   0.85464   0.14304   0.39741   0.14529   0.10934   0.47866   0.52433   0.48892   0.64317   0.45649   0.34382   0.13115   0.00219   0.00712   0.13114   0.55722   0.23443   1.39853   0.13573   1.27241   0.12683   0.12988   0.14633   0.15947   0.44847   0.05689   0.06785   0.35250   0.32101   0.22453   0.24645   0.18296   0.13435   0.52543   0.49737   1.07821   0.11276   0.69950   0.10195   0.55388   0.07916   1.32551   0.24848   0.12051   0.36738   0.38759   0.18031   0.30410   0.07528   0.40904   0.56784   1.92659   1.18553  -2.40492   0.02242  
 90  6.6722 155957.762268  x:  2.36646   0.41549   0.31510   0.40478   0.37290   0.10608   0.68903   0.19328   0.39491   0.43586   0.87037   1.96172   1.36288   0.46519   0.66502   0.60211   0.85479   0.14265   0.39734   0.14519   0.10959   0.47725   0.52449   0.48711   0.64497   0.45743   0.34376   0.13112   0.00219   0.00711   0.13111   0.55656   0.23294   1.39824   0.13596   1.26865   0.12706   0.12994   0.14630   0.15951   0.44795   0.05692   0.06781   0.35245   0.32091   0.22449   0.24641   0.18293   0.13443   0.52430   0.49784   1.07850   0.11273   0.69971   0.10184   0.55500   0.07870   1.32980   0.24935   0.12045   0.36655   0.38855   0.18018   0.30399   0.07527   0.40904   0.56741   1.92750   1.18645  -2.40497   0.02242  
 91  1.8146 155957.713550  x:  2.36594   0.41588   0.31493   0.40446   0.37323   0.10608   0.68915   0.19321   0.39515   0.43589   0.87035   1.96008   1.36232   0.46551   0.66472   0.60261   0.85532   0.14383   0.39702   0.14527   0.10961   0.47735   0.52440   0.48780   0.64311   0.45824   0.34343   0.13106   0.00221   0.00707   0.13113   0.55717   0.23248   1.39770   0.13616   1.26109   0.12773   0.13010   0.14625   0.15935   0.44900   0.05679   0.06790   0.35236   0.32092   0.22441   0.24640   0.18293   0.13435   0.52435   0.49779   1.07902   0.11255   0.69948   0.10210   0.55428   0.07938   1.33795   0.24614   0.12069   0.36841   0.38573   0.18049   0.30410   0.07523   0.40884   0.56718   1.92786   1.18940  -2.40338   0.02242  
 92  4.3693 155957.623376  x:  2.36507   0.41513   0.31203   0.40562   0.37258   0.10670   0.68961   0.19316   0.39520   0.43540   0.86999   1.95688   1.36142   0.46631   0.66376   0.60306   0.85564   0.14262   0.39642   0.14601   0.10911   0.47987   0.52392   0.49072   0.63836   0.45682   0.34286   0.13104   0.00224   0.00699   0.13113   0.55850   0.23462   1.39716   0.13589   1.25339   0.12807   0.13043   0.14614   0.15934   0.44767   0.05692   0.06782   0.35244   0.32093   0.22455   0.24645   0.18294   0.13417   0.52621   0.49700   1.07921   0.11277   0.69851   0.10215   0.55201   0.07848   1.34539   0.24937   0.12038   0.36634   0.38874   0.18017   0.30388   0.07520   0.40900   0.56811   1.92676   1.19548  -2.39932   0.02244  
 93  7.7339 155955.906365  x:  2.35315   0.39623   0.31931   0.40556   0.36602   0.10226   0.68887   0.19068   0.39036   0.43463   0.87029   1.89742   1.34668   0.46295   0.65264   0.59800   0.84545   0.14347   0.40360   0.14628   0.11018   0.47746   0.51276   0.47680   0.63036   0.42993   0.34365   0.12852   0.00278   0.00558   0.13078   0.55440   0.24611   1.39772   0.13274   1.24218   0.12636   0.13631   0.14335   0.15758   0.44513   0.05590   0.06697   0.35018   0.31836   0.22307   0.24484   0.18227   0.13146   0.51850   0.49993   1.07125   0.11127   0.68742   0.09988   0.56274   0.07790   1.32893   0.24579   0.11992   0.36508   0.38433   0.17830   0.30210   0.07391   0.40603   0.56467   1.91833   1.33331  -2.32900   0.02263  
 94  7.0868 155954.555819  x:  2.34446   0.39010   0.30859   0.39726   0.36625   0.10222   0.68059   0.18973   0.38790   0.42771   0.87498   1.85118   1.33489   0.45360   0.64511   0.59522   0.83798   0.14227   0.39594   0.14264   0.10748   0.46857   0.52022   0.48050   0.63180   0.43888   0.33847   0.12613   0.00319   0.00447   0.13014   0.55078   0.23230   1.39799   0.13241   1.24016   0.12392   0.14092   0.14091   0.15533   0.43945   0.05527   0.06630   0.34702   0.31461   0.22174   0.24292   0.18095   0.13014   0.51782   0.48916   1.06364   0.10952   0.68410   0.09895   0.54547   0.07860   1.30870   0.24422   0.11905   0.36189   0.38146   0.17618   0.29950   0.07282   0.40162   0.55894   1.92779   1.44595  -2.27782   0.02279  
 95 88.5712 155954.480172  x:  2.34383   0.39106   0.31044   0.39871   0.36480   0.10167   0.67571   0.19021   0.38748   0.42844   0.87575   1.84851   1.33415   0.45386   0.64472   0.59480   0.83758   0.14245   0.38908   0.14307   0.10760   0.47025   0.51830   0.48052   0.63141   0.44629   0.33769   0.12609   0.00321   0.00441   0.13019   0.55150   0.23475   1.39791   0.13219   1.24023   0.12380   0.14123   0.14083   0.15530   0.43953   0.05530   0.06628   0.34708   0.31470   0.22177   0.24294   0.18103   0.13005   0.51720   0.49043   1.06234   0.10965   0.68174   0.09897   0.54659   0.07860   1.30685   0.24424   0.11905   0.36194   0.38153   0.17616   0.29952   0.07279   0.40180   0.55925   1.92669   1.45148  -2.27392   0.02280  
 96 13.2959 155954.478330  x:  2.34376   0.39133   0.30971   0.39807   0.36541   0.10184   0.67517   0.19028   0.38763   0.42821   0.87588   1.84845   1.33408   0.45395   0.64476   0.59495   0.83765   0.14240   0.38906   0.14311   0.10765   0.47026   0.51807   0.48035   0.63137   0.44633   0.33761   0.12609   0.00321   0.00441   0.13019   0.55157   0.23500   1.39789   0.13215   1.24023   0.12379   0.14124   0.14088   0.15528   0.43953   0.05529   0.06628   0.34708   0.31469   0.22178   0.24293   0.18103   0.13005   0.51749   0.49014   1.06230   0.10964   0.68167   0.09892   0.54750   0.07854   1.30682   0.24423   0.11905   0.36196   0.38152   0.17616   0.29952   0.07279   0.40179   0.55925   1.92673   1.45162  -2.27385   0.02280  
 97  0.9590 155954.436300  x:  2.34075   0.39516   0.31043   0.39872   0.36473   0.10153   0.66810   0.19104   0.38778   0.42846   0.87731   1.84723   1.33170   0.45458   0.64545   0.59730   0.83837   0.14241   0.39159   0.14313   0.10764   0.47007   0.51901   0.48057   0.63096   0.44347   0.33777   0.12606   0.00323   0.00440   0.13038   0.55230   0.23441   1.39689   0.13223   1.24007   0.12383   0.14147   0.14118   0.15533   0.43979   0.05531   0.06633   0.34718   0.31484   0.22187   0.24304   0.18110   0.13002   0.51730   0.49063   1.06129   0.10980   0.68234   0.09890   0.54622   0.07864   1.30628   0.24432   0.11908   0.36210   0.38174   0.17620   0.29962   0.07284   0.40193   0.55948   1.92693   1.45400  -2.27144   0.02280  
 98  0.3447 155953.820417  x:  2.29533   0.39218   0.30849   0.39800   0.36661   0.10034   0.67498   0.18970   0.38788   0.43103   0.87107   1.82983   1.29709   0.46274   0.64392   0.59917   0.83390   0.14190   0.38811   0.14267   0.10820   0.46917   0.51926   0.48166   0.63399   0.44718   0.33858   0.12537   0.00351   0.00421   0.13251   0.55269   0.22842   1.38475   0.13177   1.24031   0.12285   0.14444   0.14472   0.15457   0.44177   0.05534   0.06664   0.34780   0.31632   0.22249   0.24384   0.18170   0.12954   0.51840   0.49068   1.05956   0.11097   0.68684   0.09743   0.54653   0.07830   1.30198   0.24460   0.11915   0.36329   0.38350   0.17605   0.29993   0.07326   0.40283   0.56075   1.92095   1.49465  -2.24258   0.02271  
 99  4.2070 155953.815420  x:  2.29495   0.39217   0.30882   0.39824   0.36636   0.10023   0.67512   0.18967   0.38960   0.42897   0.87101   1.82971   1.29681   0.46281   0.64390   0.59917   0.83385   0.14189   0.38804   0.14269   0.10821   0.46927   0.51922   0.48153   0.63404   0.44725   0.33862   0.12537   0.00351   0.00421   0.13253   0.55268   0.22838   1.38465   0.13178   1.24031   0.12284   0.14446   0.14474   0.15458   0.44178   0.05535   0.06664   0.34781   0.31634   0.22249   0.24385   0.18171   0.12953   0.51824   0.49089   1.05954   0.11098   0.68687   0.09742   0.54649   0.07831   1.30194   0.24461   0.11915   0.36330   0.38351   0.17605   0.29995   0.07326   0.40283   0.56077   1.92088   1.49491  -2.24234   0.02271  
100  3.5629 155953.651984  x:  2.26601   0.39530   0.30826   0.39776   0.36684   0.10023   0.67586   0.18938   0.38973   0.42908   0.86518   1.84202   1.28634   0.46417   0.64582   0.59972   0.83244   0.14167   0.38810   0.14274   0.10819   0.46878   0.51904   0.48131   0.63410   0.44849   0.33913   0.12573   0.00353   0.00427   0.13241   0.55161   0.22648   1.37564   0.13204   1.23862   0.12283   0.14472   0.14505   0.15456   0.44201   0.05543   0.06682   0.34754   0.31629   0.22221   0.24367   0.18148   0.12980   0.51829   0.49011   1.05647   0.11114   0.68856   0.09698   0.54654   0.07818   1.29677   0.24455   0.11901   0.36322   0.38347   0.17591   0.29968   0.07328   0.40256   0.56051   1.92170   1.47061  -2.27047   0.02285  
101  0.0634 155953.597374  x:  2.24765   0.39350   0.30843   0.39775   0.36571   0.10013   0.67467   0.18922   0.38866   0.42817   0.86455   1.84567   1.28364   0.46003   0.64295   0.59767   0.83108   0.14157   0.38789   0.14265   0.10791   0.46850   0.51829   0.48043   0.63199   0.44664   0.33848   0.12583   0.00345   0.00423   0.13160   0.55062   0.22864   1.37182   0.13201   1.23313   0.12318   0.14574   0.14420   0.15433   0.44101   0.05533   0.06656   0.34679   0.31561   0.22154   0.24280   0.18091   0.12969   0.51721   0.48920   1.05347   0.11086   0.68563   0.09700   0.54622   0.07810   1.29411   0.24402   0.11874   0.36212   0.38244   0.17583   0.29874   0.07304   0.40199   0.55925   1.92208   1.47660  -2.28168   0.02284  
102  0.0222 155953.583497  x:  2.24618   0.39219   0.30832   0.39748   0.36580   0.10013   0.67425   0.18928   0.38857   0.42801   0.86604   1.84245   1.28426   0.45931   0.64203   0.59748   0.83049   0.14161   0.38765   0.14261   0.10791   0.46839   0.51833   0.48021   0.63181   0.44647   0.33815   0.12562   0.00338   0.00443   0.13160   0.55061   0.22872   1.37244   0.13201   1.23252   0.12313   0.14670   0.14407   0.15429   0.44073   0.05524   0.06645   0.34683   0.31552   0.22163   0.24299   0.18110   0.12957   0.51717   0.48921   1.05319   0.11070   0.68524   0.09715   0.54577   0.07816   1.29365   0.24401   0.11875   0.36213   0.38234   0.17578   0.29894   0.07296   0.40193   0.55926   1.92251   1.48880  -2.27408   0.02285  
103  0.0095 155953.579864  x:  2.24846   0.39262   0.30823   0.39738   0.36577   0.10015   0.67406   0.18925   0.38855   0.42796   0.86483   1.84130   1.28453   0.45984   0.64236   0.59728   0.83046   0.14154   0.38775   0.14258   0.10787   0.46822   0.51811   0.48004   0.63172   0.44640   0.33818   0.12558   0.00334   0.00441   0.13160   0.55046   0.22831   1.37142   0.13199   1.23251   0.12304   0.14720   0.14368   0.15434   0.44076   0.05521   0.06646   0.34677   0.31545   0.22162   0.24292   0.18101   0.12949   0.51707   0.48913   1.05345   0.11048   0.68527   0.09716   0.54558   0.07815   1.29348   0.24400   0.11874   0.36211   0.38232   0.17573   0.29889   0.07295   0.40184   0.55917   1.92222   1.49143  -2.27635   0.02284  
104  0.0038 155953.579586  x:  2.24909   0.39283   0.30823   0.39742   0.36571   0.10013   0.67411   0.18922   0.38854   0.42795   0.86473   1.84188   1.28441   0.45984   0.64248   0.59736   0.83059   0.14152   0.38771   0.14257   0.10787   0.46822   0.51814   0.48014   0.63178   0.44646   0.33820   0.12560   0.00335   0.00442   0.13159   0.55049   0.22831   1.37154   0.13197   1.23260   0.12306   0.14730   0.14374   0.15431   0.44078   0.05523   0.06648   0.34674   0.31544   0.22158   0.24286   0.18096   0.12951   0.51705   0.48905   1.05336   0.11056   0.68525   0.09709   0.54568   0.07815   1.29352   0.24398   0.11874   0.36207   0.38231   0.17574   0.29880   0.07297   0.40183   0.55911   1.92216   1.49181  -2.27628   0.02284  
105  0.0009 155953.579537  x:  2.24928   0.39275   0.30825   0.39741   0.36572   0.10012   0.67415   0.18922   0.38854   0.42795   0.86495   1.84225   1.28451   0.45984   0.64243   0.59742   0.83061   0.14153   0.38773   0.14256   0.10787   0.46825   0.51818   0.48013   0.63179   0.44647   0.33818   0.12561   0.00335   0.00442   0.13161   0.55051   0.22836   1.37157   0.13197   1.23262   0.12305   0.14738   0.14374   0.15431   0.44077   0.05523   0.06649   0.34674   0.31545   0.22158   0.24290   0.18100   0.12950   0.51706   0.48908   1.05336   0.11055   0.68529   0.09708   0.54568   0.07814   1.29358   0.24398   0.11873   0.36208   0.38232   0.17573   0.29883   0.07298   0.40182   0.55912   1.92219   1.49240  -2.27553   0.02284  
106  0.0006 155953.579498  x:  2.24932   0.39276   0.30824   0.39741   0.36573   0.10012   0.67413   0.18922   0.38855   0.42796   0.86484   1.84219   1.28460   0.45985   0.64244   0.59738   0.83060   0.14153   0.38772   0.14257   0.10787   0.46825   0.51816   0.48013   0.63180   0.44646   0.33819   0.12561   0.00335   0.00441   0.13161   0.55050   0.22833   1.37154   0.13197   1.23265   0.12305   0.14748   0.14372   0.15432   0.44078   0.05524   0.06649   0.34675   0.31545   0.22160   0.24288   0.18098   0.12950   0.51707   0.48909   1.05337   0.11053   0.68528   0.09710   0.54567   0.07815   1.29360   0.24399   0.11874   0.36209   0.38232   0.17574   0.29884   0.07298   0.40183   0.55914   1.92220   1.49314  -2.27427   0.02284  
107  0.0005 155953.579494  x:  2.24930   0.39278   0.30825   0.39743   0.36573   0.10013   0.67415   0.18922   0.38856   0.42797   0.86487   1.84218   1.28459   0.45984   0.64247   0.59740   0.83063   0.14153   0.38773   0.14257   0.10788   0.46825   0.51817   0.48015   0.63181   0.44647   0.33820   0.12561   0.00335   0.00442   0.13160   0.55051   0.22834   1.37156   0.13197   1.23264   0.12305   0.14749   0.14371   0.15432   0.44080   0.05524   0.06648   0.34676   0.31545   0.22160   0.24289   0.18099   0.12951   0.51708   0.48908   1.05339   0.11054   0.68528   0.09709   0.54569   0.07815   1.29359   0.24399   0.11874   0.36209   0.38233   0.17574   0.29884   0.07298   0.40184   0.55915   1.92219   1.49328  -2.27400   0.02284  
108  0.0003 155953.579494  x:  2.24930   0.39278   0.30825   0.39742   0.36573   0.10013   0.67415   0.18922   0.38856   0.42797   0.86487   1.84218   1.28458   0.45984   0.64247   0.59740   0.83062   0.14153   0.38773   0.14257   0.10787   0.46825   0.51817   0.48015   0.63181   0.44647   0.33820   0.12561   0.00335   0.00442   0.13160   0.55051   0.22834   1.37156   0.13197   1.23263   0.12305   0.14749   0.14371   0.15432   0.44079   0.05523   0.06648   0.34675   0.31545   0.22160   0.24289   0.18099   0.12950   0.51708   0.48908   1.05339   0.11053   0.68529   0.09709   0.54569   0.07815   1.29359   0.24399   0.11874   0.36209   0.38233   0.17574   0.29884   0.07298   0.40184   0.55914   1.92219   1.49330  -2.27399   0.02284  
109  0.0000 155953.579494  x:  2.24930   0.39278   0.30825   0.39742   0.36573   0.10013   0.67415   0.18922   0.38856   0.42797   0.86487   1.84218   1.28458   0.45984   0.64247   0.59740   0.83062   0.14153   0.38773   0.14257   0.10787   0.46825   0.51817   0.48015   0.63181   0.44647   0.33820   0.12561   0.00335   0.00442   0.13160   0.55051   0.22834   1.37156   0.13197   1.23263   0.12305   0.14749   0.14371   0.15432   0.44079   0.05523   0.06648   0.34675   0.31545   0.22160   0.24289   0.18099   0.12950   0.51708   0.48908   1.05339   0.11053   0.68529   0.09709   0.54569   0.07815   1.29359   0.24399   0.11874   0.36209   0.38233   0.17574   0.29884   0.07298   0.40184   0.55914   1.92219   1.49330  -2.27399   0.02284  
110  0.0000 155953.579494  x:  2.24930   0.39278   0.30825   0.39742   0.36573   0.10013   0.67415   0.18922   0.38856   0.42797   0.86487   1.84218   1.28458   0.45984   0.64247   0.59740   0.83062   0.14153   0.38773   0.14257   0.10787   0.46825   0.51817   0.48015   0.63181   0.44647   0.33820   0.12561   0.00335   0.00442   0.13160   0.55051   0.22834   1.37156   0.13197   1.23263   0.12305   0.14749   0.14371   0.15432   0.44079   0.05523   0.06648   0.34675   0.31545   0.22160   0.24289   0.18099   0.12950   0.51708   0.48908   1.05339   0.11053   0.68529   0.09709   0.54569   0.07815   1.29359   0.24399   0.11874   0.36209   0.38233   0.17574   0.29884   0.07298   0.40184   0.55914   1.92219   1.49330  -2.27399   0.02284  