

TREE # 1

  0  0.0000 174693.509523  x:  1.93008   0.38762   0.31616   0.40622   0.36157   0.10063   0.76570   0.18691   0.50595   0.41567   0.82710   1.65034   1.15308   0.44253   0.60335   0.59829   0.79141   0.14567   0.39396   0.13702   0.12211   0.45131   0.53418   0.46895   0.61484   0.44119   0.34474   0.13164   0.00343   0.00448   0.13101   0.52479   0.22332   1.26404   0.13132   1.18031   0.13010   0.34248   0.14101   0.16779   0.44159   0.05445   0.06636   0.35148   0.30752   0.22266   0.24627   0.18051   0.11955   0.50518   0.53216   1.01344   0.12459   0.66048   0.09885   0.53839   0.08353   1.24556   0.25896   0.11185   0.36294   0.37832   0.17904   0.29025   0.07521   0.39852   0.54566   2.00000   1.25669   0.09862   0.23683   2.76432  
  1 99.0000 158506.857986  x:  1.92872   0.38597   0.31487   0.40525   0.36083   0.09928   0.76427   0.18571   0.50461   0.41476   0.82575   1.64903   1.15156   0.44102   0.60193   0.59702   0.79011   0.14404   0.39253   0.13605   0.12099   0.45029   0.53312   0.46793   0.61386   0.43978   0.34375   0.13195   0.00564   0.00563   0.13122   0.52392   0.22156   1.26281   0.12963   1.17914   0.12861   0.34134   0.14015   0.16745   0.44135   0.05484   0.06703   0.35160   0.30774   0.22283   0.24666   0.18114   0.11951   0.50489   0.53147   1.01254   0.12248   0.65983   0.09815   0.53787   0.08286   1.24456   0.25816   0.11203   0.36251   0.37801   0.17892   0.29067   0.07579   0.39885   0.54585   2.00408   1.25254   0.10286   0.03491   2.76429  
  2 82957.8648 158213.178397  x:  1.92996   0.38752   0.31814   0.41031   0.36721   0.10251   0.76601   0.18960   0.50639   0.42002   0.82816   1.65067   1.15270   0.44258   0.60387   0.60019   0.79298   0.14570   0.39444   0.14087   0.12501   0.45506   0.53777   0.47222   0.61857   0.44185   0.34809   0.14422   0.00724   0.00842   0.14316   0.52943   0.22317   1.26518   0.13139   1.18191   0.13116   0.34371   0.14489   0.17436   0.44973   0.06657   0.08011   0.36245   0.31917   0.23416   0.25913   0.19518   0.12946   0.51326   0.53679   1.01695   0.11100   0.66550   0.10347   0.54431   0.08898   1.24813   0.26254   0.12205   0.37017   0.38630   0.18833   0.30282   0.08940   0.41046   0.55654   2.00451   1.31328   0.04303   0.02563   2.76407  
  3 5158.0025 158136.885843  x:  1.92387   0.37976   0.31290   0.40757   0.36631   0.09661   0.75931   0.18494   0.49983   0.41772   0.82245   1.64507   1.14566   0.43557   0.59754   0.59526   0.78777   0.13798   0.38789   0.13799   0.12071   0.45207   0.53445   0.46885   0.61577   0.43551   0.34502   0.14851   0.00651   0.00000   0.14688   0.52766   0.21487   1.26025   0.12336   1.17743   0.12445   0.33859   0.14214   0.17468   0.45212   0.07077   0.08626   0.36756   0.32494   0.23893   0.26570   0.20307   0.13304   0.51577   0.53559   1.01466   0.09271   0.66513   0.10166   0.54466   0.08762   1.24490   0.25993   0.12657   0.37132   0.38838   0.19098   0.30993   0.09639   0.41734   0.56257   2.02554   1.32411   0.03314   0.02590   2.76383  
  4 2300.6294 157891.364919  x:  1.89786   0.34670   0.29046   0.39568   0.36224   0.07142   0.73071   0.16497   0.47179   0.40774   0.79807   1.62116   1.11567   0.40568   0.57055   0.57418   0.76549   0.10509   0.35997   0.12556   0.10231   0.43917   0.52016   0.45435   0.60371   0.40845   0.33179   0.16628   0.00681   0.00190   0.16219   0.51993   0.17950   1.23914   0.08913   1.15827   0.09579   0.31671   0.13026   0.17573   0.46195   0.08809   0.11181   0.38889   0.34897   0.25876   0.29310   0.23598   0.14785   0.52610   0.53023   1.00472   0.01536   0.66333   0.09379   0.54586   0.08157   1.23104   0.24862   0.14540   0.37589   0.39692   0.20186   0.33967   0.12547   0.44614   0.58782   2.11501   1.36788  -0.00668   0.02761   2.76282  
  5 63520.9916 157778.613451  x:  1.86739   0.31018   0.26905   0.38349   0.35905   0.05242   0.69858   0.14786   0.44072   0.39854   0.77118   1.59348   1.08086   0.37385   0.54112   0.55118   0.74057   0.07348   0.33012   0.11564   0.08664   0.42642   0.50537   0.44013   0.59157   0.37941   0.31779   0.17197   0.02702   0.00118   0.16603   0.51244   0.14380   1.21581   0.05979   1.13724   0.07537   0.29719   0.11928   0.17283   0.47021   0.09358   0.12262   0.40636   0.36818   0.27083   0.31185   0.25693   0.16071   0.53652   0.52357   0.99394   0.07500   0.66342   0.09421   0.54839   0.07770   1.21519   0.23621   0.15906   0.37888   0.40433   0.20809   0.36367   0.14240   0.47206   0.61194   2.20855   1.41731  -0.05379   0.02907   2.76231  
  6 3520.6490 157737.179211  x:  1.85836   0.30096   0.26589   0.38102   0.35906   0.05424   0.69003   0.14696   0.43286   0.39739   0.76439   1.58547   1.07073   0.36687   0.53384   0.54550   0.73400   0.07034   0.32350   0.11568   0.08597   0.42418   0.50224   0.43768   0.58923   0.37275   0.31478   0.16801   0.00408   0.00338   0.16186   0.51126   0.13770   1.20968   0.05882   1.13175   0.07531   0.29301   0.11768   0.17029   0.47119   0.08930   0.11791   0.40800   0.36970   0.26958   0.31138   0.25543   0.16228   0.53875   0.52145   0.99118   0.08379   0.66390   0.09547   0.54923   0.07742   1.21083   0.23298   0.15920   0.37869   0.40525   0.20688   0.36578   0.13989   0.47596   0.61633   2.23018   1.43214  -0.06793   0.02891   2.76215  
  7 2400.9932 157593.702377  x:  1.79458   0.24426   0.25789   0.36834   0.36260   0.09794   0.63450   0.15904   0.38442   0.39598   0.72215   1.52980   1.00026   0.33026   0.48975   0.51097   0.69162   0.08026   0.28802   0.12853   0.09857   0.41506   0.48556   0.42806   0.57803   0.33579   0.29894   0.11831   0.01144   0.00239   0.11287   0.50696   0.11761   1.16976   0.08736   1.09605   0.09980   0.26985   0.11420   0.14591   0.47105   0.03726   0.05371   0.40303   0.36123   0.24083   0.28190   0.21214   0.16242   0.54921   0.50515   0.97335   0.06970   0.66781   0.10470   0.55401   0.07828   1.18134   0.21232   0.14281   0.37182   0.40502   0.18478   0.35781   0.09011   0.48499   0.63327   2.35376   1.53401  -0.16391   0.02841   2.76065  
  8 2315.9008 157544.944125  x:  1.75118   0.22090   0.25615   0.36006   0.36069   0.10810   0.60275   0.16744   0.36362   0.39619   0.70179   1.49279   0.95442   0.32027   0.46957   0.49508   0.66872   0.10569   0.27941   0.13456   0.10390   0.41052   0.47586   0.42344   0.57100   0.32530   0.29434   0.14976   0.01158   0.00228   0.14954   0.50457   0.12862   1.14384   0.10319   1.07239   0.11277   0.26276   0.12186   0.14185   0.46701   0.06239   0.05628   0.38792   0.34523   0.22960   0.25510   0.18295   0.15170   0.54443   0.48924   0.96115   0.06992   0.66580   0.10034   0.54911   0.07736   1.16084   0.20351   0.12433   0.36019   0.39441   0.16747   0.33518   0.05112   0.46933   0.62397   2.39911   1.57564  -0.20227   0.02858   2.75984  
  9 1163.0500 157505.795685  x:  1.67998   0.21496   0.25909   0.35080   0.35375   0.09463   0.56547   0.17633   0.35481   0.39936   0.68647   1.43418   0.88392   0.32233   0.45335   0.48544   0.64504   0.13857   0.28872   0.13628   0.10284   0.40701   0.46547   0.41889   0.56110   0.33140   0.29434   0.12306   0.01030   0.00248   0.12602   0.50168   0.16491   1.10382   0.10681   1.03568   0.11493   0.26275   0.13399   0.14434   0.44753   0.08178   0.09982   0.35584   0.31386   0.23177   0.24591   0.19297   0.12963   0.52303   0.46347   0.94143   0.07170   0.65663   0.08571   0.53282   0.08239   1.12884   0.20875   0.11750   0.34485   0.37346   0.17139   0.30503   0.07350   0.43239   0.59092   2.40922   1.61981  -0.24139   0.02870   2.75866  
 10 667.5014 157480.497662  x:  1.61304   0.22580   0.26377   0.34661   0.34744   0.08145   0.54397   0.17826   0.35700   0.39979   0.68193   1.38108   0.82217   0.32456   0.44540   0.48518   0.63208   0.13999   0.29922   0.13189   0.09819   0.40506   0.45983   0.41511   0.55218   0.34042   0.29564   0.13890   0.00985   0.00245   0.13860   0.49784   0.18281   1.06856   0.09709   1.00421   0.10757   0.26449   0.13213   0.14278   0.42597   0.04880   0.07919   0.33503   0.29411   0.22201   0.25140   0.20197   0.12558   0.50451   0.44963   0.92294   0.07134   0.64593   0.08398   0.51745   0.08225   1.10060   0.21579   0.12701   0.33946   0.36181   0.18323   0.29333   0.09611   0.40411   0.56001   2.38710   1.65190  -0.26837   0.02869   2.75752  
 11 728.0662 157452.642331  x:  1.50238   0.25405   0.27001   0.34569   0.33876   0.08009   0.53215   0.17274   0.36503   0.39205   0.68306   1.29770   0.73084   0.32429   0.44122   0.49310   0.62289   0.10542   0.30819   0.12171   0.09362   0.40229   0.45593   0.40972   0.53922   0.34885   0.29320   0.13119   0.00988   0.00235   0.12775   0.48708   0.18173   1.01656   0.08139   0.96006   0.09834   0.26675   0.12109   0.15726   0.41505   0.07190   0.05729   0.34466   0.31169   0.22258   0.25058   0.18320   0.15028   0.48649   0.44603   0.89487   0.06857   0.62657   0.09666   0.49667   0.06888   1.05775   0.21467   0.12947   0.33727   0.35488   0.18038   0.29110   0.08184   0.38101   0.52333   2.31173   1.68790  -0.29532   0.02871   2.75555  
 12 596.5725 157437.107493  x:  1.41715   0.26264   0.26549   0.34580   0.33468   0.08698   0.53602   0.16713   0.36379   0.38199   0.68049   1.23907   0.67489   0.32364   0.44294   0.49742   0.61965   0.09129   0.30512   0.12294   0.09797   0.39903   0.45440   0.40706   0.53391   0.34564   0.28856   0.13204   0.00990   0.00235   0.13345   0.47788   0.16996   0.98521   0.09804   0.93533   0.11104   0.26537   0.11296   0.14030   0.41226   0.05466   0.08182   0.35743   0.32231   0.22764   0.24588   0.18280   0.14263   0.47999   0.44795   0.87668   0.06859   0.61333   0.09571   0.49099   0.07632   1.03107   0.21054   0.11745   0.33577   0.35620   0.16894   0.30283   0.07923   0.39867   0.52565   2.24271   1.70196  -0.30192   0.02885   2.75395  
 13 519.9076 157428.654143  x:  1.35542   0.25525   0.25490   0.34587   0.33510   0.08347   0.54439   0.16436   0.35941   0.37759   0.67461   1.20258   0.65053   0.32357   0.44604   0.49691   0.61877   0.10476   0.29770   0.12591   0.09690   0.39547   0.45338   0.40489   0.53400   0.33798   0.28653   0.13120   0.00975   0.00238   0.13248   0.47445   0.15909   0.96898   0.10387   0.92432   0.11504   0.26351   0.12324   0.13915   0.42258   0.06815   0.06635   0.35043   0.31027   0.22383   0.24703   0.19360   0.13588   0.48574   0.45222   0.87016   0.06900   0.60823   0.08794   0.49513   0.08276   1.01874   0.20765   0.12036   0.33817   0.36292   0.16940   0.30932   0.08090   0.41877   0.54361   2.19306   1.70702  -0.30066   0.02895   2.75261  
 14 374.7400 157425.051621  x:  1.31554   0.24235   0.25105   0.34599   0.33879   0.08154   0.55062   0.16711   0.35842   0.38227   0.66981   1.18635   0.65396   0.32309   0.44582   0.49265   0.61912   0.11331   0.29114   0.12510   0.09314   0.39416   0.45374   0.40383   0.53701   0.33136   0.28848   0.13223   0.00979   0.00235   0.13067   0.47801   0.15751   0.96553   0.09359   0.92452   0.10721   0.26044   0.12665   0.14730   0.42697   0.05807   0.07597   0.34732   0.30853   0.22318   0.24768   0.18793   0.13791   0.49565   0.45501   0.87212   0.06853   0.61209   0.09122   0.50326   0.07641   1.01867   0.20696   0.12621   0.33890   0.36508   0.17443   0.30164   0.07328   0.41660   0.55427   2.16967   1.71066  -0.29861   0.02895   2.75144  
 15 173.9315 157421.622717  x:  1.26231   0.22797   0.25477   0.34410   0.34188   0.08699   0.55332   0.16796   0.35758   0.38878   0.66713   1.17233   0.67605   0.32117   0.44152   0.48470   0.61988   0.10610   0.28554   0.12324   0.09569   0.39506   0.45510   0.40448   0.54183   0.32496   0.28940   0.13174   0.00989   0.00235   0.13354   0.48449   0.16430   0.96930   0.09263   0.93282   0.10640   0.25638   0.11853   0.14439   0.42768   0.06239   0.07083   0.34882   0.31382   0.22556   0.25091   0.18838   0.13372   0.50295   0.45186   0.87826   0.06847   0.62081   0.09363   0.51182   0.07231   1.02581   0.20848   0.11758   0.33410   0.35931   0.17518   0.29732   0.08531   0.40477   0.55919   2.15516   1.71554  -0.29358   0.02899   2.74940  
 16 133.5604 157418.282572  x:  1.20469   0.22689   0.25697   0.34151   0.34028   0.08036   0.54913   0.16104   0.35577   0.38742   0.67169   1.16244   0.70767   0.31828   0.43824   0.48046   0.62150   0.10084   0.28920   0.12248   0.09413   0.39585   0.45460   0.40543   0.54516   0.32681   0.28589   0.13240   0.00982   0.00235   0.13147   0.48747   0.16683   0.97806   0.09877   0.94523   0.11002   0.26037   0.12276   0.14109   0.42301   0.06231   0.07035   0.35297   0.31664   0.22549   0.24721   0.19212   0.13748   0.50159   0.44835   0.88653   0.06846   0.62626   0.08399   0.51146   0.08102   1.03702   0.21155   0.12600   0.33817   0.36118   0.17627   0.30206   0.07663   0.39851   0.55356   2.15453   1.72333  -0.28710   0.02899   2.74648  
 17 133.4923 157414.729186  x:  1.14857   0.23934   0.25927   0.34301   0.33782   0.08461   0.54464   0.16517   0.35739   0.38272   0.68196   1.15640   0.73950   0.31653   0.43937   0.48295   0.62394   0.10971   0.29792   0.12343   0.09325   0.39640   0.45344   0.40650   0.54526   0.33466   0.28230   0.13257   0.00973   0.00237   0.13175   0.48610   0.16066   0.98790   0.09499   0.95650   0.10594   0.26347   0.12487   0.14413   0.42088   0.06171   0.07285   0.35082   0.31063   0.22305   0.24536   0.18813   0.14094   0.49405   0.44806   0.89264   0.06892   0.62632   0.08884   0.50338   0.07325   1.04693   0.20517   0.12260   0.34023   0.36283   0.16895   0.31098   0.08195   0.41154   0.54779   2.16473   1.73376  -0.27814   0.02901   2.74255  
 18 151.5529 157412.214051  x:  1.12505   0.24798   0.25530   0.34734   0.33849   0.08385   0.54513   0.17144   0.36152   0.38248   0.68770   1.15758   0.75149   0.31897   0.44386   0.48972   0.62609   0.11100   0.29811   0.12378   0.09695   0.39744   0.45426   0.40697   0.54164   0.33724   0.28546   0.13046   0.00970   0.00237   0.13303   0.48329   0.15702   0.99327   0.09316   0.95962   0.10380   0.25977   0.11681   0.14366   0.42527   0.06264   0.07234   0.34806   0.30916   0.22590   0.25432   0.19337   0.13461   0.49018   0.45190   0.89116   0.06885   0.62111   0.09700   0.50005   0.08051   1.04988   0.20874   0.12111   0.33798   0.36329   0.17103   0.30161   0.07262   0.41786   0.54591   2.17432   1.74287  -0.26964   0.02902   2.73900  
 19 91.0965 157405.700334  x:  1.09725   0.25873   0.24473   0.35542   0.34170   0.07946   0.55148   0.17569   0.36863   0.38590   0.69541   1.16927   0.76185   0.33050   0.45739   0.50769   0.63057   0.10381   0.29059   0.12502   0.09929   0.39974   0.45754   0.40735   0.53179   0.33710   0.29906   0.13214   0.00951   0.00241   0.13269   0.47679   0.15844   1.00380   0.10074   0.96010   0.10925   0.25610   0.11609   0.14830   0.43616   0.06251   0.07114   0.34757   0.31586   0.22567   0.24523   0.17757   0.13005   0.49111   0.46572   0.88284   0.06993   0.60403   0.08639   0.49532   0.08067   1.04924   0.21455   0.12512   0.33380   0.36434   0.18778   0.28630   0.08387   0.42270   0.55107   2.19239   1.76910  -0.24426   0.02903   2.72857  
 20 104.1164 157386.605812  x:  1.06575   0.26454   0.24551   0.35875   0.34458   0.09623   0.57152   0.16490   0.36952   0.39229   0.70508   1.21179   0.76509   0.35712   0.48660   0.53987   0.63646   0.09775   0.28074   0.13506   0.09106   0.40362   0.46480   0.41020   0.52028   0.33548   0.32242   0.13701   0.00908   0.00250   0.13094   0.46497   0.16850   1.02614   0.10544   0.95390   0.11765   0.26845   0.14919   0.15239   0.44166   0.05465   0.06961   0.35348   0.32397   0.22721   0.24889   0.21166   0.14044   0.50398   0.48749   0.86378   0.07246   0.58024   0.08108   0.50006   0.05820   1.04016   0.20909   0.10970   0.32920   0.36232   0.18393   0.28141   0.07782   0.40062   0.56270   2.21523   1.84958  -0.16314   0.02908   2.69592  
 21 185.8630 157325.668500  x:  1.02425   0.25423   0.27129   0.34844   0.34586   0.11583   0.62278   0.13576   0.35903   0.40608   0.72265   1.35165   0.75229   0.41055   0.54912   0.59692   0.64336   0.10598   0.28786   0.15808   0.08916   0.41490   0.48466   0.42416   0.51883   0.34220   0.35368   0.13173   0.00840   0.00262   0.13810   0.44728   0.18367   1.08426   0.07414   0.93264   0.10236   0.29328   0.17552   0.12845   0.43099   0.06692   0.07508   0.36458   0.31888   0.21835   0.23025   0.19634   0.13686   0.52924   0.50143   0.81764   0.07336   0.56918   0.14336   0.54608   0.11221   1.01939   0.22883   0.12318   0.35168   0.37006   0.17199   0.33965   0.09177   0.35153   0.59041   2.23284   2.12269   0.11234   0.02923   2.58512  
 22 563.7202 157116.376562  x:  1.02457   0.20826   0.33053   0.34054   0.36557   0.05000   0.71548   0.18515   0.36655   0.44217   0.76637   1.74458   0.70580   0.47129   0.63591   0.64639   0.64920   0.10097   0.37083   0.14703   0.12391   0.44386   0.52052   0.45975   0.58145   0.38860   0.35153   0.12727   0.00399   0.00327   0.13532   0.47332   0.19579   1.23691   0.10510   0.91617   0.09272   0.31679   0.08998   0.14600   0.39442   0.07501   0.06778   0.37363   0.29697   0.24836   0.31832   0.15202   0.11956   0.55711   0.44437   0.77529   0.09057   0.63727   0.05695   0.60725   0.05424   0.99604   0.21496   0.15288   0.41241   0.38413   0.12862   0.39472   0.05881   0.37984   0.62204   2.14789   3.01217   0.93665   0.02872   2.23907  
 23 1149.7163 156830.828968  x:  1.12594   0.20983   0.36464   0.37329   0.38876   0.10607   0.75012   0.24713   0.38873   0.44178   0.83636   2.26631   0.64742   0.45104   0.65438   0.60649   0.65239   0.05280   0.44857   0.05545   0.08277   0.44890   0.51124   0.46405   0.66973   0.42531   0.28278   0.15976   0.00000   0.00393   0.13560   0.55440   0.16459   1.40940   0.13940   0.96162   0.15619   0.31824   0.14942   0.26687   0.42673   0.05891   0.06795   0.36699   0.34075   0.25813   0.26812   0.21045   0.18176   0.54913   0.38979   0.86668   0.10499   0.78990   0.10102   0.62557   0.12257   1.03234   0.26070   0.12265   0.39219   0.36759   0.21314   0.30564   0.08718   0.51932   0.59298   1.92642   4.40474   2.26144   0.02875   1.69156  
 24 2694.2814 156830.828968  x:  1.12594   0.20983   0.36464   0.37329   0.38876   0.10607   0.75012   0.24713   0.38873   0.44178   0.83636   2.26631   0.64742   0.45104   0.65438   0.60649   0.65239   0.05280   0.44857   0.05545   0.08277   0.44890   0.51124   0.46405   0.66973   0.42531   0.28278   0.15976   0.00000   0.00393   0.13560   0.55440   0.16459   1.40940   0.13940   0.96162   0.15619   0.31824   0.14942   0.26687   0.42673   0.05891   0.06795   0.36699   0.34075   0.25813   0.26812   0.21045   0.18176   0.54913   0.38979   0.86668   0.10499   0.78990   0.10102   0.62557   0.12257   1.03234   0.26070   0.12265   0.39219   0.36759   0.21314   0.30564   0.08718   0.51932   0.59298   1.92642   4.40474   2.26144   0.02875   1.69156  
 25 1893.7960 156818.060521  x:  1.12600   0.20988   0.36463   0.37333   0.38878   0.10608   0.75011   0.24712   0.38876   0.44180   0.83639   2.26631   0.64747   0.45105   0.65439   0.60651   0.65243   0.05289   0.44857   0.05557   0.08283   0.44894   0.51127   0.46408   0.66975   0.42532   0.28283   0.15976   0.00266   0.00486   0.13564   0.55443   0.16462   1.40940   0.13940   0.96166   0.15620   0.31826   0.14943   0.26683   0.42677   0.05893   0.06799   0.36704   0.34078   0.25815   0.26814   0.21047   0.18175   0.54916   0.38987   0.86673   0.10499   0.78990   0.10102   0.62557   0.12255   1.03240   0.26071   0.12268   0.39221   0.36764   0.21315   0.30568   0.08720   0.51931   0.59300   1.92639   4.40498   2.26120   0.02995   1.69156  
 26 12298.3692 156816.071093  x:  1.12607   0.20995   0.36463   0.37337   0.38881   0.10608   0.75011   0.24710   0.38879   0.44183   0.83642   2.26630   0.64753   0.45107   0.65440   0.60653   0.65248   0.05299   0.44857   0.05571   0.08290   0.44898   0.51130   0.46412   0.66978   0.42534   0.28288   0.15976   0.00320   0.00509   0.13568   0.55446   0.16467   1.40941   0.13939   0.96171   0.15620   0.31828   0.14944   0.26678   0.42682   0.05896   0.06802   0.36708   0.34081   0.25817   0.26817   0.21049   0.18174   0.54920   0.38996   0.86679   0.10499   0.78990   0.10102   0.62557   0.12253   1.03245   0.26071   0.12272   0.39223   0.36770   0.21316   0.30573   0.08721   0.51929   0.59304   1.92636   4.40524   2.26094   0.02921   1.69156  
 27 4043.3813 156555.849405  x:  1.15362   0.23546   0.36248   0.38901   0.39892   0.10753   0.74828   0.24000   0.40182   0.45121   0.84881   2.26342   0.67262   0.45792   0.65770   0.61532   0.67185   0.09180   0.44900   0.10981   0.11060   0.46459   0.52508   0.47914   0.68013   0.43164   0.30420   0.15899   0.00000   0.01372   0.15096   0.56829   0.18198   1.41101   0.13756   0.98229   0.15711   0.32557   0.15452   0.24623   0.44723   0.07095   0.08231   0.38586   0.35361   0.26523   0.28049   0.21919   0.17645   0.56296   0.42734   0.88943   0.10590   0.78824   0.10104   0.62543   0.11461   1.05530   0.26325   0.13697   0.40222   0.38989   0.21813   0.32456   0.09424   0.51414   0.60605   1.91253   4.51064   2.15473   0.02804   1.69201  
 28 2205.0334 156529.490656  x:  1.15770   0.23880   0.36207   0.39085   0.39997   0.10755   0.74795   0.23896   0.40326   0.45228   0.85048   2.26296   0.67626   0.45874   0.65809   0.61645   0.67456   0.09540   0.44878   0.11413   0.11282   0.46634   0.52661   0.48071   0.68108   0.43238   0.30671   0.15820   0.00404   0.00212   0.15171   0.56993   0.18407   1.41122   0.13738   0.98519   0.15711   0.32648   0.15505   0.24325   0.44935   0.07103   0.08239   0.38742   0.35450   0.26529   0.28114   0.21924   0.17538   0.56440   0.43170   0.89249   0.10605   0.78788   0.10092   0.62535   0.11345   1.05851   0.26344   0.13785   0.40310   0.39224   0.21812   0.32620   0.09422   0.51301   0.60738   1.91056   4.52278   2.14246   0.02765   1.69208  
 29 4849.8567 156441.059278  x:  1.21232   0.27092   0.35386   0.40210   0.40121   0.10246   0.74199   0.22508   0.40883   0.45753   0.86816   2.25578   0.72264   0.46419   0.66046   0.62648   0.70587   0.08501   0.43793   0.07257   0.09138   0.47387   0.53295   0.48376   0.67749   0.43661   0.32237   0.12541   0.00396   0.00262   0.11733   0.58013   0.19882   1.41326   0.13734   1.02013   0.15307   0.33362   0.15599   0.20549   0.45281   0.02699   0.02920   0.37493   0.33870   0.23942   0.25796   0.18616   0.15308   0.56682   0.45756   0.92524   0.10864   0.77977   0.09587   0.62222   0.09843   1.09616   0.26092   0.11640   0.39807   0.39762   0.19734   0.31628   0.06503   0.48786   0.60860   1.88708   4.58970   2.07353   0.02677   1.69309  
 30 1115.6820 156404.263369  x:  1.25987   0.29004   0.34495   0.40379   0.39509   0.09639   0.73519   0.21329   0.40604   0.45631   0.87980   2.24837   0.76119   0.46613   0.66062   0.63122   0.72863   0.06301   0.42691   0.02980   0.06782   0.47441   0.53234   0.48157   0.67118   0.43748   0.32617   0.13753   0.00377   0.00300   0.12613   0.58214   0.20420   1.41382   0.13596   1.04744   0.14601   0.33508   0.15499   0.18663   0.45455   0.05030   0.05446   0.36367   0.32944   0.23118   0.24344   0.17289   0.13650   0.56128   0.46368   0.94892   0.10738   0.77028   0.09074   0.61732   0.08782   1.12533   0.25719   0.09752   0.38873   0.39287   0.18077   0.30358   0.05080   0.46595   0.60398   1.87263   4.61969   2.04158   0.02642   1.69404  
 31 1031.6766 156372.489367  x:  1.34879   0.30844   0.32705   0.39411   0.37343   0.08675   0.72018   0.19536   0.38930   0.44506   0.89386   2.23174   0.82920   0.46616   0.65834   0.63225   0.76118   0.02929   0.41073   0.06636   0.05769   0.46979   0.52434   0.47623   0.66356   0.43595   0.31589   0.14953   0.00371   0.00305   0.12836   0.57373   0.20176   1.41239   0.13140   1.09194   0.12840   0.32929   0.14584   0.17075   0.44024   0.04561   0.06108   0.33460   0.30761   0.22358   0.24302   0.18971   0.11873   0.54006   0.44977   0.98251   0.10194   0.74852   0.08598   0.60491   0.08134   1.17259   0.25198   0.09031   0.37071   0.37502   0.17260   0.28848   0.07714   0.43488   0.58978   1.85761   4.62749   2.02955   0.02628   1.69606  
 32 621.4690 156347.921165  x:  1.45688   0.31848   0.31035   0.38177   0.35097   0.08634   0.70235   0.18507   0.37077   0.43188   0.90487   2.20843   0.90755   0.46591   0.65682   0.62753   0.79233   0.07280   0.39289   0.05678   0.07058   0.46157   0.51293   0.46736   0.64953   0.43389   0.29950   0.13508   0.00384   0.00286   0.11187   0.55915   0.19432   1.40913   0.12582   1.14069   0.11128   0.31958   0.13673   0.17941   0.42568   0.05452   0.06759   0.32256   0.30300   0.22713   0.24645   0.19779   0.12702   0.51809   0.43007   1.01530   0.10012   0.72191   0.09010   0.58964   0.08624   1.22342   0.24931   0.11404   0.35958   0.36123   0.18404   0.28303   0.09313   0.41110   0.57227   1.84978   4.62268   2.02848   0.02613   1.69887  
 33 713.5456 156336.250193  x:  1.52431   0.31666   0.30712   0.37970   0.34778   0.09482   0.69341   0.19051   0.36735   0.42900   0.90742   2.19132   0.95277   0.46314   0.65383   0.62075   0.80522   0.07650   0.38430   0.05206   0.08207   0.45655   0.50656   0.46314   0.64208   0.43163   0.29267   0.14858   0.00367   0.00313   0.13788   0.55170   0.18722   1.40644   0.12499   1.16698   0.10982   0.31457   0.13397   0.19108   0.42058   0.04384   0.05358   0.33371   0.31331   0.22991   0.24660   0.18882   0.14322   0.51198   0.42334   1.02939   0.10453   0.70785   0.09625   0.58160   0.09154   1.24935   0.24754   0.12253   0.36009   0.35948   0.19037   0.28703   0.08735   0.41233   0.56648   1.85326   4.61697   2.02980   0.02607   1.70097  
 34 569.5944 156323.458396  x:  1.61646   0.30607   0.30994   0.38382   0.35620   0.10795   0.68458   0.20670   0.37252   0.43200   0.90658   2.16489   1.00999   0.45752   0.64822   0.60848   0.81562   0.05490   0.37800   0.06255   0.08797   0.45103   0.49983   0.46035   0.63589   0.42881   0.28965   0.13372   0.00377   0.00300   0.12876   0.54590   0.17724   1.40251   0.12753   1.19756   0.11685   0.31053   0.13440   0.20592   0.42392   0.05038   0.05644   0.35913   0.33321   0.23988   0.24983   0.18081   0.16160   0.51264   0.42101   1.04137   0.11071   0.69350   0.10194   0.57350   0.09563   1.27768   0.24399   0.11670   0.36661   0.36314   0.19115   0.29694   0.07294   0.43103   0.56668   1.86559   4.60408   2.03577   0.02603   1.70426  
 35 555.6282 156312.930788  x:  1.72063   0.28484   0.31977   0.39386   0.37715   0.10820   0.68170   0.22273   0.38797   0.44306   0.90057   2.12955   1.06581   0.45491   0.64544   0.59398   0.81621   0.06947   0.38438   0.05866   0.07401   0.45068   0.50014   0.46307   0.63525   0.43134   0.30237   0.14653   0.00373   0.00313   0.12461   0.55068   0.17465   1.39894   0.13390   1.22101   0.12784   0.31247   0.13682   0.19989   0.43467   0.04975   0.05283   0.36198   0.32923   0.24080   0.25975   0.20125   0.15284   0.52549   0.42826   1.04232   0.10621   0.69010   0.09828   0.57282   0.09470   1.29705   0.24307   0.10334   0.38022   0.37578   0.18871   0.30944   0.07883   0.46527   0.58032   1.88735   4.57970   2.05046   0.02603   1.70878  
 36 339.9933 156307.071067  x:  1.79088   0.27208   0.32813   0.39667   0.38634   0.10104   0.68592   0.22487   0.39535   0.44927   0.89688   2.10237   1.09707   0.45625   0.64634   0.58836   0.81201   0.07488   0.39640   0.06645   0.08538   0.45920   0.51037   0.47224   0.64320   0.43640   0.31347   0.14672   0.00373   0.00315   0.12806   0.55914   0.17892   1.39834   0.13728   1.22918   0.13014   0.31878   0.14099   0.19319   0.44230   0.04927   0.06273   0.35321   0.32209   0.23573   0.24812   0.18838   0.14218   0.53802   0.43687   1.03720   0.10566   0.69952   0.10015   0.58088   0.09682   1.30248   0.24893   0.11189   0.38776   0.38454   0.19187   0.30504   0.07267   0.47380   0.58865   1.89792   4.55680   2.06508   0.02605   1.71264  
 37 314.8188 156302.675326  x:  1.85669   0.26938   0.33808   0.39420   0.38575   0.09770   0.69902   0.21857   0.39601   0.45165   0.89730   2.07298   1.11757   0.46139   0.65180   0.59211   0.80534   0.06404   0.41188   0.05730   0.08809   0.47165   0.52547   0.48344   0.65686   0.44387   0.31967   0.13951   0.00373   0.00320   0.13406   0.56996   0.18791   1.40156   0.13805   1.22776   0.12648   0.32825   0.14742   0.19862   0.44816   0.05169   0.05813   0.35168   0.32691   0.24101   0.26169   0.19932   0.14577   0.55125   0.44663   1.02813   0.10962   0.72168   0.10431   0.59712   0.09804   1.29862   0.25696   0.12083   0.38708   0.38495   0.19644   0.29979   0.07536   0.46546   0.59558   1.90136   4.54004   2.07131   0.02599   1.71754  
 38 212.6251 156299.930627  x:  1.90405   0.27507   0.34486   0.39336   0.38280   0.10231   0.71360   0.21452   0.39448   0.45239   0.90125   2.04941   1.12595   0.46805   0.66019   0.60185   0.80056   0.06976   0.42353   0.06003   0.07819   0.47810   0.53336   0.48982   0.66954   0.45030   0.31795   0.14507   0.00372   0.00324   0.13079   0.57631   0.19388   1.40742   0.13802   1.22188   0.12441   0.33309   0.14825   0.20564   0.44821   0.04732   0.06032   0.36133   0.33683   0.24512   0.25940   0.19290   0.15066   0.55552   0.44765   1.02060   0.10798   0.74084   0.09995   0.60947   0.09419   1.29081   0.25886   0.11371   0.38316   0.38023   0.19514   0.30363   0.08223   0.45761   0.59953   1.89984   4.52794   2.07349   0.02592   1.72212  
 39 200.7580 156298.660507  x:  1.93033   0.28352   0.34488   0.39725   0.38288   0.10530   0.72436   0.21583   0.39466   0.45362   0.90644   2.03378   1.12336   0.47253   0.66757   0.61289   0.79893   0.06937   0.42577   0.06150   0.08060   0.47780   0.53313   0.48973   0.67595   0.45240   0.31199   0.14819   0.00371   0.00326   0.12922   0.57720   0.19252   1.41493   0.13811   1.21463   0.12822   0.33205   0.14508   0.20594   0.44732   0.05545   0.05394   0.36361   0.33354   0.24338   0.25697   0.19551   0.14830   0.55073   0.44142   1.01735   0.10637   0.75065   0.09668   0.61419   0.09375   1.28246   0.25794   0.11455   0.38615   0.38241   0.19630   0.30903   0.07639   0.45788   0.59941   1.89715   4.52211   2.07049   0.02587   1.72618  
 40 101.4845 156297.742598  x:  1.95069   0.29025   0.34256   0.40097   0.38351   0.10483   0.73231   0.21727   0.39531   0.45478   0.91099   2.02032   1.11768   0.47588   0.67379   0.62248   0.79805   0.06744   0.42474   0.05874   0.08310   0.47562   0.53066   0.48764   0.67900   0.45303   0.30792   0.14622   0.00371   0.00327   0.13017   0.57730   0.18948   1.42277   0.13799   1.20740   0.13214   0.33037   0.14355   0.20443   0.44508   0.04862   0.06069   0.36428   0.33120   0.24299   0.25780   0.19840   0.14728   0.54614   0.43790   1.01589   0.10694   0.75649   0.09699   0.61608   0.09521   1.27461   0.25700   0.11627   0.38941   0.38516   0.19709   0.31207   0.07551   0.46166   0.59909   1.89586   4.51818   2.06547   0.02584   1.73028  
 41 137.9454 156296.870418  x:  1.97136   0.29387   0.33725   0.40269   0.38368   0.09948   0.73726   0.21733   0.39587   0.45537   0.91506   2.00420   1.10578   0.47883   0.67974   0.63097   0.79732   0.06853   0.41998   0.05993   0.08242   0.47146   0.52559   0.48359   0.67845   0.45220   0.30854   0.14244   0.00371   0.00326   0.13355   0.57743   0.18497   1.43379   0.13729   1.19786   0.13404   0.32854   0.14774   0.20514   0.44643   0.05109   0.05938   0.35935   0.33025   0.24241   0.25943   0.19351   0.15210   0.54458   0.44136   1.01706   0.10803   0.75732   0.09992   0.61378   0.09732   1.26536   0.25560   0.11394   0.38985   0.38548   0.19436   0.30785   0.08091   0.46796   0.59820   1.89688   4.51293   2.05730   0.02583   1.73644  
 42 82.4941 156296.049093  x:  1.98993   0.29211   0.33415   0.40064   0.38274   0.09888   0.73731   0.21629   0.39544   0.45457   0.91717   1.98702   1.08942   0.48050   0.68311   0.63445   0.79617   0.06954   0.41401   0.06200   0.08370   0.46941   0.52267   0.48114   0.67442   0.45042   0.31305   0.14679   0.00370   0.00326   0.13012   0.57739   0.18282   1.44603   0.13632   1.18799   0.13203   0.32729   0.14962   0.20328   0.44793   0.04933   0.05944   0.35865   0.33415   0.24453   0.26038   0.19588   0.15226   0.54596   0.44661   1.01969   0.10534   0.75220   0.09800   0.60817   0.09665   1.25706   0.25542   0.11497   0.38737   0.38410   0.19384   0.30089   0.07433   0.46750   0.59561   1.89955   4.50578   2.04698   0.02587   1.74441  
 43 78.2054 156295.055984  x:  2.01118   0.28577   0.33422   0.39672   0.38180   0.10377   0.73303   0.21499   0.39432   0.45274   0.91785   1.96453   1.06602   0.48082   0.68391   0.63316   0.79416   0.06573   0.40764   0.05977   0.08441   0.46973   0.52247   0.48069   0.66729   0.44787   0.31776   0.14730   0.00370   0.00326   0.12820   0.57577   0.18379   1.46139   0.13560   1.17680   0.12986   0.32696   0.14698   0.19982   0.44872   0.05049   0.05801   0.36066   0.33583   0.24378   0.25543   0.19484   0.14687   0.54798   0.44868   1.02322   0.10562   0.74286   0.09741   0.60153   0.09581   1.24864   0.25722   0.11868   0.38420   0.38260   0.19844   0.30551   0.08070   0.46462   0.59490   1.90221   4.49631   2.02992   0.02590   1.75650  
 44 107.5986 156294.009449  x:  2.03004   0.27731   0.33683   0.39447   0.38214   0.10674   0.72497   0.21390   0.39331   0.45090   0.91665   1.94111   1.04122   0.47937   0.68127   0.62628   0.79168   0.06933   0.40623   0.06218   0.08242   0.47223   0.52523   0.48331   0.66134   0.44646   0.31704   0.14111   0.00371   0.00323   0.13348   0.57157   0.18827   1.47514   0.13519   1.16851   0.13105   0.32846   0.14294   0.20061   0.44621   0.05052   0.05913   0.36088   0.33001   0.24090   0.25723   0.19557   0.14455   0.54832   0.44406   1.02597   0.10913   0.73367   0.10091   0.59844   0.09594   1.24347   0.25818   0.11198   0.38195   0.38055   0.19524   0.30880   0.07628   0.45749   0.59438   1.90111   4.48449   2.00876   0.02592   1.77150  
 45 106.2788 156292.848574  x:  2.04458   0.27081   0.33880   0.39585   0.38318   0.10038   0.71456   0.21376   0.39325   0.45019   0.91378   1.91723   1.01745   0.47410   0.67376   0.61453   0.78944   0.06695   0.41084   0.06104   0.07995   0.47419   0.52849   0.48636   0.65922   0.44636   0.30992   0.14581   0.00370   0.00324   0.12855   0.56646   0.19204   1.48378   0.13296   1.16518   0.13297   0.33035   0.14411   0.20575   0.44178   0.04962   0.05968   0.35787   0.32541   0.24028   0.25889   0.19203   0.15127   0.54609   0.43677   1.02623   0.10295   0.72786   0.09857   0.60058   0.09657   1.24350   0.25711   0.11490   0.38703   0.38356   0.19284   0.30685   0.07723   0.45473   0.59562   1.89549   4.47104   1.97896   0.02590   1.79104  
 46 86.1649 156290.924896  x:  2.05510   0.27290   0.33828   0.39721   0.37866   0.09574   0.70282   0.21702   0.39197   0.44932   0.90855   1.88426   0.99129   0.46272   0.65819   0.59760   0.78833   0.06913   0.42147   0.05893   0.08472   0.47019   0.52597   0.48390   0.66395   0.44762   0.30440   0.14329   0.00370   0.00324   0.13026   0.56535   0.19017   1.48273   0.12913   1.16900   0.13234   0.32887   0.14494   0.19667   0.44032   0.05044   0.05661   0.35774   0.33699   0.24436   0.25015   0.19667   0.14699   0.53841   0.43338   1.01877   0.10641   0.73078   0.09676   0.60839   0.09377   1.25086   0.25139   0.11221   0.38624   0.38011   0.19028   0.29714   0.08034   0.46031   0.59422   1.88487   4.43659   1.93001   0.02593   1.82853  
 47 77.0501 156287.422018  x:  2.06139   0.28526   0.33439   0.39633   0.37071   0.10464   0.69267   0.21927   0.38856   0.44724   0.89931   1.83343   0.96159   0.44742   0.63493   0.58133   0.79022   0.07084   0.42995   0.06214   0.07479   0.45912   0.51463   0.47297   0.67249   0.44667   0.30821   0.14134   0.00369   0.00325   0.13176   0.57095   0.18609   1.46721   0.12889   1.18020   0.12713   0.32036   0.14483   0.18994   0.44470   0.05050   0.05910   0.35446   0.33206   0.23729   0.25942   0.19057   0.14727   0.53391   0.44515   1.00209   0.10168   0.74102   0.09658   0.61520   0.09234   1.26581   0.24900   0.11872   0.37865   0.37681   0.19988   0.30358   0.07361   0.46325   0.58753   1.87402   4.36345   1.84238   0.02598   1.90052  
 48 160.7955 156282.281628  x:  2.05895   0.29971   0.32448   0.39528   0.37129   0.10702   0.69033   0.21235   0.38667   0.44566   0.88468   1.77020   0.94000   0.43940   0.61525   0.57991   0.79617   0.07064   0.42368   0.05758   0.10039   0.45678   0.50976   0.46565   0.67626   0.43951   0.31511   0.14753   0.00367   0.00329   0.12563   0.57656   0.18941   1.43447   0.13653   1.19589   0.12633   0.31286   0.14648   0.19996   0.44811   0.04840   0.06121   0.35642   0.31639   0.23571   0.25829   0.19238   0.15178   0.53687   0.45627   0.98306   0.09785   0.75087   0.09359   0.60945   0.08862   1.28233   0.24825   0.10459   0.37127   0.37666   0.19173   0.31371   0.07789   0.45715   0.58269   1.87309   4.24583   1.70977   0.02606   2.01215  
 49 266.2495 156267.934557  x:  2.03888   0.32306   0.30514   0.39390   0.38709   0.09667   0.70095   0.19432   0.39007   0.44603   0.84667   1.62373   0.91810   0.44227   0.59288   0.60486   0.81141   0.07663   0.39112   0.06732   0.07886   0.46028   0.50679   0.46097   0.66908   0.42044   0.31859   0.14182   0.00361   0.00340   0.13157   0.57671   0.20705   1.34158   0.15000   1.22917   0.13200   0.31165   0.14818   0.21425   0.44309   0.04887   0.05787   0.36831   0.32054   0.24503   0.24078   0.19993   0.13795   0.54334   0.45036   0.95145   0.10048   0.76048   0.09432   0.58148   0.09060   1.31178   0.25611   0.12028   0.38469   0.39478   0.17817   0.30702   0.07908   0.43455   0.58126   1.88465   3.91911   1.34477   0.02618   2.31989  
 50 563.6850 156251.375211  x:  2.01163   0.33204   0.31499   0.38866   0.39011   0.10815   0.71929   0.20562   0.39515   0.44674   0.81519   1.49338   0.92850   0.45815   0.59804   0.63503   0.81678   0.07907   0.36958   0.06788   0.08972   0.47315   0.52137   0.47847   0.65251   0.41646   0.30795   0.13609   0.00355   0.00353   0.13565   0.56501   0.21258   1.25334   0.13787   1.24734   0.12425   0.32117   0.14628   0.19304   0.43550   0.05214   0.05848   0.35334   0.34202   0.23500   0.27019   0.18118   0.12597   0.54297   0.43430   0.94743   0.06785   0.74993   0.09310   0.56326   0.08565   1.32235   0.25390   0.11123   0.38580   0.38205   0.18509   0.29516   0.08169   0.44227   0.59101   1.88760   3.54741   0.92179   0.02618   2.67212  
 51 841.7372 156235.901923  x:  1.98675   0.32975   0.32966   0.38448   0.38014   0.10664   0.72878   0.21426   0.39292   0.44288   0.79798   1.40023   0.96260   0.47294   0.61781   0.65105   0.81019   0.07979   0.37068   0.07260   0.08686   0.47629   0.52926   0.49239   0.63857   0.42733   0.30411   0.15223   0.00345   0.00373   0.12199   0.55564   0.20595   1.19404   0.12581   1.24956   0.12140   0.33096   0.14923   0.17678   0.43921   0.05227   0.06306   0.33899   0.33195   0.23179   0.26080   0.18705   0.14840   0.54249   0.43872   0.96547   0.09838   0.72941   0.10000   0.56625   0.08524   1.31586   0.24797   0.10915   0.37755   0.36829   0.20304   0.29910   0.07328   0.45567   0.59485   1.87761   3.18072   0.50001   0.02601   3.02053  
 52 1229.1221 156212.837982  x:  1.96083   0.32093   0.34004   0.38608   0.36510   0.09017   0.72651   0.20961   0.38447   0.43553   0.79271   1.32054   1.02712   0.48512   0.64671   0.65027   0.79114   0.07879   0.38970   0.07582   0.08385   0.46882   0.52706   0.49533   0.62988   0.44828   0.31567   0.13091   0.00338   0.00389   0.13998   0.55240   0.19302   1.15409   0.12736   1.23781   0.12203   0.32418   0.14500   0.17178   0.45092   0.05002   0.06317   0.35446   0.31360   0.24064   0.22834   0.20580   0.16642   0.53842   0.45624   0.99972   0.04937   0.69927   0.09446   0.58475   0.08469   1.29389   0.24101   0.10911   0.36572   0.36768   0.20616   0.30912   0.06763   0.46001   0.58830   1.86040   2.69313  -0.04913   0.02583   3.47811  
 53 1564.6045 156181.237749  x:  1.93671   0.31437   0.33451   0.40236   0.36107   0.08183   0.70289   0.18654   0.37889   0.43232   0.81038   1.26403   1.13991   0.48490   0.67692   0.61838   0.75754   0.08276   0.41956   0.07859   0.10062   0.45148   0.51028   0.47438   0.63765   0.46686   0.33992   0.13706   0.00323   0.00424   0.13599   0.55833   0.18449   1.15291   0.15582   1.20667   0.13440   0.29893   0.13014   0.17733   0.45570   0.05291   0.06005   0.38510   0.32175   0.23572   0.26884   0.18007   0.12462   0.52303   0.47009   1.04476   0.04820   0.67369   0.08551   0.61368   0.07754   1.25127   0.23997   0.11954   0.36905   0.39903   0.17319   0.30381   0.08169   0.43451   0.56737   1.84088   1.93452  -0.88529   0.02550   4.18133  
 54 1763.6772 156158.940367  x:  1.93880   0.32529   0.31963   0.40723   0.37366   0.11533   0.68442   0.19057   0.39126   0.44207   0.83538   1.27844   1.20500   0.46955   0.67244   0.58961   0.74963   0.08757   0.41742   0.08253   0.10422   0.45128   0.50357   0.45662   0.65380   0.45385   0.33918   0.14313   0.00312   0.00447   0.13109   0.56148   0.19651   1.19023   0.15826   1.18679   0.13508   0.30237   0.14962   0.19021   0.44740   0.05277   0.06269   0.36089   0.33761   0.23046   0.25654   0.18901   0.11320   0.52622   0.47244   1.05211   0.02474   0.69395   0.11679   0.61204   0.08589   1.23176   0.25498   0.11407   0.37540   0.40065   0.16991   0.30319   0.08411   0.41904   0.56622   1.84430   1.46241  -1.41508   0.02511   4.62410  
 55 1517.4253 156138.010738  x:  1.95232   0.34050   0.30001   0.40565   0.38631   0.12706   0.66979   0.19951   0.40321   0.45117   0.86239   1.32138   1.25858   0.44977   0.65478   0.56659   0.75502   0.09375   0.40669   0.08653   0.10522   0.45977   0.50647   0.45023   0.67187   0.43268   0.33178   0.12543   0.00305   0.00464   0.14699   0.56550   0.21313   1.24360   0.14481   1.16960   0.11575   0.30477   0.15860   0.19819   0.44031   0.05197   0.06638   0.34344   0.33600   0.23222   0.25200   0.19112   0.11986   0.53772   0.47248   1.04222   0.02658   0.71986   0.06158   0.59045   0.06921   1.22156   0.25913   0.11255   0.38337   0.39546   0.18078   0.30534   0.08072   0.41778   0.57679   1.86090   1.00050  -1.92530   0.02482   5.05420  
 56 2035.3773 156124.304565  x:  1.97455   0.35048   0.29068   0.39569   0.38455   0.09714   0.66854   0.19979   0.39838   0.44657   0.87665   1.37991   1.27594   0.43493   0.63197   0.56755   0.77606   0.09839   0.39530   0.08878   0.10310   0.47115   0.51821   0.46593   0.67972   0.41828   0.32593   0.12818   0.00298   0.00478   0.14541   0.57123   0.22265   1.29159   0.12802   1.16847   0.10702   0.30353   0.13851   0.17747   0.44672   0.05453   0.06369   0.37138   0.32189   0.24187   0.25960   0.18369   0.12411   0.54517   0.47075   1.01508   0.01799   0.74025   0.07097   0.57328   0.07388   1.22927   0.25697   0.11098   0.37929   0.38707   0.18823   0.30594   0.07568   0.43115   0.58906   1.87725   0.69065  -2.26119   0.02464   5.34076  
 57 1153.6125 156115.756033  x:  2.00574   0.35355   0.32682   0.39995   0.37638   0.10639   0.68954   0.20895   0.38862   0.43840   0.87540   1.45175   1.25393   0.43636   0.61508   0.59587   0.80776   0.10169   0.39796   0.09036   0.10207   0.47489   0.52782   0.49402   0.67189   0.43018   0.33552   0.12675   0.00294   0.00490   0.14745   0.57949   0.21712   1.32604   0.12927   1.18796   0.11022   0.28598   0.15680   0.18701   0.45681   0.05366   0.06695   0.37761   0.32192   0.22398   0.25692   0.19065   0.12101   0.54113   0.47407   0.98647   0.01655   0.72748   0.06253   0.57207   0.09060   1.25842   0.24938   0.11883   0.37394   0.39878   0.17471   0.29557   0.08164   0.43722   0.58648   1.87799   0.49370  -2.46932   0.02436   5.52283  
 58 395.8158 156111.680005  x:  2.02677   0.35295   0.33626   0.41018   0.37728   0.10281   0.70325   0.20631   0.39529   0.44432   0.86975   1.49690   1.22819   0.44635   0.61387   0.61266   0.82178   0.10171   0.40631   0.09171   0.10355   0.47445   0.52814   0.49833   0.66675   0.44361   0.34021   0.12592   0.00292   0.00497   0.14971   0.58074   0.21335   1.33692   0.13468   1.20542   0.10532   0.28287   0.16016   0.19262   0.45521   0.05317   0.06621   0.36607   0.32738   0.23955   0.25816   0.18850   0.11822   0.53879   0.47810   0.97868   0.01512   0.71331   0.07063   0.57947   0.06728   1.27961   0.24799   0.11758   0.37839   0.40364   0.18090   0.30581   0.07968   0.43346   0.58262   1.87856   0.40595  -2.55382   0.02426   5.60190  
 59 295.3845 156108.913688  x:  2.04566   0.35361   0.33121   0.41809   0.38033   0.10056   0.71242   0.20077   0.40562   0.45376   0.86407   1.53472   1.19983   0.46067   0.62154   0.62080   0.82585   0.10082   0.41648   0.09268   0.10611   0.47450   0.52645   0.49092   0.66602   0.45512   0.34172   0.12656   0.00290   0.00503   0.15014   0.57878   0.21347   1.33664   0.13582   1.22301   0.09758   0.28713   0.15633   0.19097   0.45118   0.05470   0.06573   0.36478   0.33242   0.24496   0.25972   0.18779   0.11772   0.54017   0.48349   0.98449   0.01517   0.70350   0.06392   0.59104   0.08474   1.29962   0.26289   0.10985   0.38302   0.40098   0.18735   0.31134   0.07870   0.43028   0.58323   1.88097   0.35181  -2.60407   0.02418   5.65180  
 60 205.4353 156106.066281  x:  2.06849   0.35888   0.31843   0.41763   0.38175   0.10953   0.71858   0.19960   0.40920   0.45769   0.85999   1.57768   1.16330   0.47875   0.63909   0.62091   0.82128   0.10024   0.42544   0.09350   0.10868   0.47720   0.52695   0.47865   0.67120   0.46217   0.34142   0.12611   0.00288   0.00508   0.15112   0.57528   0.21889   1.32668   0.13430   1.24504   0.10355   0.29842   0.15358   0.18783   0.45096   0.05647   0.06778   0.37762   0.32991   0.22984   0.26015   0.19216   0.12447   0.54618   0.48834   1.00639   0.01410   0.70218   0.06488   0.59877   0.07442   1.31967   0.26669   0.11543   0.38750   0.39785   0.18505   0.30271   0.08213   0.43232   0.59179   1.88782   0.30732  -2.64054   0.02411   5.69372  
 61 142.7884 156103.437422  x:  2.09027   0.36970   0.31479   0.41291   0.38453   0.11576   0.71815   0.20840   0.40166   0.45161   0.86229   1.61568   1.13000   0.49070   0.66151   0.61275   0.80933   0.09941   0.42808   0.09310   0.10728   0.48143   0.53417   0.48082   0.68197   0.46019   0.34392   0.12666   0.00286   0.00513   0.15160   0.57654   0.22382   1.30789   0.13118   1.26203   0.09839   0.28854   0.15817   0.19342   0.46004   0.05424   0.06701   0.37643   0.32390   0.24525   0.26132   0.18920   0.11604   0.54947   0.48457   1.03881   0.01505   0.71276   0.06699   0.59661   0.07827   1.33271   0.26057   0.11869   0.38506   0.40298   0.17989   0.30350   0.08082   0.43910   0.60005   1.89414   0.28562  -2.66029   0.02404   5.72095  
 62 92.4389 156101.201512  x:  2.10726   0.37723   0.32084   0.41217   0.38681   0.10232   0.71206   0.20738   0.39911   0.44883   0.86758   1.64431   1.10971   0.48901   0.67572   0.60652   0.80154   0.10005   0.42262   0.09357   0.10672   0.48173   0.53832   0.49360   0.68863   0.45279   0.34786   0.12685   0.00285   0.00516   0.15179   0.58163   0.22365   1.29129   0.14058   1.27144   0.11013   0.28508   0.15689   0.19122   0.46159   0.05448   0.06777   0.36962   0.33796   0.23694   0.26180   0.19145   0.12000   0.54941   0.48420   1.06044   0.01463   0.72559   0.06516   0.58872   0.08067   1.33586   0.25573   0.11531   0.38133   0.40685   0.18737   0.31366   0.07868   0.43619   0.59379   1.89564   0.28119  -2.66192   0.02401   5.73400  
 63 72.4537 156097.023946  x:  2.13139   0.38240   0.34535   0.42256   0.38897   0.10331   0.70276   0.20561   0.41434   0.46001   0.87952   1.68365   1.09459   0.46924   0.68388   0.60612   0.80021   0.10304   0.41083   0.09474   0.10682   0.47810   0.53579   0.51150   0.69037   0.44286   0.34926   0.12705   0.00283   0.00522   0.15212   0.59031   0.21573   1.26557   0.14424   1.27217   0.09173   0.29130   0.14795   0.18432   0.45397   0.05698   0.06830   0.37922   0.33150   0.23496   0.26043   0.19371   0.12891   0.54487   0.49097   1.07487   0.01634   0.73740   0.07082   0.58049   0.07786   1.32731   0.25943   0.11464   0.39025   0.41053   0.18576   0.30608   0.08493   0.43123   0.57847   1.89048   0.30243  -2.64355   0.02396   5.74058  
 64 56.7451 156086.997415  x:  2.17789   0.37332   0.35724   0.42205   0.36835   0.11015   0.69461   0.19344   0.41907   0.46370   0.89868   1.76414   1.08958   0.42608   0.67418   0.62112   0.81947   0.10900   0.39477   0.09885   0.10962   0.48124   0.52515   0.51152   0.67783   0.43970   0.34080   0.12842   0.00276   0.00534   0.15266   0.59669   0.22126   1.22931   0.14415   1.26655   0.13674   0.32474   0.15462   0.18247   0.45479   0.05684   0.06667   0.38085   0.32032   0.25914   0.26426   0.18667   0.11670   0.54044   0.50441   1.06827   0.01778   0.73614   0.06565   0.58808   0.07678   1.30051   0.27315   0.12113   0.38665   0.39212   0.18425   0.30503   0.08418   0.43499   0.58373   1.88257   0.39265  -2.58310   0.02377   5.73905  
 65 96.5988 156070.301597  x:  2.23772   0.34854   0.32888   0.42144   0.36545   0.09243   0.70038   0.19375   0.40033   0.44873   0.91485   1.87488   1.10418   0.39928   0.64431   0.64231   0.85142   0.11250   0.39756   0.10525   0.11265   0.49162   0.52118   0.48606   0.65990   0.45491   0.33243   0.13054   0.00267   0.00547   0.14966   0.59587   0.24686   1.20112   0.13083   1.24702   0.11865   0.32270   0.14479   0.19433   0.46860   0.05587   0.06961   0.37302   0.34356   0.22349   0.25900   0.19457   0.11033   0.54659   0.50599   1.03059   0.02511   0.71790   0.08206   0.60829   0.06941   1.26456   0.26665   0.11987   0.38140   0.39722   0.17937   0.32171   0.07303   0.43945   0.60986   1.88864   0.56219  -2.47694   0.02354   5.72636  
 66 225.4236 156060.410177  x:  2.25579   0.34005   0.30884   0.41242   0.38709   0.10651   0.71495   0.20519   0.39186   0.43973   0.90777   1.92318   1.12485   0.43304   0.62426   0.63919   0.85800   0.11338   0.41190   0.10662   0.11363   0.48756   0.53099   0.47834   0.65912   0.46395   0.34199   0.13099   0.00262   0.00554   0.14853   0.58678   0.25638   1.22680   0.15365   1.24366   0.13173   0.31477   0.14732   0.15280   0.46461   0.05955   0.06976   0.37155   0.33937   0.23388   0.25886   0.19148   0.13744   0.55217   0.49508   0.99765   0.02847   0.71429   0.08704   0.60411   0.07484   1.26624   0.24513   0.11503   0.37677   0.40794   0.19148   0.31057   0.07979   0.42005   0.59510   1.89725   0.66662  -2.40881   0.02329   5.71514  
 67 185.1696 156052.781661  x:  2.24794   0.35315   0.30968   0.39534   0.38826   0.09697   0.72699   0.19200   0.40762   0.44990   0.88386   1.93897   1.15021   0.49388   0.61744   0.62302   0.84744   0.11240   0.42331   0.10631   0.11308   0.47377   0.54251   0.49316   0.66991   0.46357   0.35847   0.13253   0.00258   0.00560   0.14687   0.57331   0.23017   1.29558   0.13965   1.25304   0.14068   0.32744   0.15759   0.16933   0.46050   0.05923   0.06990   0.38154   0.33520   0.22581   0.25891   0.19190   0.12370   0.54683   0.48983   0.98063   0.03176   0.72508   0.09376   0.58537   0.07011   1.30152   0.24911   0.11719   0.37252   0.39200   0.19789   0.31256   0.07748   0.43251   0.57418   1.90850   0.75430  -2.35126   0.02309   5.70353  
 68 132.3411 156049.810725  x:  2.23442   0.36872   0.32341   0.40514   0.38141   0.09968   0.72798   0.18901   0.39996   0.44459   0.86756   1.93517   1.16147   0.50936   0.62335   0.62091   0.84173   0.11331   0.41761   0.10754   0.11382   0.47902   0.54056   0.49597   0.67239   0.45713   0.35552   0.13326   0.00256   0.00565   0.14714   0.57009   0.21655   1.34423   0.13368   1.26344   0.14564   0.33639   0.13757   0.16624   0.46571   0.05963   0.07046   0.37095   0.34214   0.22991   0.25803   0.19305   0.13042   0.54989   0.50354   0.98280   0.03245   0.73143   0.09456   0.58530   0.06895   1.32874   0.25772   0.12154   0.37859   0.39712   0.18317   0.31805   0.07710   0.43179   0.58705   1.91486   0.78090  -2.31923   0.02307   5.69883  
 69 102.4526 156048.170507  x:  2.21959   0.38145   0.32829   0.41659   0.37820   0.09391   0.72590   0.19582   0.39863   0.44528   0.85535   1.92577   1.16799   0.50316   0.63383   0.62792   0.84215   0.11530   0.40976   0.10951   0.11497   0.49075   0.53720   0.49606   0.67062   0.45456   0.34989   0.13397   0.00254   0.00571   0.14817   0.57626   0.21971   1.38469   0.13706   1.27373   0.14227   0.34057   0.15293   0.16246   0.46755   0.06029   0.07072   0.38055   0.34171   0.22897   0.26048   0.19415   0.12844   0.55069   0.50839   0.99697   0.03319   0.73344   0.09634   0.59380   0.06825   1.35025   0.25648   0.11850   0.37971   0.40105   0.19222   0.32036   0.07709   0.42647   0.59895   1.91567   0.79001  -2.29352   0.02307   5.69637  
 70 76.9013 156047.475210  x:  2.21016   0.38747   0.32594   0.41408   0.38138   0.09638   0.72552   0.19637   0.40548   0.45099   0.85214   1.91853   1.17039   0.49022   0.64172   0.63633   0.84727   0.11537   0.41032   0.11007   0.11469   0.49432   0.53954   0.49962   0.66988   0.45952   0.35285   0.13444   0.00253   0.00574   0.14849   0.58597   0.23017   1.40647   0.13752   1.28163   0.14492   0.33735   0.14503   0.16702   0.46985   0.06020   0.07123   0.37972   0.34270   0.22990   0.26049   0.19500   0.13035   0.55379   0.50609   1.00828   0.03360   0.73339   0.09718   0.59947   0.06940   1.36050   0.25245   0.11918   0.37879   0.40025   0.19628   0.31652   0.07816   0.43188   0.59750   1.91519   0.79366  -2.28173   0.02303   5.69593  
 71 50.1850 156047.278418  x:  2.20666   0.38783   0.32422   0.41125   0.38463   0.09742   0.72675   0.19408   0.40503   0.45015   0.85391   1.91554   1.17060   0.48318   0.64448   0.63953   0.85118   0.11546   0.41383   0.11010   0.11509   0.49197   0.54200   0.50151   0.67093   0.46330   0.35309   0.13445   0.00253   0.00574   0.14874   0.58717   0.23282   1.41288   0.13417   1.28550   0.14428   0.33873   0.14815   0.16359   0.46924   0.06058   0.07120   0.37988   0.34395   0.23029   0.26112   0.19517   0.13191   0.55463   0.50560   1.01324   0.03365   0.73374   0.09729   0.59848   0.06923   1.36268   0.25429   0.12057   0.38043   0.40108   0.19206   0.32075   0.07776   0.43362   0.59410   1.91681   0.79385  -2.27725   0.02304   5.69646  
 72 26.0633 156047.153905  x:  2.20396   0.38539   0.32477   0.41179   0.38600   0.09661   0.73027   0.19735   0.40353   0.44849   0.86039   1.91282   1.17012   0.47922   0.64598   0.63994   0.85627   0.11554   0.41782   0.10986   0.11510   0.48885   0.54438   0.50152   0.67350   0.46563   0.35246   0.13456   0.00253   0.00574   0.14874   0.58353   0.23215   1.41617   0.13567   1.29063   0.14438   0.34032   0.14678   0.16539   0.47040   0.06038   0.07123   0.38024   0.34359   0.23037   0.26110   0.19520   0.13062   0.55492   0.50772   1.01634   0.03369   0.73511   0.09749   0.59520   0.06873   1.36216   0.25737   0.11941   0.38077   0.40143   0.19434   0.31909   0.07833   0.43232   0.59439   1.91936   0.79544  -2.27535   0.02303   5.69823  
 73 10.8018 156046.916793  x:  2.19991   0.37837   0.32707   0.41387   0.38189   0.09693   0.73471   0.19372   0.40683   0.45173   0.87667   1.90847   1.16921   0.48022   0.64716   0.63698   0.86443   0.11561   0.41903   0.11003   0.11516   0.49066   0.54560   0.49966   0.67655   0.46503   0.35577   0.13465   0.00252   0.00574   0.14877   0.57968   0.23159   1.41990   0.13758   1.30101   0.14302   0.34034   0.14732   0.16481   0.46910   0.06067   0.07125   0.38014   0.34403   0.23058   0.26127   0.19528   0.13152   0.55390   0.50754   1.01884   0.03373   0.73737   0.09787   0.59438   0.07081   1.35922   0.25166   0.12087   0.37995   0.40124   0.19340   0.32044   0.07763   0.43225   0.59918   1.92272   0.79844  -2.27105   0.02304   5.70400  
 74 11.1280 156046.447217  x:  2.19590   0.36901   0.32691   0.41676   0.38391   0.09676   0.73571   0.19573   0.40426   0.45072   0.90108   1.90382   1.16940   0.48984   0.64813   0.63227   0.87102   0.11601   0.41359   0.11078   0.11505   0.49672   0.54188   0.50193   0.67526   0.46142   0.35953   0.13491   0.00251   0.00573   0.14868   0.58396   0.23326   1.42333   0.13102   1.31495   0.14429   0.33741   0.14819   0.16433   0.47097   0.06055   0.07133   0.38088   0.34410   0.23093   0.26147   0.19548   0.13320   0.55412   0.50534   1.01864   0.03388   0.73903   0.09736   0.60201   0.06830   1.35533   0.25911   0.11979   0.38169   0.40167   0.19447   0.31994   0.07820   0.43429   0.59440   1.91968   0.80555  -2.26324   0.02303   5.71795  
 75 16.0656 156045.135631  x:  2.19597   0.36242   0.32073   0.40463   0.38675   0.09691   0.72401   0.20313   0.40714   0.45028   0.92700   1.90233   1.17588   0.50222   0.64992   0.63457   0.86452   0.11669   0.41036   0.11193   0.11544   0.49166   0.53724   0.51217   0.66724   0.46348   0.33895   0.13485   0.00248   0.00569   0.14863   0.59534   0.23189   1.42658   0.14184   1.32546   0.13850   0.34521   0.14763   0.16598   0.47232   0.06022   0.07140   0.37945   0.34396   0.23070   0.26126   0.19541   0.12845   0.55939   0.51496   1.01381   0.03366   0.73788   0.09691   0.60665   0.07054   1.35286   0.25365   0.12278   0.38169   0.40177   0.18899   0.32300   0.07772   0.43513   0.59173   1.91748   0.83144  -2.24750   0.02305   5.76098  
 76 17.8521 156039.796360  x:  2.21024   0.35742   0.32233   0.41560   0.39823   0.10666   0.68573   0.18140   0.40116   0.44077   0.95842   1.90997   1.21153   0.50100   0.65360   0.65261   0.82326   0.11896   0.41681   0.11534   0.11538   0.47975   0.54519   0.50457   0.65805   0.47880   0.32821   0.13365   0.00238   0.00542   0.14647   0.62314   0.21854   1.42625   0.12765   1.32413   0.14069   0.34000   0.14931   0.16764   0.46481   0.06010   0.07115   0.37611   0.33743   0.23016   0.25836   0.19285   0.12830   0.55057   0.51126   1.00797   0.03382   0.73030   0.09995   0.58579   0.07332   1.35057   0.24953   0.11633   0.37474   0.40327   0.20214   0.31148   0.07589   0.42816   0.60723   1.93265   0.94487  -2.19152   0.02318   5.93910  
 77 58.0439 156030.631940  x:  2.24175   0.35343   0.32451   0.40835   0.36257   0.09516   0.67337   0.21920   0.40926   0.45095   0.96176   1.93048   1.27783   0.47870   0.65694   0.66376   0.77405   0.12429   0.41609   0.12099   0.11358   0.48441   0.55262   0.47763   0.66143   0.47776   0.35067   0.13332   0.00221   0.00493   0.14092   0.61637   0.22522   1.42457   0.12751   1.29548   0.14010   0.32760   0.14930   0.16110   0.46031   0.05904   0.07076   0.36653   0.33018   0.22934   0.25420   0.18856   0.13439   0.53775   0.49547   1.01820   0.03400   0.71980   0.10257   0.56310   0.07297   1.34523   0.26653   0.12188   0.37571   0.39214   0.18173   0.31537   0.07523   0.41140   0.59339   1.94264   1.14502  -2.09738   0.02331   6.25002  
 78 217.9680 156021.695349  x:  2.27581   0.35702   0.32744   0.41182   0.37224   0.10323   0.69446   0.19352   0.39139   0.43906   0.92919   1.95522   1.34262   0.45469   0.66111   0.64274   0.77208   0.13057   0.40138   0.12619   0.11237   0.48658   0.53553   0.48073   0.66830   0.44940   0.35688   0.13273   0.00204   0.00449   0.13709   0.55562   0.24447   1.42368   0.14125   1.25049   0.12651   0.33189   0.14787   0.16278   0.46152   0.05667   0.07059   0.35844   0.32274   0.22838   0.25019   0.18483   0.12651   0.54288   0.49874   1.04700   0.03338   0.71627   0.10189   0.57592   0.07670   1.32997   0.25568   0.12013   0.37431   0.38725   0.18481   0.30771   0.07235   0.42954   0.56326   1.93351   1.33476  -2.00439   0.02345   6.55013  
 79 273.3306 156019.505110  x:  2.28457   0.36562   0.32037   0.40275   0.37817   0.10433   0.70381   0.19699   0.40024   0.44121   0.90710   1.96163   1.35777   0.45394   0.66606   0.61903   0.80078   0.13241   0.40042   0.12784   0.11353   0.47767   0.52567   0.49437   0.66143   0.44677   0.35816   0.13273   0.00200   0.00440   0.13627   0.55434   0.23510   1.42093   0.12462   1.23556   0.13210   0.32726   0.14672   0.16298   0.45721   0.05689   0.07044   0.35767   0.32134   0.22877   0.24962   0.18424   0.12575   0.54227   0.50294   1.05926   0.03333   0.71803   0.10179   0.58111   0.07833   1.31389   0.25222   0.11867   0.36787   0.39716   0.18497   0.30698   0.07346   0.41354   0.57589   1.92975   1.37773  -1.97762   0.02353   6.62411  
 80 108.2481 156018.757734  x:  2.28747   0.37533   0.32022   0.40381   0.37729   0.10514   0.70151   0.19535   0.39849   0.43875   0.89347   1.96343   1.36261   0.46019   0.67058   0.60300   0.82550   0.13259   0.40322   0.12887   0.11312   0.48021   0.52952   0.49355   0.65580   0.45119   0.35609   0.13284   0.00198   0.00437   0.13599   0.56727   0.23078   1.42017   0.13494   1.23011   0.13017   0.32535   0.14761   0.16299   0.45728   0.05681   0.07055   0.35729   0.32095   0.22868   0.24944   0.18413   0.12714   0.53933   0.49969   1.06459   0.03339   0.71922   0.10226   0.57711   0.07789   1.30002   0.25820   0.11979   0.37324   0.39005   0.18336   0.30685   0.07238   0.41690   0.57933   1.93133   1.39342  -1.96844   0.02353   6.65018  
 81 52.0099 156018.643843  x:  2.28797   0.37842   0.32223   0.40610   0.37579   0.10464   0.69833   0.19631   0.39822   0.44006   0.89010   1.96374   1.36330   0.46260   0.67203   0.60069   0.83115   0.13254   0.40409   0.12904   0.11295   0.48203   0.53169   0.48971   0.65610   0.45205   0.35309   0.13282   0.00198   0.00436   0.13602   0.56886   0.23173   1.41998   0.13234   1.23082   0.13059   0.32783   0.14722   0.16341   0.45858   0.05664   0.07057   0.35712   0.32088   0.22889   0.24950   0.18399   0.12639   0.54073   0.50030   1.06456   0.03331   0.71856   0.10231   0.57602   0.07878   1.29532   0.25615   0.11969   0.37126   0.39262   0.18351   0.30703   0.07288   0.41710   0.57386   1.93414   1.39572  -1.96658   0.02354   6.65445  
 82 18.9426 156018.611343  x:  2.28825   0.38034   0.32367   0.40514   0.37537   0.10430   0.69495   0.19658   0.39769   0.44032   0.88803   1.96387   1.36360   0.46344   0.67313   0.60176   0.83192   0.13242   0.40408   0.12890   0.11311   0.48018   0.53110   0.49005   0.65850   0.45119   0.35367   0.13278   0.00198   0.00436   0.13597   0.56731   0.23358   1.42054   0.13218   1.23431   0.13050   0.32652   0.14750   0.16324   0.45692   0.05685   0.07053   0.35712   0.32075   0.22886   0.24941   0.18400   0.12636   0.54153   0.50063   1.06330   0.03336   0.71693   0.10239   0.57687   0.07866   1.29110   0.25675   0.11951   0.37175   0.39239   0.18370   0.30681   0.07273   0.41737   0.57458   1.93494   1.39732  -1.96577   0.02353   6.65644  
 83  4.4873 156018.562469  x:  2.28878   0.38147   0.32213   0.40578   0.37707   0.10451   0.69313   0.19688   0.39828   0.43986   0.88483   1.96423   1.36386   0.46251   0.67387   0.60271   0.83058   0.13249   0.40376   0.12885   0.11297   0.48069   0.53097   0.49082   0.65914   0.45064   0.35530   0.13274   0.00198   0.00436   0.13596   0.56568   0.23222   1.42171   0.13232   1.24038   0.12944   0.32821   0.14748   0.16325   0.45992   0.05641   0.07055   0.35693   0.32078   0.22876   0.24950   0.18395   0.12667   0.53994   0.49930   1.06172   0.03331   0.71598   0.10214   0.57668   0.07892   1.28530   0.25634   0.12025   0.37092   0.39124   0.18308   0.30708   0.07285   0.41630   0.57495   1.93342   1.40044  -1.96390   0.02353   6.66043  
 84  4.9039 156018.447476  x:  2.28972   0.38145   0.31945   0.40372   0.37410   0.10552   0.69545   0.19568   0.39792   0.43837   0.88030   1.96456   1.36438   0.45987   0.67361   0.60204   0.82635   0.13281   0.40326   0.12928   0.11244   0.48380   0.53169   0.49056   0.65551   0.45123   0.35514   0.13255   0.00199   0.00437   0.13585   0.56540   0.22967   1.42356   0.13229   1.24947   0.12846   0.32773   0.14723   0.16350   0.45679   0.05671   0.07044   0.35673   0.32047   0.22866   0.24926   0.18384   0.12614   0.53995   0.50022   1.06113   0.03332   0.71709   0.10187   0.57502   0.07890   1.27791   0.25649   0.11838   0.37208   0.39459   0.18408   0.30644   0.07267   0.41744   0.57381   1.93120   1.40944  -1.95957   0.02351   6.67076  
 85  7.9730 156018.101206  x:  2.29130   0.38045   0.32251   0.40761   0.37676   0.10308   0.70343   0.19523   0.39686   0.43963   0.87543   1.96382   1.36557   0.45756   0.67075   0.59862   0.81974   0.13339   0.40179   0.13048   0.11291   0.48067   0.52936   0.48808   0.64690   0.45202   0.34918   0.13225   0.00202   0.00438   0.13546   0.56752   0.23277   1.42539   0.13057   1.25949   0.12835   0.32158   0.14693   0.16260   0.45315   0.05699   0.07018   0.35648   0.31939   0.22828   0.24876   0.18340   0.12521   0.54199   0.50128   1.06344   0.03352   0.71952   0.10140   0.57333   0.07849   1.27085   0.25596   0.12170   0.36804   0.38794   0.18155   0.30647   0.07265   0.41562   0.57210   1.93305   1.43703  -1.94512   0.02346   6.70287  
 86 15.7803 156016.682343  x:  2.29529   0.38149   0.32950   0.40012   0.36884   0.10177   0.70996   0.18894   0.39369   0.44129   0.87481   1.95777   1.36830   0.45854   0.66109   0.59473   0.81717   0.13569   0.39708   0.13363   0.11500   0.46377   0.52225   0.48365   0.63899   0.44924   0.34470   0.13096   0.00215   0.00446   0.13453   0.57474   0.24291   1.42465   0.12849   1.26348   0.12381   0.32676   0.14613   0.16030   0.46692   0.05448   0.06986   0.35443   0.31773   0.22750   0.24836   0.18201   0.12714   0.53425   0.49132   1.07159   0.03371   0.71512   0.09978   0.57233   0.07776   1.27006   0.25437   0.11622   0.37527   0.39217   0.18493   0.30398   0.07251   0.41051   0.57245   1.93901   1.54370  -1.87710   0.02328   6.83592  
 87 46.3921 156012.307161  x:  2.30579   0.39038   0.31701   0.40386   0.37269   0.09973   0.69112   0.19452   0.39098   0.43203   0.88895   1.93596   1.37498   0.46175   0.64519   0.59952   0.83516   0.14337   0.39178   0.14081   0.11190   0.46881   0.52863   0.48389   0.64511   0.44235   0.34840   0.12811   0.00252   0.00477   0.13221   0.57197   0.23579   1.41362   0.12914   1.24569   0.11916   0.33349   0.14084   0.16085   0.44383   0.05581   0.06775   0.35247   0.31429   0.22768   0.24804   0.18047   0.12637   0.52364   0.49336   1.08662   0.03497   0.68776   0.09760   0.56657   0.07561   1.28847   0.25206   0.12015   0.35955   0.39443   0.18050   0.30316   0.07179   0.41170   0.57193   1.93006   1.86100  -1.65790   0.02273   7.24352  
 88 193.6363 156011.567858  x:  2.30752   0.39075   0.31309   0.40391   0.37035   0.10121   0.68174   0.19152   0.39377   0.43402   0.89207   1.93212   1.37609   0.46083   0.64917   0.60089   0.84020   0.14449   0.39272   0.14181   0.11083   0.47544   0.52903   0.48570   0.64340   0.44566   0.34321   0.12759   0.00258   0.00483   0.13197   0.56169   0.23045   1.41095   0.12581   1.24106   0.12198   0.32100   0.14242   0.15885   0.45076   0.05466   0.06770   0.35274   0.31371   0.22652   0.24792   0.18050   0.12490   0.52920   0.49679   1.08502   0.03548   0.68720   0.09763   0.56267   0.07530   1.29362   0.24955   0.11912   0.36966   0.38815   0.18119   0.30286   0.07279   0.40635   0.56886   1.92690   1.91437  -1.61982   0.02265   7.31289  
 89 136.7361 156011.468970  x:  2.30785   0.38940   0.31340   0.40385   0.36963   0.10114   0.67794   0.19126   0.39329   0.43526   0.89230   1.93176   1.37620   0.45980   0.65657   0.59975   0.84188   0.14417   0.39248   0.14229   0.11124   0.47515   0.52572   0.48564   0.63891   0.44934   0.34439   0.12751   0.00259   0.00483   0.13184   0.55759   0.23130   1.41071   0.12681   1.24015   0.12112   0.32095   0.14280   0.15841   0.45093   0.05460   0.06763   0.35265   0.31353   0.22649   0.24791   0.18027   0.12529   0.53025   0.49423   1.08051   0.03549   0.69193   0.09720   0.56148   0.07450   1.29636   0.25123   0.11939   0.36646   0.38995   0.18076   0.30248   0.07259   0.40718   0.56917   1.92640   1.92255  -1.61586   0.02263   7.32226  
 90 17.5793 156011.449778  x:  2.30795   0.38891   0.31344   0.40380   0.36988   0.10093   0.67775   0.19197   0.39248   0.43436   0.89231   1.93170   1.37617   0.45897   0.66000   0.59864   0.84216   0.14403   0.39194   0.14244   0.11133   0.47467   0.52567   0.48518   0.63785   0.44958   0.34575   0.12745   0.00259   0.00483   0.13179   0.55766   0.23176   1.41060   0.12619   1.24006   0.12102   0.32190   0.14260   0.15886   0.44992   0.05471   0.06761   0.35260   0.31337   0.22649   0.24786   0.18019   0.12498   0.52943   0.49475   1.07821   0.03546   0.69248   0.09711   0.56186   0.07490   1.29738   0.24965   0.11930   0.36793   0.38894   0.18081   0.30261   0.07259   0.40666   0.56875   1.92678   1.92433  -1.61538   0.02263   7.32410  
 91  7.4812 156011.439025  x:  2.30799   0.38874   0.31324   0.40352   0.36988   0.10101   0.67863   0.19154   0.39309   0.43419   0.89242   1.93157   1.37611   0.45795   0.66288   0.59724   0.84202   0.14402   0.39154   0.14246   0.11119   0.47442   0.52689   0.48492   0.63825   0.44831   0.34477   0.12740   0.00259   0.00483   0.13180   0.55803   0.23193   1.41050   0.12631   1.24013   0.12102   0.32128   0.14283   0.15867   0.45020   0.05468   0.06759   0.35256   0.31332   0.22640   0.24777   0.18021   0.12512   0.52835   0.49514   1.07610   0.03549   0.69107   0.09714   0.56219   0.07465   1.29813   0.25016   0.11927   0.36737   0.38915   0.18077   0.30246   0.07258   0.40670   0.56863   1.92712   1.92533  -1.61520   0.02263   7.32515  
 92  3.2458 156011.414374  x:  2.30803   0.38883   0.31307   0.40406   0.36934   0.10088   0.68014   0.19136   0.39212   0.43482   0.89252   1.93109   1.37566   0.45708   0.66478   0.59623   0.84191   0.14399   0.39245   0.14232   0.11129   0.47425   0.52529   0.48499   0.63986   0.44718   0.34441   0.12733   0.00259   0.00483   0.13185   0.55972   0.23140   1.41030   0.12620   1.24043   0.12097   0.32192   0.14293   0.15866   0.45004   0.05464   0.06758   0.35253   0.31334   0.22637   0.24779   0.18022   0.12493   0.53152   0.49350   1.07440   0.03552   0.68876   0.09736   0.56031   0.07486   1.29878   0.24987   0.11925   0.36739   0.38894   0.18085   0.30245   0.07261   0.40657   0.56883   1.92538   1.92695  -1.61466   0.02263   7.32763  
 93  1.3713 156010.091308  x:  2.30802   0.38843   0.31505   0.39537   0.37382   0.09933   0.68207   0.19035   0.39166   0.43249   0.88156   1.90393   1.35026   0.45778   0.65828   0.60077   0.84619   0.14541   0.40038   0.14384   0.11071   0.48847   0.50362   0.48378   0.64541   0.44781   0.33736   0.12582   0.00271   0.00473   0.13236   0.56202   0.23726   1.40004   0.12489   1.25079   0.12134   0.32003   0.14114   0.15923   0.44701   0.05426   0.06600   0.35235   0.31409   0.22547   0.24682   0.18103   0.12559   0.51523   0.49593   1.06039   0.03670   0.68852   0.09561   0.54986   0.07401   1.30963   0.24877   0.11849   0.36595   0.38634   0.18135   0.30112   0.07376   0.40524   0.56629   1.93152   2.00475  -1.58297   0.02277   7.46200  
 94  2.8829 156008.394030  x:  2.30819   0.39539   0.30548   0.40312   0.36518   0.09992   0.68012   0.19036   0.39110   0.43034   0.87106   1.86921   1.31699   0.45683   0.64441   0.60589   0.85142   0.14924   0.38986   0.14913   0.10949   0.47124   0.52051   0.48162   0.63617   0.44692   0.33706   0.12436   0.00286   0.00460   0.13321   0.55719   0.23227   1.38705   0.12589   1.26413   0.12094   0.31910   0.14077   0.15966   0.44409   0.05366   0.06438   0.35323   0.31552   0.22443   0.24596   0.18243   0.12535   0.52341   0.48613   1.04392   0.03813   0.69367   0.09172   0.56012   0.07163   1.32312   0.24763   0.11790   0.36484   0.38368   0.18115   0.30041   0.07546   0.40367   0.56380   1.93419   2.10253  -1.53988   0.02299   7.63538  
 95 107.5036 156008.351903  x:  2.30824   0.39881   0.30769   0.40084   0.36747   0.09896   0.68055   0.19025   0.39074   0.43152   0.87247   1.86835   1.31620   0.45699   0.64363   0.60506   0.85107   0.14942   0.38944   0.14962   0.10968   0.47113   0.52255   0.47876   0.63397   0.44751   0.33773   0.12442   0.00286   0.00460   0.13335   0.55571   0.23296   1.38670   0.12567   1.26441   0.12106   0.31926   0.14078   0.15971   0.44432   0.05369   0.06440   0.35355   0.31580   0.22457   0.24614   0.18259   0.12541   0.52351   0.48677   1.04303   0.03816   0.69284   0.09179   0.55915   0.07174   1.32329   0.24759   0.11792   0.36513   0.38399   0.18130   0.30060   0.07550   0.40390   0.56497   1.93056   2.10397  -1.53785   0.02299   7.63981  
 96 11.0268 156008.348600  x:  2.30820   0.40036   0.30738   0.40137   0.36712   0.09897   0.68077   0.19029   0.39095   0.43135   0.87315   1.86820   1.31614   0.45691   0.64340   0.60449   0.85063   0.14939   0.38996   0.14965   0.10968   0.47132   0.52233   0.47956   0.63313   0.44779   0.33806   0.12443   0.00286   0.00460   0.13336   0.55522   0.23360   1.38653   0.12565   1.26433   0.12112   0.31941   0.14083   0.15972   0.44435   0.05371   0.06441   0.35357   0.31583   0.22460   0.24616   0.18261   0.12545   0.52342   0.48687   1.04274   0.03817   0.69217   0.09187   0.55896   0.07180   1.32316   0.24764   0.11792   0.36518   0.38401   0.18134   0.30058   0.07552   0.40398   0.56496   1.93107   2.10395  -1.53758   0.02299   7.64040  
 97  1.8754 156008.338928  x:  2.30781   0.40147   0.30792   0.40024   0.36778   0.09878   0.68086   0.19028   0.39047   0.43170   0.87358   1.86773   1.31573   0.45615   0.64320   0.60423   0.85025   0.14946   0.39006   0.14967   0.10961   0.47221   0.52188   0.47934   0.63279   0.44781   0.33826   0.12443   0.00287   0.00460   0.13331   0.55496   0.23189   1.38620   0.12600   1.26404   0.12111   0.31953   0.14088   0.15970   0.44420   0.05369   0.06441   0.35344   0.31567   0.22452   0.24606   0.18253   0.12543   0.52407   0.48599   1.04261   0.03817   0.69168   0.09184   0.56033   0.07176   1.32287   0.24771   0.11788   0.36505   0.38385   0.18131   0.30044   0.07551   0.40368   0.56469   1.93290   2.10488  -1.53815   0.02299   7.64399  
 98  0.4745 156007.343500  x:  2.26709   0.39492   0.30804   0.39748   0.36442   0.10267   0.67222   0.19084   0.38612   0.43001   0.86063   1.82507   1.28182   0.45146   0.63530   0.59289   0.82975   0.14847   0.38506   0.15093   0.10873   0.46580   0.51852   0.47629   0.63187   0.44372   0.33652   0.12619   0.00325   0.00437   0.13223   0.55013   0.23108   1.36238   0.12572   1.22997   0.12435   0.31657   0.14226   0.15961   0.44189   0.05308   0.06465   0.34733   0.31392   0.22240   0.24206   0.18171   0.12364   0.51822   0.48387   1.03238   0.03902   0.68896   0.09374   0.55397   0.07750   1.29142   0.24794   0.11646   0.36213   0.38124   0.17886   0.29937   0.07348   0.40147   0.56064   1.92586   2.16352  -1.56197   0.02306   8.02698  
 99  4.2769 156007.328636  x:  2.26650   0.39492   0.30878   0.39721   0.36434   0.10249   0.67182   0.19083   0.38829   0.42718   0.86053   1.82445   1.28135   0.45155   0.63538   0.59352   0.82977   0.14845   0.38688   0.15101   0.10886   0.46559   0.51814   0.47526   0.63064   0.44145   0.33665   0.12622   0.00326   0.00437   0.13222   0.55012   0.23103   1.36207   0.12567   1.22950   0.12436   0.31647   0.14231   0.15959   0.44188   0.05306   0.06466   0.34723   0.31389   0.22236   0.24202   0.18166   0.12357   0.51901   0.48330   1.03240   0.03903   0.68941   0.09372   0.55404   0.07755   1.29105   0.24794   0.11647   0.36202   0.38113   0.17882   0.29936   0.07345   0.40144   0.56048   1.92550   2.16454  -1.56236   0.02306   8.03290  
100  8.6810 156007.327280  x:  2.26642   0.39483   0.30862   0.39723   0.36434   0.10256   0.67167   0.19086   0.38782   0.42775   0.86049   1.82440   1.28132   0.45158   0.63545   0.59381   0.82985   0.14844   0.38770   0.15103   0.10886   0.46555   0.51827   0.47531   0.63005   0.44043   0.33672   0.12622   0.00326   0.00437   0.13222   0.55015   0.23100   1.36204   0.12568   1.22946   0.12436   0.31645   0.14231   0.15960   0.44188   0.05307   0.06466   0.34722   0.31390   0.22236   0.24202   0.18166   0.12356   0.51883   0.48340   1.03244   0.03903   0.68955   0.09371   0.55405   0.07754   1.29101   0.24793   0.11647   0.36203   0.38113   0.17881   0.29937   0.07345   0.40144   0.56048   1.92549   2.16470  -1.56232   0.02306   8.03367  
101  1.4248 156007.020353  x:  2.22780   0.38763   0.30838   0.39669   0.36375   0.09908   0.67074   0.18946   0.38693   0.42640   0.86109   1.81849   1.27062   0.45047   0.63800   0.59333   0.82333   0.14503   0.38794   0.14924   0.10892   0.46530   0.51740   0.47565   0.62755   0.44111   0.33732   0.12551   0.00333   0.00447   0.13188   0.54944   0.22997   1.35961   0.12555   1.22229   0.12367   0.31557   0.13976   0.15731   0.44233   0.05347   0.06511   0.34938   0.31199   0.22216   0.24415   0.17938   0.12362   0.51870   0.48411   1.03405   0.03999   0.68542   0.09157   0.55415   0.07399   1.28005   0.24540   0.11704   0.36155   0.38168   0.17855   0.29909   0.07251   0.40193   0.55965   1.92385   2.25516  -1.49531   0.02315   8.38174  
102  0.3790 156006.916259  x:  2.21591   0.38673   0.30693   0.39667   0.36451   0.09928   0.66983   0.18933   0.38732   0.42647   0.86256   1.82160   1.26610   0.44839   0.63727   0.59314   0.82459   0.14268   0.38650   0.14711   0.10891   0.46596   0.51714   0.47506   0.62725   0.44006   0.33697   0.12445   0.00339   0.00443   0.13223   0.54945   0.23100   1.36000   0.12522   1.22425   0.12276   0.31601   0.14019   0.15742   0.44216   0.05354   0.06527   0.34920   0.31229   0.22241   0.24353   0.17970   0.12335   0.51951   0.48430   1.03281   0.04024   0.68609   0.09212   0.55326   0.07349   1.28096   0.24565   0.11668   0.36172   0.38171   0.17832   0.29894   0.07262   0.40145   0.55985   1.92398   2.14709  -1.60963   0.02316   8.55445  
103  0.2408 156006.789576  x:  2.21128   0.38798   0.30642   0.39657   0.36377   0.09923   0.66903   0.18915   0.38698   0.42619   0.86234   1.82821   1.27338   0.44912   0.63643   0.59302   0.82631   0.13879   0.38631   0.14289   0.10866   0.46475   0.51660   0.47391   0.62688   0.44081   0.33581   0.12492   0.00346   0.00429   0.13144   0.54855   0.23051   1.36025   0.12447   1.22754   0.12208   0.31549   0.14060   0.15813   0.44087   0.05340   0.06507   0.34780   0.31246   0.22188   0.24295   0.18011   0.12354   0.51817   0.48347   1.03310   0.04090   0.68430   0.09232   0.55301   0.07373   1.28407   0.24626   0.11649   0.36130   0.38097   0.17799   0.29788   0.07340   0.40003   0.55911   1.92375   2.26859  -1.50539   0.02313   9.25041  
104  0.3273 156006.696863  x:  2.23294   0.39047   0.30769   0.39641   0.36339   0.09975   0.66962   0.18971   0.38686   0.42622   0.86089   1.82902   1.27282   0.44960   0.63667   0.59316   0.82573   0.13697   0.38689   0.13935   0.10841   0.46522   0.51665   0.47589   0.62917   0.44034   0.33599   0.12526   0.00334   0.00460   0.13203   0.54899   0.22957   1.35935   0.12507   1.22386   0.12281   0.31558   0.14003   0.15719   0.44140   0.05357   0.06526   0.34852   0.31186   0.22205   0.24309   0.17992   0.12337   0.51765   0.48311   1.03239   0.04086   0.68611   0.09162   0.55315   0.07473   1.28362   0.24553   0.11648   0.36121   0.38078   0.17821   0.29848   0.07275   0.40116   0.55910   1.92323   2.28208  -1.49166   0.02313  10.00291  
105  0.3206 156006.542683  x:  2.24574   0.38896   0.30729   0.39673   0.36423   0.09964   0.66994   0.18917   0.38674   0.42616   0.86266   1.81312   1.27307   0.44948   0.63697   0.59420   0.82397   0.13868   0.38606   0.13789   0.10853   0.46571   0.51705   0.47592   0.62886   0.44023   0.33665   0.12468   0.00343   0.00408   0.13307   0.54978   0.23063   1.35918   0.12557   1.22544   0.12369   0.31548   0.13988   0.15740   0.44203   0.05377   0.06559   0.34882   0.31212   0.22187   0.24331   0.17903   0.12331   0.51887   0.48435   1.03389   0.04028   0.68677   0.09032   0.55275   0.07369   1.28178   0.24524   0.11630   0.36139   0.38191   0.17771   0.29928   0.07182   0.40094   0.55958   1.92344   2.31284  -1.45454   0.02311  11.65050  
106  0.4056 156006.238847  x:  2.22799   0.38625   0.30602   0.39684   0.36496   0.09957   0.66928   0.18903   0.38729   0.42651   0.86264   1.80197   1.27737   0.44849   0.63703   0.59248   0.82617   0.14409   0.38528   0.13882   0.10929   0.46548   0.51687   0.47400   0.62754   0.44037   0.33717   0.12424   0.00308   0.00479   0.13206   0.54891   0.23137   1.36049   0.12512   1.22914   0.12458   0.31587   0.14113   0.15860   0.44197   0.05421   0.06626   0.34810   0.31332   0.22198   0.24301   0.18010   0.12364   0.52013   0.48516   1.03564   0.03886   0.68638   0.09161   0.55380   0.07365   1.28288   0.24678   0.11652   0.36158   0.38190   0.17791   0.29861   0.07311   0.40046   0.55975   1.92407   2.39270  -1.36242   0.02314  15.58998  
107  1.2724 156005.952280  x:  2.21556   0.39016   0.30782   0.39630   0.36318   0.09894   0.66974   0.18999   0.38741   0.42667   0.85890   1.82862   1.27037   0.44978   0.63553   0.59276   0.82706   0.14585   0.38746   0.13938   0.10900   0.46515   0.51706   0.47623   0.62949   0.44078   0.33635   0.12615   0.00319   0.00435   0.13114   0.54894   0.22919   1.35632   0.12514   1.22386   0.12335   0.31684   0.13972   0.15611   0.44179   0.05348   0.06516   0.34935   0.31161   0.22234   0.24335   0.18037   0.12356   0.51769   0.48316   1.03151   0.03751   0.68648   0.09274   0.55404   0.07440   1.28534   0.24521   0.11711   0.36144   0.38035   0.17906   0.29808   0.07314   0.40216   0.55959   1.92242   2.35809  -1.40035   0.02314  20.35052  
108  1.8557 156005.746954  x:  2.22303   0.38842   0.30719   0.39670   0.36384   0.10004   0.67004   0.18889   0.38628   0.42578   0.86321   1.82988   1.26460   0.45014   0.63622   0.59453   0.82369   0.14393   0.38570   0.14002   0.10871   0.46540   0.51647   0.47529   0.62758   0.44027   0.33519   0.12371   0.00323   0.00445   0.13273   0.54921   0.23044   1.36128   0.12548   1.22504   0.12395   0.31520   0.14019   0.15910   0.44103   0.05316   0.06479   0.34759   0.31257   0.22196   0.24333   0.17925   0.12428   0.51802   0.48322   1.03323   0.03641   0.68676   0.09177   0.55335   0.07357   1.28106   0.24561   0.11668   0.36140   0.38180   0.17730   0.29941   0.07225   0.39987   0.55907   1.92276   2.42624  -1.34898   0.02312  27.41746  
109  2.5765 156005.587337  x:  2.22440   0.38846   0.30659   0.39681   0.36457   0.09930   0.66980   0.18980   0.38754   0.42673   0.86264   1.82487   1.27129   0.44914   0.63731   0.59256   0.82708   0.14090   0.38680   0.14268   0.10891   0.46535   0.51736   0.47489   0.62862   0.44058   0.33739   0.12538   0.00333   0.00446   0.13182   0.54898   0.23088   1.36569   0.12491   1.22762   0.12520   0.31680   0.14052   0.15667   0.44196   0.05369   0.06533   0.34927   0.31291   0.22179   0.24296   0.18021   0.12312   0.51933   0.48431   1.03350   0.03512   0.68769   0.09187   0.55386   0.07380   1.28385   0.24624   0.11659   0.36147   0.38121   0.17898   0.29811   0.07315   0.40149   0.55962   1.92459   2.34809  -1.42100   0.02312  35.29840  
110  2.8466 156005.503084  x:  2.22468   0.38933   0.30727   0.39594   0.36303   0.09899   0.66975   0.18908   0.38665   0.42602   0.85884   1.82253   1.27467   0.45138   0.63607   0.59325   0.82505   0.13760   0.38716   0.14326   0.10839   0.46493   0.51684   0.47521   0.62728   0.44085   0.33606   0.12481   0.00345   0.00436   0.13182   0.54812   0.22950   1.35861   0.12545   1.22442   0.12447   0.31619   0.14025   0.15729   0.44129   0.05342   0.06537   0.34825   0.31137   0.22176   0.24326   0.17969   0.12400   0.51766   0.48321   1.03165   0.03516   0.68513   0.09207   0.55317   0.07379   1.28426   0.24508   0.11651   0.36100   0.38051   0.17783   0.29834   0.07268   0.40065   0.55903   1.92322   2.42255  -1.35434   0.02313  42.41710  
111  2.9891 156005.403424  x:  2.23141   0.38834   0.30785   0.39755   0.36460   0.10001   0.67105   0.18945   0.38710   0.42657   0.86480   1.82053   1.27554   0.45061   0.63867   0.59552   0.82595   0.13813   0.38645   0.14637   0.10876   0.46607   0.51715   0.47572   0.62767   0.44146   0.33631   0.12490   0.00346   0.00443   0.13261   0.55066   0.23034   1.36161   0.12529   1.22975   0.12402   0.31639   0.14015   0.15821   0.44211   0.05345   0.06542   0.34840   0.31331   0.22222   0.24373   0.17996   0.12398   0.51906   0.48413   1.03612   0.03560   0.68839   0.09279   0.55533   0.07358   1.28446   0.24628   0.11666   0.36191   0.38239   0.17813   0.29935   0.07298   0.40104   0.55996   1.92226   2.40017  -1.34801   0.02313  53.42716  
112  2.8266 156005.334533  x:  2.22936   0.38900   0.30699   0.39668   0.36417   0.09932   0.67005   0.18978   0.38729   0.42672   0.86196   1.82482   1.27368   0.44948   0.63774   0.59302   0.82732   0.13920   0.38657   0.14564   0.10879   0.46505   0.51751   0.47474   0.62823   0.44061   0.33716   0.12513   0.00345   0.00441   0.13201   0.54845   0.23013   1.36155   0.12521   1.22709   0.12442   0.31672   0.14006   0.15689   0.44202   0.05341   0.06516   0.34916   0.31245   0.22231   0.24316   0.18015   0.12320   0.51888   0.48395   1.03458   0.03628   0.68829   0.09186   0.55386   0.07384   1.28391   0.24571   0.11679   0.36149   0.38113   0.17859   0.29826   0.07312   0.40153   0.55971   1.92325   2.48273  -1.26763   0.02313  64.49430  
113  4.9395 156005.267408  x:  2.22768   0.38892   0.30792   0.39672   0.36402   0.09966   0.67066   0.18967   0.38775   0.42714   0.86197   1.83237   1.27118   0.45140   0.63729   0.59331   0.82676   0.14121   0.38757   0.14365   0.10878   0.46619   0.51740   0.47596   0.62917   0.44110   0.33690   0.12499   0.00337   0.00439   0.13216   0.54983   0.23026   1.36175   0.12588   1.22533   0.12503   0.31706   0.14105   0.15850   0.44247   0.05330   0.06523   0.34863   0.31202   0.22272   0.24368   0.18020   0.12440   0.51912   0.48457   1.03361   0.03613   0.68865   0.09096   0.55513   0.07467   1.28508   0.24595   0.11691   0.36200   0.38153   0.17774   0.29909   0.07291   0.40166   0.56031   1.92351   2.43325  -1.31541   0.02313  84.03058  
114  5.9496 156005.202908  x:  2.22717   0.38821   0.30767   0.39719   0.36450   0.09986   0.67021   0.18952   0.38703   0.42640   0.86406   1.82409   1.27393   0.44974   0.63699   0.59448   0.82560   0.14191   0.38615   0.14254   0.10879   0.46562   0.51718   0.47574   0.62790   0.44095   0.33656   0.12478   0.00334   0.00443   0.13219   0.55015   0.23037   1.36214   0.12528   1.22800   0.12482   0.31644   0.14001   0.15706   0.44183   0.05351   0.06540   0.34829   0.31306   0.22163   0.24325   0.17997   0.12342   0.51887   0.48398   1.03469   0.03541   0.68831   0.09135   0.55435   0.07401   1.28367   0.24611   0.11657   0.36156   0.38184   0.17841   0.29876   0.07287   0.40100   0.55964   1.92256   2.47340  -1.28711   0.02312  115.66637  
115 12.1072 156005.162934  x:  2.22638   0.38909   0.30675   0.39628   0.36360   0.09905   0.66991   0.18943   0.38687   0.42631   0.86027   1.82136   1.27418   0.44978   0.63717   0.59291   0.82643   0.14109   0.38665   0.14271   0.10877   0.46482   0.51711   0.47461   0.62822   0.44053   0.33653   0.12501   0.00335   0.00444   0.13194   0.54759   0.22997   1.35948   0.12532   1.22592   0.12446   0.31648   0.14025   0.15766   0.44164   0.05346   0.06528   0.34894   0.31194   0.22238   0.24321   0.17980   0.12367   0.51832   0.48355   1.03337   0.03515   0.68698   0.09237   0.55355   0.07356   1.28302   0.24538   0.11687   0.36122   0.38082   0.17812   0.29834   0.07288   0.40103   0.55934   1.92333   2.43158  -1.33392   0.02313  155.36062  
116 14.9681 156005.129384  x:  2.22833   0.38862   0.30785   0.39700   0.36410   0.09967   0.67022   0.18969   0.38754   0.42683   0.86308   1.82487   1.27342   0.45124   0.63768   0.59386   0.82604   0.14070   0.38708   0.14286   0.10892   0.46599   0.51682   0.47607   0.62845   0.44135   0.33655   0.12508   0.00335   0.00439   0.13218   0.55069   0.22990   1.36151   0.12561   1.22714   0.12496   0.31691   0.14032   0.15741   0.44223   0.05346   0.06531   0.34858   0.31262   0.22219   0.24370   0.18013   0.12414   0.51860   0.48413   1.03484   0.03518   0.68814   0.09227   0.55537   0.07413   1.28502   0.24592   0.11688   0.36190   0.38176   0.17815   0.29895   0.07297   0.40154   0.55981   1.92262   2.47220  -1.28509   0.02313  219.21586  
117 20.9927 156005.105565  x:  2.22807   0.38836   0.30728   0.39676   0.36423   0.09963   0.67012   0.18941   0.38687   0.42632   0.86231   1.82517   1.27250   0.44960   0.63670   0.59378   0.82591   0.14080   0.38621   0.14383   0.10882   0.46514   0.51738   0.47503   0.62769   0.44065   0.33673   0.12470   0.00333   0.00445   0.13210   0.54877   0.23033   1.36110   0.12532   1.22677   0.12469   0.31656   0.14009   0.15730   0.44175   0.05339   0.06524   0.34839   0.31254   0.22188   0.24312   0.17987   0.12339   0.51884   0.48393   1.03394   0.03516   0.68799   0.09164   0.55359   0.07382   1.28328   0.24581   0.11662   0.36136   0.38141   0.17827   0.29854   0.07281   0.40088   0.55956   1.92299   2.45273  -1.30652   0.02312  298.86477  
118 33.2108 156005.089115  x:  2.22595   0.38907   0.30729   0.39674   0.36394   0.09929   0.67035   0.18966   0.38736   0.42673   0.86199   1.82401   1.27383   0.45031   0.63789   0.59343   0.82679   0.14021   0.38706   0.14351   0.10873   0.46562   0.51724   0.47537   0.62882   0.44090   0.33669   0.12524   0.00333   0.00442   0.13210   0.54890   0.23016   1.36142   0.12539   1.22693   0.12485   0.31672   0.14057   0.15785   0.44207   0.05344   0.06531   0.34906   0.31230   0.22253   0.24347   0.18007   0.12389   0.51875   0.48401   1.03400   0.03503   0.68816   0.09172   0.55479   0.07394   1.28395   0.24578   0.11687   0.36162   0.38130   0.17814   0.29870   0.07304   0.40149   0.55984   1.92312   2.46660  -1.29265   0.02313  419.37004  
119 45.4510 156005.075903  x:  2.22756   0.38867   0.30749   0.39673   0.36408   0.09970   0.66985   0.18954   0.38714   0.42650   0.86234   1.82476   1.27304   0.45067   0.63688   0.59366   0.82578   0.14064   0.38649   0.14344   0.10875   0.46537   0.51694   0.47549   0.62774   0.44091   0.33654   0.12467   0.00332   0.00442   0.13216   0.54985   0.22997   1.36091   0.12555   1.22641   0.12488   0.31673   0.14006   0.15707   0.44184   0.05345   0.06534   0.34826   0.31252   0.22181   0.24331   0.17996   0.12371   0.51849   0.48380   1.03429   0.03501   0.68779   0.09194   0.55422   0.07405   1.28403   0.24576   0.11667   0.36155   0.38149   0.17815   0.29863   0.07285   0.40104   0.55946   1.92265   2.45704  -1.30329   0.02313  601.17434  
120 62.4440 156005.066278  x:  2.22763   0.38848   0.30731   0.39685   0.36408   0.09941   0.67048   0.18946   0.38700   0.42644   0.86229   1.82380   1.27339   0.44964   0.63742   0.59379   0.82626   0.14087   0.38670   0.14335   0.10878   0.46539   0.51732   0.47513   0.62837   0.44085   0.33666   0.12518   0.00332   0.00444   0.13204   0.54858   0.23028   1.36118   0.12527   1.22720   0.12474   0.31660   0.14039   0.15778   0.44195   0.05341   0.06527   0.34883   0.31241   0.22233   0.24337   0.17993   0.12369   0.51882   0.48406   1.03404   0.03503   0.68815   0.09180   0.55425   0.07374   1.28356   0.24579   0.11681   0.36149   0.38139   0.17823   0.29867   0.07292   0.40122   0.55977   1.92306   2.46636  -1.29359   0.02312  879.10317  
121 94.8593 156005.062697  x:  2.22745   0.38862   0.30734   0.39678   0.36406   0.09943   0.67027   0.18953   0.38712   0.42652   0.86222   1.82402   1.27350   0.45000   0.63740   0.59364   0.82627   0.14082   0.38670   0.14333   0.10879   0.46542   0.51723   0.47526   0.62832   0.44086   0.33667   0.12504   0.00332   0.00443   0.13208   0.54891   0.23019   1.36108   0.12537   1.22698   0.12480   0.31667   0.14034   0.15762   0.44195   0.05342   0.06528   0.34876   0.31242   0.22226   0.24337   0.17996   0.12372   0.51874   0.48400   1.03411   0.03501   0.68806   0.09186   0.55435   0.07384   1.28370   0.24578   0.11680   0.36152   0.38139   0.17819   0.29867   0.07293   0.40123   0.55970   1.92299   2.46419  -1.29570   0.02312  999.00000  
122 127.5835 156005.062286  x:  2.22742   0.38869   0.30739   0.39676   0.36406   0.09951   0.67016   0.18955   0.38716   0.42655   0.86223   1.82437   1.27348   0.45027   0.63728   0.59363   0.82620   0.14075   0.38668   0.14335   0.10880   0.46544   0.51715   0.47536   0.62820   0.44089   0.33664   0.12494   0.00334   0.00442   0.13211   0.54923   0.23012   1.36109   0.12544   1.22680   0.12484   0.31671   0.14027   0.15747   0.44194   0.05343   0.06530   0.34863   0.31244   0.22214   0.24336   0.17998   0.12374   0.51868   0.48394   1.03417   0.03500   0.68800   0.09187   0.55437   0.07392   1.28386   0.24578   0.11677   0.36155   0.38142   0.17818   0.29866   0.07291   0.40120   0.55965   1.92292   2.46199  -1.29770   0.02313  999.00000  
123  0.0029 156005.062257  x:  2.22735   0.38869   0.30738   0.39676   0.36406   0.09950   0.67016   0.18955   0.38716   0.42655   0.86223   1.82437   1.27342   0.45024   0.63728   0.59363   0.82619   0.14076   0.38667   0.14335   0.10879   0.46543   0.51716   0.47535   0.62821   0.44087   0.33664   0.12494   0.00334   0.00442   0.13211   0.54920   0.23012   1.36112   0.12543   1.22680   0.12483   0.31670   0.14028   0.15748   0.44194   0.05343   0.06530   0.34864   0.31244   0.22215   0.24336   0.17998   0.12373   0.51868   0.48394   1.03415   0.03502   0.68801   0.09185   0.55436   0.07392   1.28383   0.24578   0.11677   0.36155   0.38141   0.17818   0.29866   0.07292   0.40121   0.55965   1.92293   2.46203  -1.29746   0.02313  999.00000  
124  0.0001 156005.062248  x:  2.22745   0.38869   0.30738   0.39677   0.36406   0.09951   0.67018   0.18955   0.38716   0.42655   0.86225   1.82440   1.27349   0.45024   0.63729   0.59363   0.82621   0.14079   0.38668   0.14333   0.10879   0.46544   0.51716   0.47535   0.62822   0.44088   0.33665   0.12495   0.00335   0.00442   0.13211   0.54921   0.23013   1.36113   0.12543   1.22683   0.12483   0.31670   0.14028   0.15748   0.44194   0.05343   0.06530   0.34865   0.31244   0.22216   0.24336   0.17998   0.12373   0.51869   0.48395   1.03417   0.03500   0.68802   0.09186   0.55437   0.07392   1.28385   0.24578   0.11677   0.36155   0.38142   0.17818   0.29866   0.07292   0.40121   0.55966   1.92293   2.46211  -1.29729   0.02313  999.00000  
125  0.0002 156005.062248  x:  2.22745   0.38869   0.30738   0.39677   0.36406   0.09951   0.67017   0.18955   0.38716   0.42655   0.86225   1.82441   1.27349   0.45024   0.63729   0.59364   0.82621   0.14080   0.38668   0.14332   0.10880   0.46544   0.51716   0.47535   0.62822   0.44089   0.33664   0.12495   0.00335   0.00442   0.13211   0.54921   0.23013   1.36113   0.12543   1.22683   0.12483   0.31670   0.14028   0.15748   0.44194   0.05343   0.06530   0.34864   0.31244   0.22215   0.24336   0.17998   0.12374   0.51869   0.48395   1.03417   0.03500   0.68802   0.09186   0.55436   0.07392   1.28386   0.24578   0.11677   0.36155   0.38142   0.17818   0.29866   0.07292   0.40121   0.55966   1.92293   2.46210  -1.29736   0.02313  999.00000  