

TREE # 1

  0  0.0000 176145.023258  x:  1.93008   0.38762   0.31616   0.40622   0.36157   0.10063   0.76570   0.18691   0.50595   0.41567   0.82710   1.65034   1.15308   0.44253   0.60335   0.59829   0.79141   0.14567   0.39396   0.13702   0.12211   0.45131   0.53418   0.46895   0.61484   0.44119   0.34474   0.13164   0.00343   0.00448   0.13101   0.52479   0.22332   1.26404   0.13132   1.18031   0.13010   0.34248   0.14101   0.16779   0.44159   0.05445   0.06636   0.35148   0.30752   0.22266   0.24627   0.18051   0.11955   0.50518   0.53216   1.01344   0.12459   0.66048   0.09885   0.53839   0.08353   1.24556   0.25896   0.11185   0.36294   0.37832   0.17904   0.29025   0.07521   0.39852   0.54566   2.00000   1.43572   0.01353   0.24848  
  1 99.0000 157791.008697  x:  1.92849   0.38562   0.31450   0.40488   0.36047   0.09887   0.76392   0.18532   0.50423   0.41439   0.82542   1.64880   1.15129   0.44068   0.60160   0.59668   0.78978   0.14367   0.39218   0.13570   0.12060   0.44993   0.53275   0.46758   0.61351   0.43943   0.34342   0.13161   0.00538   0.00531   0.13088   0.52357   0.22118   1.26252   0.12921   1.17884   0.12818   0.34098   0.13976   0.16712   0.44105   0.05450   0.06672   0.35128   0.30744   0.22252   0.24635   0.18084   0.11917   0.50458   0.53114   1.01223   0.12306   0.65953   0.09711   0.53754   0.08249   1.24427   0.25782   0.11176   0.36219   0.37769   0.17858   0.29039   0.07546   0.39857   0.54555   2.00482   1.43021   0.01909   0.03297  
  2 83010.0516 157615.512773  x:  1.92961   0.38682   0.31703   0.40882   0.36551   0.10139   0.76506   0.18827   0.50510   0.41845   0.82742   1.65019   1.15229   0.44186   0.60316   0.59914   0.79207   0.14485   0.39367   0.13950   0.12342   0.45376   0.53630   0.47097   0.61722   0.44108   0.34676   0.14126   0.00600   0.00758   0.14053   0.52797   0.22236   1.26452   0.13051   1.18103   0.13026   0.34281   0.14305   0.17244   0.44769   0.06391   0.07699   0.35997   0.31665   0.23169   0.25636   0.19215   0.12692   0.51123   0.53505   1.01571   0.12505   0.66396   0.09253   0.54234   0.08715   1.24708   0.26105   0.11984   0.36831   0.38430   0.18606   0.30020   0.08628   0.40791   0.55411   2.00369   1.47573  -0.02599   0.02594  
  3 4132.6699 157565.746864  x:  1.92544   0.38117   0.31311   0.40668   0.36475   0.09698   0.75995   0.18469   0.49979   0.41658   0.82333   1.64635   1.14738   0.43669   0.59856   0.59549   0.78828   0.13919   0.38882   0.13731   0.11996   0.45153   0.53371   0.46846   0.61512   0.43645   0.34440   0.14444   0.00521   0.00056   0.14345   0.52664   0.21628   1.26104   0.12451   1.17777   0.12529   0.33887   0.14055   0.17250   0.44940   0.06715   0.08162   0.36373   0.32096   0.23540   0.26125   0.19808   0.12945   0.51301   0.53387   1.01400   0.12109   0.66361   0.08378   0.54232   0.08606   1.24472   0.25892   0.12326   0.36913   0.38576   0.18799   0.30550   0.09146   0.41298   0.55847   2.01807   1.48570  -0.03556   0.02610  
  4 2120.4511 157321.792366  x:  1.89372   0.33823   0.28315   0.39004   0.35854   0.06340   0.72108   0.15734   0.45944   0.40205   0.79214   1.61707   1.11002   0.39740   0.56358   0.56756   0.75935   0.09617   0.35194   0.12043   0.09350   0.43428   0.51378   0.44914   0.59887   0.40116   0.32619   0.16736   0.01180   0.00459   0.16448   0.51610   0.17011   1.23441   0.07897   1.15284   0.08745   0.30889   0.12132   0.17241   0.46166   0.09058   0.11530   0.39124   0.35259   0.26241   0.29707   0.24156   0.14782   0.52581   0.52451   1.00072   0.09098   0.66057   0.01810   0.54173   0.07738   1.22651   0.24244   0.14825   0.37469   0.39621   0.20180   0.34456   0.12939   0.45041   0.59066   2.12720   1.55698  -0.10379   0.02830  
  5 39311.8101 157290.679415  x:  1.88784   0.33098   0.27924   0.38755   0.35794   0.06098   0.71426   0.15449   0.45249   0.40024   0.78690   1.61173   1.10316   0.39118   0.55779   0.56293   0.75434   0.09061   0.34611   0.11894   0.09080   0.43193   0.51073   0.44648   0.59652   0.39546   0.32336   0.16652   0.00000   0.00755   0.16347   0.51466   0.16343   1.22991   0.07432   1.14866   0.08416   0.30455   0.11882   0.17115   0.46287   0.09003   0.11518   0.39386   0.35552   0.26361   0.29929   0.24378   0.14981   0.52763   0.52270   0.99851   0.08989   0.66093   0.03225   0.54251   0.07767   1.22330   0.24009   0.15019   0.37492   0.39731   0.20231   0.34833   0.13090   0.45482   0.59491   2.14396   1.56945  -0.11607   0.02839  
  6 2624.5607 157230.152439  x:  1.86459   0.30314   0.26548   0.37833   0.35616   0.05525   0.68778   0.14551   0.42560   0.39402   0.76679   1.59072   1.07618   0.36778   0.53563   0.54520   0.73499   0.07132   0.32418   0.11471   0.08234   0.42355   0.49935   0.43695   0.58794   0.37387   0.31275   0.15901   0.01252   0.00576   0.15540   0.50953   0.13906   1.21263   0.05982   1.13259   0.07482   0.28862   0.11010   0.16515   0.46670   0.08356   0.10903   0.40193   0.36437   0.26496   0.30402   0.24722   0.15637   0.53436   0.51549   0.99007   0.08943   0.66307   0.10111   0.54625   0.08025   1.21080   0.23137   0.15533   0.37514   0.40094   0.20243   0.36000   0.13184   0.46993   0.61009   2.20674   1.61860  -0.16471   0.02897  
  7 7702.3588 157111.454575  x:  1.81163   0.25306   0.25804   0.36571   0.35841   0.09394   0.63494   0.15665   0.37656   0.39214   0.73036   1.54409   1.01630   0.33493   0.49690   0.51392   0.69731   0.07967   0.29343   0.12648   0.09389   0.41633   0.48266   0.42832   0.57726   0.34095   0.29819   0.11598   0.01009   0.00552   0.11312   0.50534   0.12075   1.17917   0.08729   1.10069   0.09826   0.26805   0.10816   0.14392   0.46460   0.03744   0.04729   0.39395   0.35364   0.23631   0.27281   0.20315   0.15550   0.54188   0.49690   0.97403   0.10164   0.66585   0.07455   0.54756   0.07871   1.18406   0.21073   0.13878   0.36727   0.39863   0.18072   0.34985   0.08269   0.47440   0.62232   2.30237   1.72521  -0.26639   0.02826  
  8 1377.7479 157074.656034  x:  1.77841   0.23322   0.25622   0.35797   0.35610   0.10328   0.60664   0.16400   0.35708   0.39227   0.71368   1.51531   0.98033   0.32594   0.48005   0.50004   0.67795   0.09885   0.28616   0.13134   0.09862   0.41264   0.47334   0.42403   0.57061   0.33145   0.29363   0.14254   0.00986   0.00548   0.14233   0.50274   0.12774   1.15899   0.09913   1.08095   0.10787   0.26253   0.11598   0.14163   0.45942   0.06091   0.05446   0.37962   0.33879   0.22558   0.24865   0.17774   0.14574   0.53642   0.48159   0.96349   0.10717   0.66427   0.07498   0.54339   0.08013   1.16665   0.20395   0.12194   0.35622   0.38834   0.16596   0.32865   0.04935   0.45878   0.61250   2.33204   1.76452  -0.30361   0.02835  
  9 1027.7823 157044.289621  x:  1.72248   0.22479   0.25822   0.34917   0.34961   0.09549   0.57126   0.17327   0.34852   0.39603   0.69936   1.46811   0.92319   0.32714   0.46524   0.48979   0.65598   0.12725   0.29319   0.13341   0.09934   0.40938   0.46259   0.41949   0.56078   0.33469   0.29265   0.12017   0.00997   0.00553   0.12160   0.49958   0.15778   1.12695   0.10093   1.04905   0.10798   0.26320   0.12752   0.14403   0.43938   0.07503   0.09116   0.34947   0.30873   0.22476   0.24186   0.18954   0.12532   0.51602   0.45728   0.94530   0.10474   0.65639   0.07595   0.53014   0.08717   1.13820   0.20927   0.11428   0.34155   0.36871   0.16952   0.29981   0.07219   0.42386   0.58157   2.33012   1.80640  -0.34258   0.02841  
 10 595.5402 157026.250031  x:  1.67381   0.23003   0.26135   0.34550   0.34459   0.08602   0.55096   0.17562   0.35065   0.39737   0.69415   1.42817   0.87644   0.32921   0.45798   0.48785   0.64378   0.12929   0.30136   0.13052   0.09619   0.40746   0.45691   0.41612   0.55276   0.34095   0.29341   0.13460   0.00991   0.00545   0.13478   0.49653   0.17387   1.10060   0.09351   1.02332   0.10224   0.26523   0.12596   0.14358   0.42086   0.04845   0.07367   0.33216   0.29184   0.21689   0.24596   0.19626   0.12140   0.50021   0.44528   0.92923   0.09982   0.64694   0.07674   0.51731   0.08578   1.11457   0.21410   0.12189   0.33700   0.35889   0.17924   0.28889   0.09060   0.39929   0.55534   2.30529   1.83384  -0.36762   0.02840  
 11 660.1457 157004.502477  x:  1.58535   0.25142   0.26637   0.34458   0.33737   0.07991   0.53469   0.17083   0.36005   0.39196   0.69273   1.35831   0.79872   0.33021   0.45253   0.49270   0.63216   0.10098   0.31107   0.12163   0.09061   0.40451   0.45243   0.41096   0.54017   0.34926   0.29209   0.12694   0.00981   0.00530   0.12518   0.48812   0.17876   1.05691   0.08074   0.98235   0.09585   0.26871   0.11501   0.15661   0.40997   0.06801   0.05414   0.33986   0.30628   0.21878   0.24489   0.17752   0.14266   0.48288   0.44155   0.90183   0.09642   0.62726   0.07587   0.49599   0.07078   1.07445   0.21281   0.12801   0.33602   0.35282   0.17976   0.28695   0.07825   0.37617   0.52053   2.23000   1.86696  -0.39639   0.02836  
 12 533.5430 156991.517420  x:  1.51209   0.26171   0.26432   0.34436   0.33300   0.08741   0.53497   0.16571   0.36013   0.38182   0.68988   1.30403   0.74397   0.32927   0.45238   0.49665   0.62682   0.08732   0.31010   0.12104   0.09391   0.40130   0.45099   0.40813   0.53396   0.34779   0.28807   0.12816   0.00973   0.00535   0.12858   0.47976   0.17000   1.02657   0.09249   0.95549   0.10667   0.26797   0.10752   0.14211   0.40694   0.05174   0.07516   0.35155   0.31706   0.22302   0.24159   0.17877   0.13756   0.47518   0.44354   0.88209   0.10384   0.61377   0.07556   0.48878   0.07821   1.04645   0.21057   0.11535   0.33347   0.35240   0.16819   0.29762   0.07564   0.39027   0.51935   2.16302   1.87973  -0.40534   0.02848  
 13 491.4848 156984.580208  x:  1.45924   0.25980   0.25668   0.34442   0.33278   0.08751   0.54278   0.16351   0.35653   0.37623   0.68524   1.26896   0.71554   0.32882   0.45491   0.49783   0.62573   0.09890   0.30443   0.12376   0.09468   0.39851   0.45087   0.40670   0.53385   0.34192   0.28599   0.12815   0.00976   0.00536   0.12859   0.47614   0.15968   1.00952   0.09691   0.94194   0.10948   0.26506   0.11658   0.13965   0.41611   0.06495   0.06143   0.34523   0.30691   0.21827   0.24163   0.18831   0.13107   0.47905   0.44772   0.87391   0.10137   0.60848   0.07577   0.49197   0.08661   1.03247   0.20954   0.11564   0.33501   0.35786   0.16709   0.30377   0.07899   0.40909   0.53466   2.11850   1.88276  -0.40533   0.02859  
 14 360.9794 156981.901485  x:  1.42758   0.25258   0.25233   0.34514   0.33599   0.08415   0.55066   0.16543   0.35590   0.37935   0.68185   1.25289   0.71128   0.32921   0.45644   0.49671   0.62764   0.10744   0.29906   0.12440   0.09203   0.39788   0.45192   0.40662   0.53722   0.33675   0.28757   0.12787   0.00978   0.00533   0.12753   0.47871   0.15719   1.00479   0.09128   0.94021   0.10489   0.26261   0.12049   0.14619   0.42049   0.05628   0.06969   0.34237   0.30443   0.21774   0.24202   0.18392   0.13216   0.48755   0.45096   0.87483   0.09656   0.61084   0.07587   0.49850   0.08074   1.03087   0.20782   0.12239   0.33724   0.36151   0.17179   0.29758   0.07117   0.40921   0.54504   2.10037   1.88425  -0.40453   0.02860  
 15 170.9912 156979.437191  x:  1.38083   0.24104   0.25365   0.34454   0.33994   0.08665   0.55883   0.16691   0.35607   0.38681   0.67921   1.23599   0.72114   0.32949   0.45582   0.49236   0.63194   0.10184   0.29261   0.12230   0.09124   0.39890   0.45376   0.40759   0.54340   0.33029   0.28953   0.12829   0.00973   0.00534   0.12926   0.48530   0.16232   1.00581   0.09041   0.94642   0.10576   0.26108   0.11398   0.14653   0.42245   0.05847   0.06625   0.34335   0.30875   0.22081   0.24567   0.18309   0.12916   0.49639   0.44972   0.88135   0.10213   0.61995   0.07529   0.50862   0.07402   1.03695   0.20748   0.11519   0.33370   0.35743   0.17365   0.29211   0.08014   0.39855   0.55221   2.09066   1.88518  -0.40112   0.02864  
 16 110.0081 156977.275673  x:  1.32995   0.23759   0.25693   0.34258   0.33937   0.08574   0.55955   0.16159   0.35465   0.38727   0.68203   1.22222   0.73984   0.32929   0.45507   0.48905   0.63614   0.09787   0.29462   0.12175   0.09334   0.40042   0.45439   0.40942   0.54826   0.33099   0.28749   0.12877   0.00966   0.00534   0.12815   0.48914   0.16572   1.01118   0.09226   0.95653   0.10536   0.26324   0.11594   0.14245   0.41908   0.05960   0.06564   0.34699   0.31161   0.22008   0.24186   0.18674   0.13026   0.49654   0.44686   0.89021   0.09826   0.62694   0.07430   0.51220   0.08656   1.04786   0.21357   0.12139   0.33614   0.35808   0.17581   0.29658   0.07449   0.39253   0.54900   2.09142   1.88686  -0.39699   0.02867  
 17 115.6077 156974.881718  x:  1.27391   0.24348   0.26027   0.34307   0.33753   0.08612   0.55597   0.16175   0.35530   0.38392   0.69031   1.21096   0.76451   0.32930   0.45620   0.48888   0.64006   0.10366   0.30270   0.12200   0.09218   0.40148   0.45367   0.41088   0.55023   0.33781   0.28450   0.12862   0.00978   0.00535   0.12863   0.48983   0.16417   1.01988   0.09263   0.96865   0.10411   0.26638   0.11961   0.14449   0.41668   0.05857   0.06724   0.34678   0.30822   0.21811   0.24119   0.18539   0.13533   0.49133   0.44630   0.89915   0.09590   0.62906   0.07596   0.50605   0.07704   1.05969   0.20780   0.11880   0.33857   0.35925   0.16843   0.30482   0.07758   0.40152   0.54363   2.09877   1.89124  -0.39351   0.02868  
 18 144.2684 156973.496854  x:  1.24999   0.25068   0.25762   0.34631   0.33773   0.08527   0.55331   0.16879   0.35878   0.38291   0.69622   1.21021   0.77703   0.32939   0.45807   0.49223   0.64068   0.10400   0.30406   0.12178   0.09168   0.40153   0.45343   0.41039   0.54655   0.34059   0.28580   0.12770   0.00973   0.00535   0.12890   0.48725   0.15942   1.02545   0.09054   0.97303   0.10375   0.26387   0.11232   0.14460   0.42057   0.05924   0.06684   0.34351   0.30603   0.22114   0.24770   0.18601   0.12991   0.48742   0.44890   0.89908   0.10258   0.62468   0.07542   0.50106   0.07959   1.06384   0.20874   0.11985   0.33772   0.36057   0.17089   0.29695   0.07222   0.40765   0.54175   2.10392   1.89556  -0.39149   0.02868  
 19 78.5391 156971.824141  x:  1.23503   0.25626   0.25240   0.34872   0.33809   0.08441   0.55079   0.17117   0.36091   0.38268   0.70078   1.21580   0.78673   0.33103   0.46073   0.49753   0.63916   0.10087   0.30079   0.12334   0.09417   0.40154   0.45412   0.40970   0.54016   0.33998   0.29015   0.12909   0.00971   0.00535   0.12848   0.48292   0.15702   1.03141   0.09188   0.97397   0.10429   0.26147   0.11423   0.14798   0.42465   0.05867   0.06747   0.34278   0.30881   0.21982   0.23941   0.17770   0.12882   0.48717   0.45432   0.89466   0.10143   0.61622   0.07527   0.49768   0.08435   1.06413   0.21167   0.11960   0.33450   0.36029   0.17779   0.29119   0.08091   0.40923   0.54390   2.10722   1.90131  -0.38767   0.02868  
 20 62.1289 156967.012419  x:  1.21350   0.26231   0.24508   0.35010   0.33858   0.08867   0.54796   0.16639   0.36087   0.38336   0.70759   1.23900   0.80492   0.33762   0.46784   0.51011   0.63300   0.09779   0.29153   0.12902   0.09717   0.40132   0.45645   0.40853   0.52666   0.33567   0.30130   0.13007   0.00985   0.00534   0.12825   0.47311   0.15857   1.04580   0.09694   0.97119   0.10615   0.26148   0.12826   0.15006   0.42776   0.05606   0.06524   0.34578   0.31515   0.21838   0.23924   0.19515   0.13180   0.49184   0.46493   0.87972   0.09272   0.59693   0.07743   0.49470   0.07924   1.05862   0.21042   0.11130   0.32837   0.35789   0.17914   0.28362   0.07595   0.39675   0.54948   2.10859   1.91923  -0.37557   0.02867  
 21 98.3764 156949.856574  x:  1.17974   0.25789   0.24964   0.34358   0.33847   0.09907   0.55299   0.15321   0.35403   0.38852   0.71486   1.32253   0.84334   0.35333   0.48441   0.53434   0.61381   0.11099   0.28449   0.13647   0.08482   0.39893   0.46015   0.40622   0.50861   0.33023   0.31754   0.12319   0.00983   0.00537   0.13263   0.45605   0.16790   1.08241   0.08549   0.95454   0.10157   0.27117   0.12474   0.12470   0.41783   0.06378   0.06874   0.34942   0.30716   0.21567   0.24520   0.18157   0.12037   0.50045   0.46606   0.83478   0.10884   0.57126   0.07778   0.50649   0.07022   1.03538   0.20937   0.12849   0.34198   0.36291   0.17588   0.31447   0.07564   0.37101   0.56392   2.09365   1.98266  -0.32828   0.02857  
 22 153.1690 156907.405775  x:  1.14484   0.22872   0.27083   0.33396   0.33995   0.07829   0.57670   0.16783   0.34985   0.39759   0.71455   1.50539   0.89411   0.35918   0.49702   0.55174   0.58484   0.10344   0.30426   0.13574   0.10262   0.40121   0.46614   0.41227   0.51855   0.33593   0.31283   0.13583   0.00942   0.00534   0.12072   0.45230   0.16544   1.14375   0.07019   0.91956   0.09530   0.28253   0.10545   0.17577   0.40001   0.05564   0.06708   0.34141   0.28797   0.22670   0.25705   0.17589   0.14949   0.50825   0.43942   0.77466   0.11045   0.58265   0.07411   0.53889   0.10719   0.99142   0.22078   0.10557   0.35113   0.35274   0.13722   0.32984   0.07287   0.38906   0.56931   2.04441   2.13643  -0.19944   0.02836  
 23 331.0482 156819.631353  x:  1.12832   0.20383   0.30212   0.34749   0.35111   0.07535   0.61241   0.19713   0.36157   0.39776   0.71358   1.81936   0.93435   0.34406   0.49533   0.54353   0.57484   0.07448   0.34895   0.10335   0.09384   0.40656   0.46205   0.41930   0.57496   0.35887   0.27841   0.12102   0.00979   0.00540   0.14409   0.49279   0.14923   1.22287   0.12261   0.88136   0.12770   0.29169   0.12555   0.17834   0.40469   0.06328   0.06410   0.35055   0.32201   0.22832   0.23472   0.20105   0.12430   0.49084   0.39518   0.76037   0.08147   0.65554   0.08179   0.55276   0.05905   0.93668   0.21440   0.14659   0.35861   0.36221   0.19154   0.28746   0.07293   0.45357   0.54451   1.95345   2.44768   0.08014   0.02812  
 24 671.8787 156666.678473  x:  1.18084   0.27963   0.28226   0.38418   0.35609   0.08494   0.63039   0.14143   0.40108   0.38154   0.73966   2.20899   0.90084   0.32909   0.48937   0.50817   0.66169   0.13572   0.37228   0.10220   0.07520   0.43109   0.46463   0.43692   0.66744   0.38601   0.26463   0.15208   0.00914   0.00535   0.11709   0.59145   0.15164   1.25772   0.06204   0.89184   0.10464   0.28636   0.17124   0.10110   0.47090   0.05832   0.06211   0.37760   0.36074   0.21470   0.26999   0.18204   0.13799   0.50433   0.49330   0.89975   0.10453   0.76024   0.07989   0.52139   0.08793   0.96232   0.22075   0.09579   0.31691   0.37236   0.21485   0.26454   0.08599   0.45345   0.51232   1.84815   2.97783   0.55366   0.02738  
 25 867.2238 156510.981747  x:  1.29198   0.39346   0.24896   0.40191   0.34497   0.11456   0.64329   0.15903   0.44024   0.39513   0.77904   2.49260   0.80045   0.35968   0.50341   0.49433   0.80476   0.12913   0.34067   0.12600   0.12970   0.46278   0.49363   0.46367   0.70946   0.38592   0.28492   0.10700   0.00970   0.00567   0.18009   0.64732   0.21283   1.22892   0.13262   0.98489   0.12628   0.26516   0.11009   0.19439   0.50159   0.05525   0.07872   0.35730   0.31445   0.25108   0.27486   0.20473   0.15451   0.53038   0.58497   1.08621   0.12354   0.78470   0.09216   0.48571   0.08722   1.08217   0.23560   0.14472   0.36766   0.41571   0.19859   0.35558   0.09150   0.39412   0.55777   1.80648   3.52922   1.10381   0.02732  
 26 1255.0913 156402.036655  x:  1.41921   0.45047   0.29359   0.41696   0.37952   0.08295   0.68204   0.22835   0.45365   0.45008   0.81680   2.54761   0.73342   0.42636   0.57091   0.55166   0.90729   0.10625   0.34486   0.11703   0.09060   0.47664   0.52762   0.47957   0.68792   0.40889   0.33104   0.17468   0.00990   0.00563   0.11353   0.62855   0.25067   1.18087   0.12884   1.10841   0.12782   0.32332   0.10939   0.19908   0.45270   0.06614   0.06721   0.38203   0.34244   0.25261   0.25369   0.21520   0.08634   0.52913   0.55478   1.18714   0.08491   0.73067   0.09897   0.54651   0.07193   1.22184   0.25295   0.14574   0.42013   0.41712   0.15589   0.36235   0.07928   0.42413   0.63557   1.81210   3.90113   1.44604   0.02685  
 27 906.8610 156339.528544  x:  1.53296   0.44708   0.33848   0.41697   0.39930   0.06003   0.72176   0.22011   0.43251   0.46541   0.84076   2.48234   0.72440   0.47502   0.63496   0.60675   0.94607   0.10705   0.38330   0.13015   0.09828   0.48329   0.55207   0.49632   0.66226   0.43729   0.34894   0.11924   0.00954   0.00574   0.17274   0.58091   0.24540   1.15662   0.11484   1.20086   0.12596   0.37514   0.15193   0.18427   0.43421   0.06511   0.06479   0.39548   0.36496   0.24272   0.27793   0.20792   0.14771   0.54949   0.49950   1.20517   0.13197   0.68180   0.09578   0.61333   0.07832   1.31582   0.26563   0.13313   0.41821   0.40046   0.19184   0.32213   0.08057   0.46649   0.65239   1.82512   4.10979   1.65328   0.02680  
 28 717.3166 156295.850401  x:  1.66000   0.41050   0.36349   0.41633   0.39612   0.11513   0.76887   0.17587   0.42010   0.45739   0.86624   2.33292   0.78193   0.50486   0.69019   0.64770   0.93823   0.11515   0.43573   0.14950   0.13412   0.49206   0.56739   0.51149   0.65693   0.46852   0.35640   0.14979   0.00992   0.00578   0.14931   0.54869   0.21890   1.17712   0.12599   1.26512   0.10999   0.36269   0.11255   0.17181   0.48690   0.06649   0.07262   0.38568   0.34558   0.26345   0.28516   0.20484   0.16546   0.57283   0.47347   1.15588   0.09984   0.67088   0.10309   0.64267   0.05959   1.36935   0.26331   0.13160   0.39284   0.40902   0.23673   0.31798   0.08495   0.46875   0.61171   1.82136   4.25655   1.78193   0.02676  
 29 453.6004 156246.057882  x:  1.84751   0.35477   0.33489   0.42765   0.38319   0.06731   0.82711   0.15762   0.45081   0.45445   0.90640   2.07176   0.91839   0.52520   0.74333   0.67763   0.89706   0.10216   0.47542   0.12467   0.08629   0.49200   0.56507   0.50644   0.66342   0.49506   0.37409   0.13999   0.00946   0.00571   0.15453   0.55084   0.19856   1.25415   0.14430   1.32217   0.12391   0.33411   0.13671   0.19320   0.52767   0.05516   0.07028   0.38357   0.34271   0.25421   0.26359   0.21234   0.12971   0.58758   0.51037   1.05851   0.12402   0.70966   0.09920   0.62776   0.06881   1.40057   0.24713   0.12252   0.38344   0.43582   0.21001   0.34426   0.08386   0.43956   0.56459   1.79855   4.42991   1.89952   0.02634  
 30 488.6816 156221.078350  x:  1.96049   0.34776   0.32590   0.43469   0.38193   0.10303   0.84483   0.20088   0.46827   0.44985   0.93625   1.89508   1.01918   0.52307   0.75248   0.67457   0.86276   0.09691   0.46695   0.13279   0.11895   0.49567   0.56173   0.50525   0.68163   0.49019   0.37219   0.13009   0.00957   0.00574   0.16758   0.57116   0.20813   1.31655   0.11380   1.32487   0.11199   0.33056   0.16275   0.18610   0.49276   0.06425   0.07091   0.39370   0.36170   0.23942   0.28478   0.20770   0.12187   0.57122   0.54238   1.00443   0.10810   0.73887   0.10191   0.59322   0.07764   1.38581   0.25315   0.14033   0.39985   0.42759   0.18653   0.33835   0.09303   0.43979   0.58540   1.78487   4.50594   1.96812   0.02637  
 31 444.6374 156209.220508  x:  2.02097   0.37176   0.32389   0.43785   0.39176   0.08613   0.83593   0.18889   0.46518   0.44424   0.95764   1.79506   1.08609   0.51622   0.74580   0.66719   0.85105   0.11041   0.44148   0.14065   0.11736   0.49773   0.56088   0.50612   0.69362   0.47729   0.36394   0.14441   0.00957   0.00578   0.15376   0.58931   0.23203   1.36397   0.11986   1.30475   0.12706   0.34853   0.14813   0.18013   0.46534   0.06770   0.06730   0.39292   0.35679   0.25987   0.27670   0.21107   0.14700   0.55787   0.54784   0.99677   0.12056   0.74535   0.10243   0.58072   0.06639   1.35399   0.26714   0.14095   0.40804   0.41249   0.20588   0.33219   0.08576   0.45403   0.62017   1.77495   4.53691   1.99750   0.02635  
 32 277.2246 156204.359482  x:  2.04942   0.40019   0.33715   0.43614   0.39730   0.08927   0.82579   0.18301   0.46082   0.45104   0.96790   1.74831   1.12538   0.50964   0.73641   0.66642   0.85801   0.11219   0.42365   0.13498   0.10197   0.49901   0.56514   0.50892   0.69650   0.47131   0.35769   0.13235   0.00958   0.00573   0.16454   0.59587   0.23834   1.39183   0.11962   1.27805   0.12019   0.35922   0.13709   0.18687   0.47612   0.06554   0.06849   0.39154   0.35258   0.25272   0.27739   0.20852   0.14123   0.55528   0.53367   1.01666   0.10377   0.73527   0.10250   0.59510   0.07344   1.32459   0.27021   0.12703   0.40633   0.41508   0.20916   0.33449   0.08195   0.45688   0.62759   1.76802   4.54877   2.00228   0.02626  
 33 155.8098 156202.136949  x:  2.06292   0.41460   0.34224   0.43116   0.39436   0.08535   0.81993   0.18623   0.45657   0.45669   0.96695   1.72376   1.14803   0.50440   0.72888   0.66754   0.86798   0.10893   0.41695   0.13596   0.11289   0.50032   0.56970   0.51299   0.69662   0.46979   0.35489   0.13853   0.00947   0.00576   0.15910   0.59497   0.23300   1.40597   0.11862   1.25534   0.12005   0.36359   0.14479   0.19061   0.48476   0.06420   0.07058   0.39149   0.35348   0.24819   0.27877   0.21038   0.13637   0.56071   0.52306   1.03737   0.11599   0.72443   0.10153   0.60872   0.07136   1.30241   0.26498   0.13336   0.40667   0.42269   0.20528   0.33564   0.08436   0.45309   0.62142   1.76698   4.54883   2.00379   0.02628  
 34 122.1552 156201.334702  x:  2.06733   0.41624   0.34010   0.43170   0.39275   0.08344   0.82036   0.19303   0.45603   0.45877   0.95792   1.71484   1.15915   0.50532   0.72642   0.67030   0.87841   0.11329   0.42242   0.13754   0.11121   0.49889   0.56962   0.51307   0.69468   0.47389   0.35919   0.13738   0.00951   0.00576   0.16074   0.59132   0.22819   1.40984   0.11981   1.24046   0.12600   0.35812   0.14333   0.18523   0.48002   0.06481   0.06847   0.39293   0.35512   0.25703   0.27764   0.20978   0.13953   0.56968   0.52516   1.05018   0.11124   0.71923   0.10207   0.61400   0.07297   1.29142   0.26501   0.13643   0.40669   0.42062   0.20043   0.33516   0.08652   0.45182   0.61637   1.76878   4.54467   2.00005   0.02629  
 35 51.8762 156200.838248  x:  2.06961   0.41403   0.33752   0.43487   0.39438   0.08664   0.82283   0.19072   0.45660   0.45730   0.94456   1.71077   1.16812   0.50987   0.72578   0.67275   0.88908   0.10969   0.42981   0.13722   0.11042   0.49834   0.56909   0.51182   0.69177   0.47816   0.36466   0.13805   0.00947   0.00577   0.15955   0.58694   0.22737   1.40957   0.12014   1.22808   0.12629   0.35477   0.14136   0.18734   0.47430   0.06623   0.07037   0.39119   0.35402   0.24894   0.27783   0.21108   0.13911   0.57085   0.52811   1.05868   0.11346   0.71944   0.10168   0.61220   0.07201   1.28589   0.26840   0.13491   0.40770   0.41694   0.20346   0.33706   0.08461   0.45378   0.61825   1.77089   4.53774   1.99117   0.02628  
 36 34.5032 156200.384940  x:  2.07123   0.41299   0.33672   0.43389   0.39419   0.08536   0.82567   0.18632   0.45757   0.45505   0.92929   1.70951   1.17671   0.51624   0.72679   0.67304   0.89761   0.10821   0.43335   0.13783   0.11432   0.49928   0.56939   0.51122   0.68906   0.47921   0.36583   0.13649   0.00944   0.00576   0.16079   0.58239   0.22973   1.40621   0.11943   1.21888   0.12390   0.35809   0.14301   0.18793   0.47728   0.06485   0.06814   0.39271   0.35363   0.25521   0.27753   0.20876   0.13502   0.56344   0.52754   1.06174   0.11284   0.72188   0.10153   0.60654   0.07189   1.28543   0.26786   0.13293   0.40910   0.41910   0.20278   0.33532   0.08380   0.45358   0.62302   1.77214   4.52566   1.97579   0.02625  
 37 29.4949 156199.646395  x:  2.07313   0.41749   0.34044   0.42982   0.39283   0.08965   0.82876   0.19119   0.45835   0.45408   0.90833   1.70983   1.18816   0.52259   0.72910   0.66942   0.90455   0.11027   0.43068   0.13666   0.10739   0.49857   0.56800   0.50941   0.68540   0.47582   0.36307   0.13927   0.00938   0.00579   0.15880   0.57918   0.23033   1.39815   0.12098   1.21137   0.12839   0.36426   0.14221   0.18850   0.48370   0.06399   0.06882   0.39280   0.35536   0.25375   0.27868   0.20961   0.14251   0.55637   0.52708   1.05869   0.11394   0.72415   0.10117   0.60081   0.07616   1.28987   0.26488   0.13567   0.40752   0.42294   0.20228   0.33344   0.08582   0.45141   0.62413   1.77308   4.49653   1.94517   0.02626  
 38 41.4867 156197.585923  x:  2.07873   0.44069   0.34442   0.42825   0.39497   0.07535   0.83135   0.19633   0.45870   0.45549   0.86870   1.71550   1.21384   0.52906   0.73469   0.65776   0.91167   0.11157   0.41987   0.14308   0.11539   0.49997   0.56925   0.51222   0.68484   0.46737   0.35847   0.13628   0.00915   0.00577   0.15974   0.58418   0.22365   1.37754   0.12019   1.20475   0.13284   0.36654   0.13401   0.18011   0.48368   0.06617   0.07093   0.38953   0.35542   0.24267   0.27628   0.21121   0.14371   0.55603   0.52724   1.04449   0.10770   0.72532   0.09950   0.59990   0.07255   1.30643   0.26249   0.13512   0.40105   0.42092   0.20201   0.33704   0.08438   0.45203   0.61626   1.77015   4.41188   1.84756   0.02615  
 39 87.8644 156193.514347  x:  2.08870   0.48675   0.34781   0.43127   0.39677   0.08804   0.82877   0.18857   0.45270   0.45506   0.81526   1.72757   1.25305   0.52801   0.74049   0.63736   0.91253   0.10896   0.40723   0.13738   0.11023   0.49694   0.56687   0.51262   0.68705   0.46002   0.35441   0.13651   0.00855   0.00578   0.15887   0.59905   0.21047   1.34309   0.12191   1.20223   0.12708   0.35762   0.14925   0.18818   0.46683   0.06515   0.06929   0.38597   0.34753   0.25776   0.27256   0.20943   0.13416   0.56747   0.52370   1.02290   0.11436   0.72271   0.09448   0.60981   0.07118   1.33232   0.26627   0.13480   0.40213   0.41159   0.20309   0.33739   0.08310   0.45720   0.60294   1.76575   4.23010   1.64756   0.02599  
 40 227.6528 156186.277500  x:  2.10139   0.52573   0.32773   0.42880   0.38317   0.08665   0.81735   0.17347   0.44293   0.45523   0.78218   1.74785   1.28641   0.51028   0.73830   0.62744   0.89439   0.12363   0.42786   0.13185   0.11248   0.49285   0.56072   0.50894   0.70077   0.47478   0.35151   0.13919   0.00775   0.00583   0.15545   0.60506   0.22465   1.31316   0.14152   1.21576   0.13046   0.33904   0.14259   0.19545   0.46670   0.06485   0.06680   0.40211   0.36085   0.24350   0.29024   0.20073   0.12917   0.57809   0.51144   1.01341   0.11361   0.71743   0.08823   0.62555   0.07332   1.34195   0.26807   0.13523   0.42136   0.41724   0.19402   0.31824   0.08936   0.45057   0.62115   1.76933   3.89073   1.28947   0.02576  
 41 248.5052 156165.167301  x:  2.13435   0.56478   0.30189   0.43532   0.38510   0.09765   0.79863   0.20824   0.44022   0.47157   0.75166   1.80464   1.34012   0.45259   0.71681   0.63562   0.84357   0.11072   0.48088   0.12864   0.11581   0.49184   0.55504   0.49987   0.73122   0.50728   0.35203   0.13558   0.00498   0.00592   0.15554   0.59588   0.25955   1.26777   0.12051   1.26198   0.12555   0.33708   0.14388   0.17187   0.50043   0.05998   0.06680   0.39135   0.35291   0.24977   0.25286   0.21708   0.14335   0.58724   0.50687   1.02974   0.12490   0.72236   0.06544   0.64702   0.07477   1.33337   0.26531   0.12086   0.41713   0.42408   0.20423   0.33591   0.07733   0.43315   0.67002   1.78955   2.90289   0.25224   0.02509  
 42 772.2992 156137.956249  x:  2.17403   0.53832   0.32259   0.44008   0.41663   0.08970   0.78695   0.20629   0.43530   0.47323   0.76114   1.87594   1.36956   0.41883   0.69041   0.66819   0.81659   0.10747   0.46762   0.13553   0.11475   0.50257   0.56794   0.50481   0.73276   0.49119   0.36878   0.14022   0.00170   0.00608   0.14610   0.58198   0.26899   1.26379   0.14665   1.31514   0.14947   0.35944   0.15816   0.17614   0.49820   0.05901   0.06921   0.37634   0.34679   0.25796   0.30439   0.18266   0.13046   0.58282   0.53609   1.07861   0.11132   0.74584   0.03966   0.63890   0.08689   1.31418   0.26660   0.13417   0.38195   0.41838   0.20695   0.35530   0.07165   0.44184   0.65759   1.82455   1.61857  -1.09508   0.02430  
 43 1361.1837 156123.093306  x:  2.19397   0.51064   0.33736   0.43344   0.41415   0.09677   0.78558   0.19782   0.43487   0.46906   0.78368   1.91135   1.37329   0.42904   0.68405   0.68030   0.82454   0.13486   0.44222   0.13880   0.11671   0.50638   0.57380   0.51241   0.72326   0.47490   0.37398   0.13591   0.00000   0.00615   0.14875   0.58423   0.25851   1.28154   0.14074   1.33076   0.13443   0.35864   0.13593   0.18533   0.48838   0.05824   0.06424   0.39157   0.35592   0.25213   0.27771   0.19864   0.12651   0.57946   0.54371   1.10186   0.12329   0.75908   0.02606   0.62872   0.08973   1.31231   0.27116   0.13696   0.39378   0.42107   0.19718   0.33842   0.07738   0.45257   0.63457   1.83877   1.00055  -1.75168   0.02385  
 44 1678.4149 156123.093306  x:  2.19397   0.51064   0.33736   0.43344   0.41415   0.09677   0.78558   0.19782   0.43487   0.46906   0.78368   1.91135   1.37329   0.42904   0.68405   0.68030   0.82454   0.13486   0.44222   0.13880   0.11671   0.50638   0.57380   0.51241   0.72326   0.47490   0.37398   0.13591   0.00000   0.00615   0.14875   0.58423   0.25851   1.28154   0.14074   1.33076   0.13443   0.35864   0.13593   0.18533   0.48838   0.05824   0.06424   0.39157   0.35592   0.25213   0.27771   0.19864   0.12651   0.57946   0.54371   1.10186   0.12329   0.75908   0.02606   0.62872   0.08973   1.31231   0.27116   0.13696   0.39378   0.42107   0.19718   0.33842   0.07738   0.45257   0.63457   1.83877   1.00055  -1.75168   0.02385  
 45 262.7192 156119.866788  x:  2.19397   0.51064   0.33736   0.43344   0.41415   0.09678   0.78557   0.19782   0.43487   0.46906   0.78369   1.91135   1.37329   0.42905   0.68405   0.68030   0.82455   0.13487   0.44222   0.13880   0.11671   0.50638   0.57380   0.51241   0.72326   0.47490   0.37398   0.13592   0.00094   0.00637   0.14875   0.58424   0.25851   1.28155   0.14074   1.33076   0.13443   0.35864   0.13594   0.18533   0.48838   0.05825   0.06425   0.39157   0.35592   0.25213   0.27771   0.19865   0.12652   0.57946   0.54371   1.10187   0.12329   0.75908   0.02613   0.62871   0.08973   1.31232   0.27116   0.13695   0.39378   0.42107   0.19718   0.33842   0.07739   0.45257   0.63457   1.83878   1.00058  -1.75171   0.02446  
 46 6117.1188 156118.009477  x:  2.19398   0.51063   0.33736   0.43344   0.41414   0.09679   0.78556   0.19783   0.43487   0.46906   0.78371   1.91136   1.37328   0.42906   0.68405   0.68030   0.82456   0.13488   0.44221   0.13881   0.11671   0.50638   0.57379   0.51241   0.72325   0.47490   0.37398   0.13594   0.00196   0.00659   0.14876   0.58425   0.25851   1.28157   0.14074   1.33076   0.13443   0.35864   0.13596   0.18533   0.48838   0.05826   0.06427   0.39157   0.35592   0.25213   0.27770   0.19866   0.12652   0.57946   0.54371   1.10188   0.12329   0.75909   0.02624   0.62871   0.08973   1.31233   0.27116   0.13695   0.39378   0.42108   0.19718   0.33842   0.07740   0.45257   0.63457   1.83881   1.00064  -1.75177   0.02399  
 47 4794.6312 156116.593633  x:  2.19415   0.51045   0.33736   0.43345   0.41402   0.09702   0.78530   0.19790   0.43480   0.46908   0.78410   1.91142   1.37328   0.42941   0.68410   0.68021   0.82483   0.13518   0.44205   0.13903   0.11674   0.50644   0.57375   0.51251   0.72311   0.47489   0.37398   0.13625   0.00276   0.00405   0.14889   0.58443   0.25852   1.28205   0.14082   1.33077   0.13449   0.35861   0.13635   0.18524   0.48846   0.05846   0.06472   0.39159   0.35586   0.25214   0.27761   0.19882   0.12673   0.57946   0.54369   1.10204   0.12342   0.75916   0.02887   0.62864   0.08979   1.31262   0.27119   0.13677   0.39392   0.42113   0.19723   0.33842   0.07760   0.45256   0.63450   1.83941   1.00206  -1.75321   0.02395  
 48 572.7547 156112.139509  x:  2.19540   0.50908   0.33736   0.43350   0.41312   0.09871   0.78334   0.19845   0.43427   0.46927   0.78702   1.91190   1.37322   0.43205   0.68440   0.67955   0.82687   0.13740   0.44083   0.14061   0.11701   0.50688   0.57344   0.51322   0.72206   0.47486   0.37404   0.13831   0.00190   0.00655   0.14959   0.58577   0.25857   1.28564   0.14135   1.33083   0.13487   0.35839   0.13925   0.18460   0.48901   0.05988   0.06797   0.39167   0.35543   0.25218   0.27689   0.20001   0.12823   0.57943   0.54349   1.10325   0.12429   0.75964   0.04502   0.62805   0.09017   1.31478   0.27138   0.13544   0.39489   0.42154   0.19761   0.33836   0.07904   0.45244   0.63397   1.84390   1.01266  -1.76388   0.02390  
 49 896.9696 156081.174918  x:  2.21142   0.49181   0.33700   0.43400   0.40184   0.11824   0.75879   0.20476   0.42745   0.47125   0.82370   1.91807   1.37270   0.46469   0.68818   0.67109   0.85232   0.16424   0.42574   0.15946   0.12051   0.51194   0.56943   0.52173   0.70857   0.47476   0.37423   0.15511   0.00195   0.00580   0.15173   0.60202   0.25883   1.33067   0.14713   1.33130   0.13815   0.35540   0.17224   0.17497   0.49424   0.07070   0.09727   0.39073   0.34808   0.24957   0.26698   0.21083   0.14459   0.57823   0.54045   1.11794   0.12807   0.76311   0.03290   0.61720   0.08840   1.34192   0.27102   0.11922   0.40617   0.42570   0.20072   0.33628   0.09166   0.44959   0.62638   1.90031   1.14307  -1.89271   0.02300  
 50 592.2800 156063.593164  x:  2.22352   0.47886   0.33410   0.43226   0.39342   0.12089   0.74139   0.20518   0.42078   0.46911   0.84839   1.92256   1.37261   0.48402   0.68969   0.66394   0.86852   0.17387   0.41626   0.16478   0.11865   0.51219   0.56491   0.52390   0.69701   0.47455   0.37092   0.12795   0.00218   0.00545   0.12569   0.60816   0.25772   1.36127   0.14839   1.33065   0.13848   0.35155   0.17607   0.16221   0.48882   0.04976   0.07251   0.37956   0.33366   0.23319   0.25482   0.19646   0.14178   0.57199   0.53391   1.12461   0.12715   0.76277   0.03434   0.60851   0.08637   1.35921   0.27010   0.11151   0.40610   0.42248   0.19768   0.32577   0.07906   0.43897   0.61566   1.93779   1.21465  -1.96344   0.02260  
 51 666.3820 156056.779278  x:  2.23161   0.46974   0.32996   0.42868   0.38786   0.11304   0.73090   0.20181   0.41476   0.46403   0.86164   1.92524   1.37250   0.49117   0.68892   0.65780   0.87581   0.17021   0.41145   0.16010   0.11362   0.50870   0.55991   0.52083   0.68781   0.47376   0.36562   0.13581   0.00201   0.00558   0.14309   0.60600   0.25500   1.37807   0.14537   1.32876   0.13594   0.34755   0.16363   0.15917   0.48115   0.04854   0.05569   0.37014   0.32625   0.22756   0.25284   0.18515   0.13174   0.56376   0.52569   1.12480   0.12293   0.75904   0.03471   0.60170   0.08399   1.36715   0.26814   0.11264   0.39862   0.41493   0.19339   0.31612   0.06610   0.42808   0.60530   1.95611   1.24614  -1.99450   0.02252  
 52 410.3953 156050.167328  x:  2.24310   0.45603   0.32339   0.42175   0.38069   0.09771   0.71746   0.19558   0.40573   0.45421   0.87716   1.92850   1.37194   0.49547   0.68599   0.64747   0.88229   0.15688   0.40613   0.14850   0.10622   0.50086   0.55126   0.51282   0.67392   0.47176   0.35539   0.12278   0.00207   0.00544   0.14114   0.59720   0.24906   1.39826   0.13812   1.32434   0.13057   0.34167   0.13896   0.16445   0.46845   0.06425   0.06498   0.36175   0.32473   0.23278   0.25784   0.18099   0.11763   0.54992   0.51230   1.12106   0.11650   0.75033   0.03486   0.59117   0.08117   1.37457   0.26448   0.11980   0.38350   0.40119   0.18864   0.30746   0.06379   0.41517   0.59037   1.97260   1.27857  -2.02641   0.02251  
 53 378.8321 156047.551530  x:  2.25048   0.44620   0.32115   0.41691   0.37781   0.09419   0.71061   0.19402   0.40150   0.44778   0.88432   1.92982   1.37074   0.49337   0.68261   0.63928   0.88267   0.14556   0.40406   0.14285   0.10667   0.49477   0.54523   0.50626   0.66562   0.46954   0.34864   0.12639   0.00205   0.00542   0.13848   0.58818   0.24372   1.40820   0.13317   1.31958   0.12789   0.34000   0.13035   0.16921   0.45828   0.05157   0.06415   0.35943   0.32497   0.23307   0.25780   0.18427   0.11821   0.54183   0.50603   1.11548   0.11707   0.74216   0.03485   0.58412   0.08214   1.37575   0.26190   0.12446   0.37482   0.39368   0.18810   0.31008   0.07968   0.41370   0.58346   1.97208   1.29334  -2.04086   0.02251  
 54 209.0296 156045.396117  x:  2.26081   0.43093   0.32090   0.41112   0.37659   0.09989   0.70333   0.19574   0.39912   0.44087   0.89062   1.93029   1.36746   0.48495   0.67629   0.62623   0.87804   0.13277   0.40306   0.14143   0.11306   0.48627   0.53712   0.49686   0.65609   0.46544   0.34175   0.13059   0.00206   0.00539   0.13212   0.57358   0.23558   1.41812   0.12837   1.30997   0.12634   0.34051   0.13590   0.17537   0.45111   0.05517   0.06137   0.35998   0.32525   0.23044   0.24894   0.18290   0.12872   0.53375   0.50144   1.10398   0.12085   0.72822   0.03492   0.57470   0.08394   1.37225   0.25738   0.12408   0.36789   0.38829   0.18393   0.30918   0.07274   0.41197   0.57567   1.95655   1.30740  -2.05445   0.02250  
 55 134.7033 156043.926048  x:  2.27138   0.41388   0.31909   0.40755   0.37677   0.10228   0.69666   0.19600   0.39949   0.43762   0.89393   1.92903   1.36198   0.47426   0.66933   0.61305   0.86941   0.13265   0.40284   0.14510   0.11426   0.47919   0.53027   0.48872   0.64860   0.46098   0.34110   0.12395   0.00207   0.00537   0.13743   0.56183   0.22985   1.42474   0.12748   1.29695   0.12582   0.33877   0.13927   0.16332   0.44971   0.05262   0.06276   0.36044   0.32219   0.22887   0.25384   0.18631   0.12341   0.52790   0.49881   1.08845   0.11807   0.71429   0.03525   0.56768   0.08296   1.36404   0.25466   0.12283   0.37011   0.39025   0.18430   0.30904   0.06859   0.41374   0.57351   1.93662   1.32011  -2.06662   0.02248  
 56 109.1989 156043.342738  x:  2.27683   0.40494   0.31676   0.40665   0.37646   0.09963   0.69326   0.19432   0.39960   0.43719   0.89432   1.92718   1.35770   0.46858   0.66562   0.60727   0.86362   0.13700   0.40214   0.14653   0.11185   0.47700   0.52818   0.48579   0.64549   0.45834   0.34341   0.12427   0.00207   0.00536   0.13635   0.55864   0.22891   1.42616   0.12811   1.28846   0.12567   0.33644   0.13771   0.16177   0.45180   0.05580   0.06151   0.35848   0.32063   0.22750   0.25112   0.17932   0.12190   0.52789   0.49857   1.07916   0.11591   0.70873   0.03531   0.56609   0.08243   1.35756   0.25446   0.12115   0.37166   0.39135   0.18517   0.30900   0.07354   0.41451   0.57440   1.92839   1.32610  -2.07225   0.02248  
 57 99.1387 156042.894052  x:  2.28220   0.39673   0.31409   0.40644   0.37533   0.09606   0.69014   0.19194   0.39885   0.43746   0.89346   1.92373   1.35153   0.46315   0.66171   0.60330   0.85682   0.14244   0.40031   0.14646   0.10883   0.47668   0.52802   0.48474   0.64317   0.45527   0.34694   0.12713   0.00207   0.00535   0.13304   0.55844   0.23011   1.42501   0.12887   1.27806   0.12565   0.33362   0.13439   0.16562   0.45350   0.05278   0.06194   0.35609   0.32076   0.22833   0.25164   0.18166   0.12291   0.53028   0.49899   1.06916   0.11569   0.70579   0.03529   0.56661   0.08230   1.34866   0.25497   0.11870   0.37134   0.39082   0.18416   0.30558   0.07082   0.41158   0.57512   1.92448   1.33173  -2.07741   0.02249  
 58 74.1928 156042.510203  x:  2.28820   0.39030   0.31372   0.40644   0.37309   0.09942   0.68781   0.19213   0.39633   0.43743   0.89124   1.91680   1.34100   0.45788   0.65670   0.60234   0.84853   0.14253   0.39659   0.14426   0.11055   0.47845   0.53010   0.48641   0.64190   0.45146   0.34806   0.12298   0.00207   0.00533   0.13619   0.56033   0.23334   1.41927   0.12797   1.26356   0.12574   0.33223   0.13506   0.16774   0.45181   0.05351   0.06008   0.35551   0.32163   0.22725   0.24945   0.18277   0.12123   0.53197   0.49804   1.05834   0.11845   0.70667   0.03511   0.56867   0.08240   1.33512   0.25546   0.12212   0.36846   0.38816   0.18467   0.30554   0.07171   0.40803   0.57502   1.92713   1.33784  -2.08276   0.02252  
 59 46.5633 156042.313444  x:  2.29164   0.38864   0.31389   0.40628   0.37236   0.10004   0.68699   0.19269   0.39520   0.43699   0.88975   1.91106   1.33296   0.45592   0.65410   0.60366   0.84424   0.14012   0.39489   0.14347   0.11049   0.47881   0.53044   0.48736   0.64192   0.45006   0.34603   0.12501   0.00207   0.00532   0.13423   0.56108   0.23488   1.41390   0.12714   1.25456   0.12574   0.33239   0.13652   0.16472   0.44943   0.05235   0.06243   0.35633   0.32075   0.22695   0.24973   0.17982   0.11971   0.53097   0.49686   1.05325   0.11668   0.70813   0.03514   0.56900   0.08132   1.32633   0.25457   0.12110   0.36705   0.38678   0.18304   0.30585   0.07087   0.40787   0.57402   1.93006   1.34122  -2.08555   0.02256  
 60 50.3797 156042.199605  x:  2.29369   0.38900   0.31385   0.40591   0.37234   0.09868   0.68668   0.19268   0.39498   0.43643   0.88874   1.90621   1.32659   0.45567   0.65288   0.60538   0.84216   0.13843   0.39445   0.14347   0.10934   0.47820   0.52959   0.48740   0.64224   0.44999   0.34349   0.12556   0.00207   0.00532   0.13298   0.56103   0.23517   1.40935   0.12689   1.24892   0.12603   0.33277   0.13711   0.16367   0.44870   0.05419   0.06004   0.35587   0.31902   0.22692   0.25152   0.18115   0.12091   0.52960   0.49608   1.05122   0.11519   0.70907   0.03517   0.56842   0.08159   1.32069   0.25400   0.12044   0.36739   0.38698   0.18269   0.30616   0.07126   0.40903   0.57295   1.93131   1.34393  -2.08778   0.02257  
 61 46.9166 156042.079774  x:  2.29575   0.39117   0.31369   0.40509   0.37269   0.09632   0.68654   0.19212   0.39532   0.43551   0.88748   1.89896   1.31765   0.45680   0.65218   0.60795   0.84075   0.13769   0.39485   0.14387   0.10802   0.47661   0.52748   0.48648   0.64267   0.45103   0.34028   0.12382   0.00207   0.00531   0.13456   0.56039   0.23438   1.40282   0.12724   1.24307   0.12677   0.33311   0.13584   0.16419   0.44859   0.05295   0.06102   0.35531   0.31872   0.22699   0.24959   0.18047   0.12318   0.52737   0.49529   1.05063   0.11538   0.70957   0.03512   0.56681   0.08286   1.31469   0.25370   0.12057   0.36876   0.38824   0.18342   0.30539   0.07039   0.41012   0.57123   1.93088   1.34761  -2.09071   0.02258  
 62 38.9359 156041.984859  x:  2.29691   0.39429   0.31383   0.40413   0.37268   0.09770   0.68649   0.19170   0.39568   0.43466   0.88601   1.89071   1.30830   0.45896   0.65227   0.60949   0.84065   0.13902   0.39559   0.14364   0.10982   0.47527   0.52574   0.48483   0.64249   0.45240   0.33982   0.12430   0.00207   0.00530   0.13376   0.55983   0.23255   1.39613   0.12775   1.23949   0.12703   0.33253   0.13376   0.16464   0.44921   0.05310   0.06042   0.35455   0.31999   0.22624   0.24916   0.18082   0.12058   0.52563   0.49467   1.05220   0.11663   0.70844   0.03515   0.56486   0.08155   1.31089   0.25314   0.11942   0.36789   0.38769   0.18314   0.30434   0.07084   0.40896   0.57034   1.92815   1.35116  -2.09338   0.02258  
 63 27.0430 156041.926156  x:  2.29694   0.39600   0.31292   0.40373   0.37203   0.09788   0.68600   0.19112   0.39518   0.43427   0.88420   1.88357   1.30110   0.46038   0.65229   0.60879   0.84113   0.13918   0.39537   0.14248   0.10982   0.47479   0.52538   0.48337   0.64139   0.45242   0.34157   0.12420   0.00207   0.00530   0.13360   0.55936   0.23122   1.39129   0.12761   1.23868   0.12647   0.33162   0.13515   0.16494   0.44874   0.05272   0.06047   0.35435   0.31908   0.22628   0.25036   0.17975   0.12067   0.52629   0.49517   1.05444   0.11493   0.70641   0.03519   0.56420   0.08241   1.31018   0.25370   0.12102   0.36647   0.38649   0.18332   0.30474   0.07057   0.40729   0.57068   1.92598   1.35364  -2.09500   0.02258  
 64 20.5832 156041.883602  x:  2.29610   0.39620   0.31177   0.40388   0.37144   0.09686   0.68515   0.19098   0.39439   0.43428   0.88196   1.87687   1.29523   0.46072   0.65195   0.60658   0.84160   0.13790   0.39450   0.14255   0.10894   0.47486   0.52591   0.48292   0.64020   0.45121   0.34278   0.12369   0.00207   0.00530   0.13399   0.55838   0.23089   1.38784   0.12763   1.23953   0.12674   0.33110   0.13501   0.16359   0.44779   0.05294   0.06045   0.35456   0.31830   0.22642   0.24895   0.18046   0.12098   0.52733   0.49521   1.05608   0.11579   0.70456   0.03520   0.56446   0.08163   1.31115   0.25326   0.12002   0.36593   0.38572   0.18203   0.30487   0.07075   0.40736   0.57132   1.92541   1.35524  -2.09566   0.02260  
 65 17.1489 156041.849571  x:  2.29453   0.39536   0.31162   0.40408   0.37125   0.09730   0.68423   0.19144   0.39390   0.43442   0.87969   1.87044   1.29038   0.46014   0.65139   0.60391   0.84186   0.13719   0.39365   0.14364   0.10899   0.47499   0.52649   0.48339   0.63932   0.44963   0.34245   0.12429   0.00207   0.00529   0.13332   0.55710   0.23136   1.38556   0.12741   1.24109   0.12666   0.33081   0.13361   0.16348   0.44737   0.05308   0.06040   0.35440   0.31894   0.22585   0.24930   0.18023   0.12088   0.52737   0.49435   1.05664   0.11596   0.70350   0.03519   0.56499   0.08184   1.31299   0.25313   0.12088   0.36709   0.38653   0.18297   0.30444   0.07026   0.40796   0.57104   1.92580   1.35659  -2.09595   0.02261  
 66 15.9549 156041.826902  x:  2.29267   0.39429   0.31214   0.40393   0.37141   0.09776   0.68366   0.19150   0.39402   0.43437   0.87827   1.86562   1.28748   0.45916   0.65097   0.60232   0.84191   0.13797   0.39351   0.14371   0.10905   0.47478   0.52636   0.48383   0.63892   0.44896   0.34152   0.12367   0.00207   0.00529   0.13389   0.55653   0.23210   1.38478   0.12729   1.24250   0.12623   0.33105   0.13411   0.16463   0.44774   0.05275   0.06035   0.35396   0.31904   0.22607   0.24979   0.17982   0.12092   0.52657   0.49365   1.05615   0.11512   0.70365   0.03523   0.56497   0.08182   1.31463   0.25285   0.11944   0.36684   0.38649   0.18274   0.30416   0.07063   0.40804   0.57020   1.92628   1.35733  -2.09570   0.02262  
 67 12.5597 156041.802706  x:  2.28975   0.39302   0.31263   0.40338   0.37161   0.09714   0.68329   0.19096   0.39443   0.43402   0.87741   1.86023   1.28516   0.45763   0.65057   0.60165   0.84182   0.13919   0.39387   0.14281   0.10883   0.47431   0.52553   0.48387   0.63886   0.44908   0.34077   0.12410   0.00207   0.00529   0.13345   0.55700   0.23282   1.38504   0.12743   1.24402   0.12606   0.33155   0.13498   0.16400   0.44825   0.05278   0.06038   0.35402   0.31838   0.22642   0.24887   0.18033   0.12042   0.52540   0.49354   1.05454   0.11562   0.70477   0.03522   0.56440   0.08178   1.31637   0.25287   0.12028   0.36629   0.38634   0.18310   0.30449   0.07053   0.40742   0.56937   1.92637   1.35836  -2.09529   0.02263  
 68 10.6926 156041.769542  x:  2.28470   0.39201   0.31276   0.40283   0.37157   0.09695   0.68339   0.19090   0.39465   0.43345   0.87764   1.85318   1.28340   0.45573   0.65002   0.60248   0.84155   0.13874   0.39447   0.14255   0.10941   0.47411   0.52451   0.48338   0.63949   0.44997   0.34082   0.12380   0.00208   0.00529   0.13368   0.55873   0.23294   1.38665   0.12740   1.24544   0.12608   0.33112   0.13384   0.16342   0.44794   0.05296   0.06044   0.35467   0.31867   0.22531   0.24983   0.17983   0.12180   0.52546   0.49468   1.05149   0.11576   0.70631   0.03526   0.56345   0.08120   1.31793   0.25275   0.12068   0.36596   0.38585   0.18215   0.30455   0.07054   0.40735   0.56985   1.92555   1.36060  -2.09507   0.02264  
 69 10.3776 156041.730030  x:  2.27812   0.39187   0.31213   0.40305   0.37132   0.09753   0.68379   0.19137   0.39423   0.43324   0.87910   1.84590   1.28286   0.45475   0.64954   0.60434   0.84093   0.13704   0.39444   0.14311   0.10914   0.47431   0.52428   0.48259   0.64020   0.45058   0.34086   0.12385   0.00208   0.00528   0.13357   0.55963   0.23237   1.38904   0.12682   1.24586   0.12581   0.33011   0.13398   0.16400   0.44699   0.05291   0.06021   0.35364   0.31873   0.22648   0.24864   0.18028   0.12026   0.52598   0.49479   1.04860   0.11464   0.70660   0.03529   0.56317   0.08231   1.31833   0.25297   0.12011   0.36648   0.38581   0.18222   0.30404   0.07042   0.40777   0.57077   1.92438   1.36336  -2.09446   0.02265  
 70 12.4834 156041.669827  x:  2.26799   0.39234   0.31055   0.40375   0.37084   0.09687   0.68392   0.19098   0.39335   0.43359   0.88182   1.83694   1.28389   0.45547   0.64930   0.60661   0.83946   0.13665   0.39334   0.14308   0.10828   0.47447   0.52507   0.48189   0.64010   0.45017   0.34016   0.12383   0.00208   0.00528   0.13355   0.55821   0.23154   1.39239   0.12652   1.24477   0.12586   0.32999   0.13587   0.16522   0.44660   0.05268   0.06043   0.35306   0.31843   0.22594   0.24970   0.17964   0.11965   0.52657   0.49350   1.04641   0.11626   0.70471   0.03538   0.56349   0.08026   1.31674   0.25194   0.11999   0.36687   0.38625   0.18346   0.30396   0.07040   0.40737   0.57053   1.92368   1.36709  -2.09256   0.02266  
 71 14.9065 156041.578467  x:  2.25332   0.39282   0.30991   0.40395   0.37036   0.09704   0.68350   0.19044   0.39290   0.43427   0.88513   1.82609   1.28679   0.45792   0.64916   0.60797   0.83696   0.13855   0.39164   0.14257   0.10915   0.47414   0.52626   0.48200   0.63892   0.44866   0.33966   0.12390   0.00208   0.00527   0.13353   0.55511   0.23083   1.39608   0.12642   1.24168   0.12555   0.33020   0.13449   0.16319   0.44757   0.05301   0.06051   0.35476   0.31835   0.22509   0.24920   0.18009   0.12107   0.52648   0.49188   1.04546   0.11556   0.70134   0.03544   0.56445   0.08262   1.31298   0.25241   0.11939   0.36563   0.38587   0.18292   0.30419   0.07066   0.40661   0.56900   1.92387   1.37262  -2.08911   0.02269  
 72 23.8435 156041.484396  x:  2.24043   0.39173   0.31193   0.40260   0.37070   0.09801   0.68243   0.19118   0.39380   0.43382   0.88577   1.81945   1.29066   0.45956   0.64868   0.60575   0.83498   0.13865   0.39139   0.14286   0.10888   0.47283   0.52528   0.48284   0.63741   0.44751   0.34168   0.12381   0.00208   0.00526   0.13351   0.55440   0.23048   1.39679   0.12638   1.23769   0.12570   0.33090   0.13341   0.16302   0.44777   0.05272   0.06026   0.35334   0.31812   0.22706   0.24817   0.18026   0.12221   0.52519   0.49272   1.04787   0.11376   0.70009   0.03571   0.56378   0.07982   1.30847   0.25220   0.12152   0.36572   0.38563   0.18147   0.30409   0.07051   0.40745   0.56873   1.92456   1.37904  -2.08582   0.02272  
 73 17.7115 156041.342386  x:  2.22350   0.38896   0.31373   0.40079   0.37134   0.09624   0.68050   0.19125   0.39457   0.43220   0.88434   1.81334   1.29651   0.46020   0.64776   0.60085   0.83323   0.13687   0.39222   0.14357   0.10845   0.47152   0.52302   0.48351   0.63567   0.44665   0.34409   0.12389   0.00209   0.00524   0.13333   0.55491   0.22992   1.39519   0.12627   1.23198   0.12654   0.33147   0.13421   0.16386   0.44677   0.05290   0.06064   0.35204   0.31852   0.22563   0.24956   0.17946   0.12021   0.52308   0.49438   1.05284   0.11625   0.70099   0.03570   0.56268   0.08251   1.30254   0.25341   0.12050   0.36560   0.38478   0.18078   0.30385   0.07041   0.40825   0.56905   1.92473   1.38960  -2.08128   0.02275  
 74 31.2900 156041.144840  x:  2.20557   0.38551   0.31176   0.40127   0.37104   0.09504   0.67884   0.19010   0.39315   0.43065   0.87969   1.81121   1.30299   0.45773   0.64684   0.59585   0.83385   0.13581   0.39405   0.14301   0.10979   0.47276   0.52195   0.48199   0.63513   0.44707   0.34109   0.12368   0.00210   0.00522   0.13334   0.55538   0.22923   1.38901   0.12575   1.22632   0.12531   0.32892   0.13367   0.16450   0.44529   0.05296   0.06034   0.35558   0.31795   0.22387   0.24771   0.18048   0.11962   0.52357   0.49439   1.05756   0.11335   0.70389   0.03607   0.56084   0.08085   1.29747   0.25176   0.11815   0.36576   0.38528   0.18474   0.30383   0.07023   0.40517   0.56892   1.92283   1.40531  -2.07556   0.02279  
 75 24.7157 156040.860554  x:  2.18585   0.38351   0.30823   0.40235   0.36879   0.09947   0.67805   0.19034   0.39112   0.43102   0.87266   1.81317   1.30926   0.45234   0.64594   0.59291   0.83659   0.13698   0.39441   0.14081   0.10767   0.47394   0.52171   0.47838   0.63533   0.44747   0.33468   0.12365   0.00211   0.00518   0.13301   0.55527   0.22870   1.37797   0.12648   1.22164   0.12577   0.32657   0.13197   0.16179   0.44504   0.05278   0.06042   0.35251   0.31543   0.22715   0.24891   0.17860   0.12135   0.52515   0.49126   1.05888   0.11605   0.70567   0.03628   0.55989   0.08218   1.29414   0.24957   0.11862   0.36457   0.38513   0.18290   0.30211   0.07093   0.40341   0.56791   1.91888   1.42837  -2.06730   0.02282  
 76 36.4818 156040.414566  x:  2.16406   0.38574   0.30444   0.40128   0.36610   0.09666   0.67731   0.18942   0.39012   0.43268   0.86391   1.82099   1.31327   0.44521   0.64436   0.59406   0.84027   0.13898   0.39050   0.14157   0.10825   0.47175   0.52198   0.47643   0.63631   0.44605   0.33228   0.12350   0.00212   0.00513   0.13283   0.55571   0.22892   1.36073   0.12694   1.21918   0.12613   0.32671   0.13452   0.16175   0.44531   0.05266   0.06120   0.34813   0.31964   0.22179   0.24688   0.18015   0.12027   0.52391   0.48561   1.05261   0.11262   0.70132   0.03700   0.55915   0.08141   1.29382   0.24931   0.12248   0.36229   0.38262   0.17688   0.30272   0.07025   0.40719   0.56568   1.91573   1.46376  -2.05331   0.02286  
 77 42.0524 156039.670323  x:  2.13872   0.39445   0.30803   0.39812   0.36749   0.09529   0.67597   0.18872   0.38948   0.43087   0.85427   1.83657   1.31210   0.43934   0.64092   0.59830   0.84143   0.13759   0.38265   0.14291   0.10918   0.46487   0.52047   0.47730   0.63538   0.44192   0.33802   0.12315   0.00215   0.00504   0.13251   0.55538   0.23011   1.33665   0.12685   1.21959   0.12529   0.32804   0.13262   0.16353   0.44416   0.05248   0.05968   0.35416   0.31515   0.22659   0.24747   0.17790   0.11965   0.51976   0.48482   1.03511   0.11482   0.69015   0.03800   0.55805   0.07990   1.29663   0.25183   0.11878   0.36172   0.38006   0.18135   0.30393   0.06900   0.40691   0.56178   1.91501   1.52077  -2.02728   0.02292  
 78 62.0582 156039.088230  x:  2.12939   0.40014   0.31188   0.39706   0.36923   0.09773   0.67470   0.18902   0.38949   0.42682   0.85120   1.84776   1.30420   0.44253   0.63846   0.59886   0.83548   0.13657   0.38327   0.13998   0.10637   0.46424   0.51854   0.47742   0.63169   0.44062   0.33940   0.12371   0.00218   0.00497   0.13246   0.55027   0.23078   1.32698   0.12728   1.22197   0.12326   0.32753   0.13396   0.16160   0.44084   0.05368   0.06291   0.34925   0.31297   0.22012   0.24574   0.18028   0.12085   0.51884   0.49061   1.02383   0.11371   0.68634   0.03877   0.55651   0.08062   1.29851   0.24938   0.11692   0.36390   0.38326   0.18235   0.29801   0.07223   0.40001   0.56293   1.91769   1.56000  -2.00148   0.02301  
 79 55.9392 156038.073662  x:  2.12745   0.40317   0.30939   0.39689   0.36738   0.09351   0.67224   0.18834   0.39104   0.42417   0.85078   1.86378   1.28196   0.45485   0.63547   0.59582   0.81888   0.13770   0.39245   0.14156   0.11168   0.47122   0.51751   0.47803   0.62659   0.44185   0.33658   0.12424   0.00222   0.00487   0.13233   0.54077   0.22962   1.32498   0.12862   1.22714   0.12443   0.32474   0.13770   0.16012   0.44063   0.05372   0.06070   0.34840   0.32090   0.22774   0.24678   0.17843   0.12063   0.51962   0.49563   1.01426   0.11452   0.68992   0.04013   0.55464   0.08199   1.29938   0.24473   0.11794   0.36302   0.38476   0.18019   0.30166   0.07139   0.39927   0.56866   1.92100   1.62681  -1.95391   0.02312  
 80 69.8439 156036.995850  x:  2.13593   0.39998   0.30642   0.39892   0.36539   0.09976   0.67246   0.19083   0.39205   0.42843   0.85309   1.87604   1.25523   0.46389   0.63444   0.59369   0.80489   0.13749   0.39890   0.14344   0.10571   0.47362   0.51709   0.47659   0.62533   0.44404   0.33805   0.12526   0.00226   0.00477   0.13262   0.54118   0.22650   1.33336   0.12745   1.23111   0.12634   0.32380   0.13556   0.16509   0.44512   0.05385   0.06407   0.35298   0.31253   0.22234   0.24588   0.18059   0.11947   0.51997   0.48916   1.01602   0.11423   0.69772   0.04144   0.55512   0.08024   1.29721   0.24842   0.11890   0.36046   0.37991   0.18052   0.30562   0.06954   0.40765   0.56729   1.91909   1.69406  -1.89998   0.02323  
 81 96.6493 156036.060280  x:  2.15301   0.39185   0.30552   0.40023   0.36703   0.09846   0.67469   0.18831   0.38853   0.43139   0.85660   1.88035   1.23312   0.46146   0.63609   0.59648   0.80389   0.13553   0.39440   0.14336   0.11065   0.46834   0.51976   0.47665   0.62996   0.44329   0.34209   0.12597   0.00230   0.00469   0.13312   0.55115   0.22499   1.34795   0.12601   1.23126   0.12463   0.32827   0.13862   0.16099   0.44487   0.05450   0.06454   0.35269   0.31544   0.22540   0.24640   0.18076   0.12334   0.52113   0.48290   1.02883   0.11397   0.70047   0.04263   0.55702   0.07915   1.29206   0.25216   0.11813   0.36504   0.38183   0.18053   0.29709   0.07425   0.40520   0.55951   1.91464   1.74958  -1.85052   0.02332  
 82 82.0544 156035.541020  x:  2.16892   0.38726   0.30916   0.39836   0.36797   0.09967   0.67710   0.18944   0.38830   0.43023   0.85941   1.87723   1.22503   0.45361   0.63882   0.60069   0.81232   0.13845   0.38769   0.14175   0.10820   0.46449   0.52077   0.47668   0.63411   0.44137   0.33874   0.12644   0.00231   0.00465   0.13341   0.55409   0.22780   1.35803   0.12746   1.22881   0.12462   0.32816   0.13701   0.16112   0.44344   0.05517   0.06520   0.35027   0.31876   0.22508   0.24627   0.18144   0.12331   0.52259   0.48745   1.03895   0.11393   0.69604   0.04338   0.55722   0.08072   1.28779   0.24868   0.11559   0.36468   0.38482   0.18210   0.30660   0.07206   0.40351   0.56320   1.91534   1.77991  -1.82263   0.02338  
 83 60.1551 156035.326663  x:  2.17964   0.38721   0.31002   0.39784   0.36795   0.09868   0.67780   0.18991   0.39066   0.42921   0.86080   1.87184   1.22639   0.44844   0.64015   0.60194   0.81934   0.14025   0.38667   0.14377   0.11048   0.46674   0.52108   0.47761   0.63566   0.44132   0.33596   0.12677   0.00232   0.00464   0.13351   0.55224   0.23041   1.36121   0.12701   1.22644   0.12520   0.32666   0.13783   0.16294   0.44449   0.05512   0.06588   0.35288   0.31490   0.22518   0.24637   0.18166   0.12193   0.52221   0.49129   1.04210   0.11455   0.69238   0.04370   0.55642   0.08143   1.28608   0.24759   0.11781   0.36383   0.38398   0.18090   0.30223   0.07302   0.40538   0.56750   1.91742   1.79198  -1.81096   0.02340  
 84 36.2817 156035.144516  x:  2.19530   0.39103   0.30933   0.39988   0.36815   0.10016   0.67780   0.18980   0.39266   0.42907   0.86182   1.86067   1.23642   0.44485   0.64091   0.60021   0.82704   0.13961   0.39051   0.14328   0.10709   0.47146   0.51987   0.47793   0.63417   0.44364   0.33853   0.12695   0.00233   0.00462   0.13352   0.54985   0.23277   1.36090   0.12602   1.22338   0.12582   0.32641   0.13922   0.16158   0.44604   0.05521   0.06528   0.35396   0.31888   0.22556   0.24646   0.18179   0.12314   0.52107   0.49129   1.04079   0.11474   0.69113   0.04395   0.55590   0.08046   1.28593   0.25111   0.11719   0.36449   0.38227   0.18229   0.30142   0.07332   0.40585   0.56672   1.91977   1.80223  -1.80145   0.02341  
 85 22.0247 156035.008603  x:  2.20961   0.39441   0.30855   0.40042   0.36788   0.09967   0.67789   0.18966   0.39191   0.42943   0.86166   1.84980   1.24788   0.44458   0.64138   0.59801   0.83108   0.13928   0.39344   0.14399   0.11075   0.47292   0.51990   0.47911   0.63308   0.44514   0.34134   0.12716   0.00234   0.00461   0.13362   0.54917   0.23333   1.35920   0.12695   1.22162   0.12597   0.32725   0.13858   0.16191   0.44572   0.05538   0.06661   0.35106   0.31603   0.22540   0.24645   0.18204   0.12380   0.52139   0.48978   1.03831   0.11485   0.69231   0.04413   0.55650   0.08051   1.28675   0.25123   0.11648   0.36550   0.38374   0.18197   0.30438   0.07302   0.40524   0.56509   1.92033   1.80986  -1.79458   0.02341  
 86 34.2998 156034.895491  x:  2.22368   0.39644   0.30934   0.39922   0.36777   0.09977   0.67851   0.19050   0.38990   0.43055   0.85985   1.83881   1.26098   0.44778   0.64181   0.59642   0.83073   0.14026   0.39331   0.14384   0.10934   0.46910   0.52034   0.47920   0.63272   0.44479   0.34148   0.12722   0.00234   0.00460   0.13358   0.55000   0.23181   1.35640   0.12830   1.22167   0.12582   0.32855   0.13907   0.16298   0.44453   0.05544   0.06605   0.35403   0.31659   0.22554   0.24647   0.18199   0.12266   0.52316   0.48907   1.03601   0.11453   0.69514   0.04426   0.55774   0.08145   1.28849   0.24798   0.11735   0.36533   0.38565   0.18053   0.30344   0.07341   0.40553   0.56543   1.91959   1.81691  -1.78990   0.02340  
 87 26.4295 156034.842720  x:  2.23100   0.39614   0.30992   0.39907   0.36847   0.09954   0.67882   0.18994   0.39038   0.43088   0.85765   1.83308   1.26855   0.45031   0.64175   0.59694   0.82764   0.14015   0.39125   0.14420   0.10977   0.46753   0.52140   0.47855   0.63363   0.44345   0.33920   0.12721   0.00234   0.00459   0.13361   0.55085   0.23024   1.35444   0.12740   1.22308   0.12615   0.32803   0.13910   0.16200   0.44532   0.05544   0.06633   0.35243   0.31685   0.22546   0.24640   0.18205   0.12318   0.52344   0.49022   1.03574   0.11451   0.69591   0.04432   0.55760   0.08080   1.28966   0.24896   0.11690   0.36419   0.38351   0.18253   0.30278   0.07320   0.40596   0.56647   1.91908   1.82035  -1.78819   0.02340  
 88 17.6811 156034.824720  x:  2.23367   0.39533   0.30967   0.39928   0.36827   0.09976   0.67878   0.18966   0.39111   0.43009   0.85615   1.83100   1.27160   0.45083   0.64141   0.59836   0.82482   0.13988   0.39026   0.14380   0.10962   0.46867   0.52150   0.47796   0.63431   0.44305   0.33869   0.12720   0.00235   0.00459   0.13360   0.55160   0.23003   1.35361   0.12736   1.22450   0.12616   0.32728   0.13910   0.16240   0.44553   0.05538   0.06627   0.35287   0.31665   0.22544   0.24639   0.18201   0.12301   0.52223   0.49029   1.03662   0.11464   0.69476   0.04435   0.55691   0.08070   1.29001   0.24985   0.11700   0.36536   0.38404   0.18124   0.30337   0.07332   0.40517   0.56616   1.91914   1.82157  -1.78800   0.02340  
 89  8.2315 156034.818311  x:  2.23456   0.39503   0.30942   0.39927   0.36795   0.09978   0.67862   0.19000   0.39094   0.42974   0.85547   1.83031   1.27271   0.45028   0.64104   0.59956   0.82308   0.14017   0.39059   0.14383   0.10955   0.46935   0.52089   0.47824   0.63454   0.44346   0.33920   0.12717   0.00235   0.00459   0.13359   0.55174   0.23046   1.35335   0.12770   1.22554   0.12587   0.32753   0.13897   0.16223   0.44498   0.05544   0.06626   0.35272   0.31667   0.22544   0.24636   0.18199   0.12319   0.52209   0.49002   1.03755   0.11463   0.69381   0.04437   0.55674   0.08091   1.28988   0.24916   0.11691   0.36467   0.38406   0.18180   0.30306   0.07326   0.40561   0.56582   1.91923   1.82200  -1.78832   0.02340  
 90  3.8707 156034.813882  x:  2.23492   0.39533   0.30962   0.39931   0.36832   0.09975   0.67834   0.18970   0.39069   0.43030   0.85533   1.83003   1.27319   0.44914   0.64058   0.60036   0.82201   0.13990   0.39108   0.14357   0.10963   0.46888   0.52048   0.47870   0.63420   0.44383   0.33920   0.12715   0.00235   0.00459   0.13355   0.55093   0.23083   1.35331   0.12721   1.22652   0.12588   0.32781   0.13885   0.16227   0.44535   0.05537   0.06624   0.35270   0.31661   0.22539   0.24634   0.18195   0.12296   0.52275   0.48997   1.03837   0.11459   0.69374   0.04437   0.55700   0.08090   1.28946   0.24917   0.11696   0.36485   0.38394   0.18158   0.30314   0.07324   0.40539   0.56596   1.91930   1.82230  -1.78921   0.02340  
 91  1.9238 156034.803992  x:  2.23514   0.39641   0.30972   0.39848   0.36767   0.09953   0.67824   0.19026   0.39052   0.43026   0.85553   1.82982   1.27348   0.44776   0.64006   0.60060   0.82133   0.14008   0.39102   0.14404   0.10959   0.46818   0.52131   0.47817   0.63347   0.44361   0.33928   0.12714   0.00235   0.00458   0.13352   0.54985   0.23130   1.35358   0.12840   1.22802   0.12578   0.32712   0.13895   0.16223   0.44482   0.05540   0.06621   0.35267   0.31657   0.22537   0.24630   0.18192   0.12306   0.52238   0.48979   1.03901   0.11452   0.69480   0.04434   0.55699   0.08058   1.28824   0.25018   0.11686   0.36487   0.38376   0.18160   0.30298   0.07330   0.40499   0.56597   1.91931   1.82176  -1.79122   0.02339  
 92  1.4319 156034.766762  x:  2.23533   0.39858   0.30940   0.39961   0.36838   0.09957   0.67803   0.18952   0.39062   0.42890   0.85590   1.82940   1.27367   0.44627   0.63933   0.59971   0.82131   0.14116   0.38996   0.14449   0.10947   0.46789   0.52323   0.47621   0.63209   0.44252   0.34049   0.12701   0.00238   0.00457   0.13342   0.54965   0.23147   1.35438   0.12631   1.23137   0.12425   0.32646   0.13879   0.16206   0.44456   0.05537   0.06612   0.35240   0.31640   0.22525   0.24615   0.18181   0.12329   0.52070   0.48978   1.03914   0.11486   0.69672   0.04432   0.55620   0.08098   1.28467   0.24868   0.11697   0.36444   0.38407   0.18133   0.30299   0.07302   0.40581   0.56558   1.91971   1.81865  -1.79890   0.02339  
 93  3.9152 156034.602108  x:  2.23511   0.39976   0.30752   0.40025   0.36703   0.09997   0.67759   0.18903   0.39227   0.42883   0.85482   1.82785   1.27329   0.44779   0.63885   0.59540   0.82453   0.13908   0.38781   0.14409   0.10955   0.46861   0.52099   0.47595   0.63087   0.44025   0.33939   0.12669   0.00247   0.00453   0.13309   0.55190   0.23125   1.35791   0.12777   1.23944   0.12951   0.32833   0.13852   0.16211   0.44604   0.05487   0.06599   0.35191   0.31582   0.22470   0.24579   0.18141   0.12243   0.52067   0.48995   1.03625   0.11299   0.69546   0.04427   0.55448   0.08203   1.27485   0.24593   0.11674   0.36355   0.38323   0.18202   0.30205   0.07331   0.40379   0.56295   1.92112   1.80252  -1.83210   0.02336  
 94 10.9862 156034.282992  x:  2.23429   0.39695   0.30725   0.39749   0.36443   0.09945   0.67602   0.18986   0.38936   0.42887   0.85233   1.82494   1.27201   0.45360   0.63984   0.59045   0.83013   0.14026   0.38850   0.14387   0.10884   0.46881   0.51510   0.47937   0.63143   0.44049   0.33456   0.12609   0.00266   0.00445   0.13249   0.55370   0.22939   1.36302   0.12612   1.24548   0.12115   0.32842   0.13878   0.16116   0.44332   0.05469   0.06563   0.35085   0.31453   0.22390   0.24490   0.18082   0.12213   0.52209   0.48814   1.03138   0.11455   0.69051   0.04415   0.55390   0.08059   1.26471   0.25048   0.11607   0.36389   0.38222   0.18047   0.30159   0.07273   0.40305   0.56253   1.92419   1.77027  -1.89502   0.02331  
 95 46.3787 156033.907618  x:  2.23266   0.38936   0.31125   0.39805   0.36949   0.09925   0.67145   0.18784   0.38379   0.42723   0.85313   1.82150   1.26987   0.45622   0.64120   0.59252   0.83111   0.14119   0.39007   0.14176   0.10882   0.46751   0.51826   0.47865   0.63082   0.44399   0.33612   0.12555   0.00288   0.00435   0.13170   0.55021   0.22781   1.36615   0.12780   1.23625   0.12677   0.32265   0.13953   0.16046   0.43979   0.05447   0.06532   0.34979   0.31327   0.22297   0.24404   0.18013   0.12312   0.51720   0.48346   1.03100   0.11373   0.68860   0.04397   0.55545   0.07989   1.27219   0.25058   0.11600   0.36241   0.38152   0.17987   0.30004   0.07204   0.40320   0.56340   1.92837   1.73122  -1.96910   0.02325  
 96 40.9548 156033.618003  x:  2.23134   0.38517   0.30930   0.39515   0.36439   0.09858   0.66909   0.19064   0.38799   0.42896   0.85732   1.81889   1.26811   0.45553   0.64079   0.59514   0.82866   0.13939   0.38863   0.14389   0.10794   0.46610   0.52078   0.47625   0.62903   0.44422   0.33833   0.12508   0.00306   0.00427   0.13119   0.54708   0.22780   1.36683   0.12527   1.22307   0.12507   0.32399   0.13900   0.15960   0.44223   0.05383   0.06518   0.34873   0.31248   0.22217   0.24340   0.17962   0.12264   0.51600   0.48465   1.03335   0.11388   0.69026   0.04389   0.55388   0.08033   1.28492   0.24680   0.11528   0.36201   0.38082   0.18027   0.29956   0.07236   0.39989   0.55969   1.93165   1.70063  -2.02554   0.02321  
 97 65.7661 156033.548264  x:  2.23103   0.38644   0.30727   0.39701   0.36385   0.09971   0.66922   0.18860   0.38705   0.42651   0.86098   1.81827   1.26769   0.45441   0.63973   0.59456   0.82649   0.14014   0.38658   0.14386   0.10828   0.46595   0.51848   0.47607   0.62723   0.44193   0.33694   0.12500   0.00310   0.00426   0.13107   0.54747   0.22923   1.36649   0.12710   1.21872   0.12470   0.32660   0.13854   0.15984   0.44141   0.05381   0.06512   0.34865   0.31224   0.22206   0.24327   0.17950   0.12185   0.51758   0.48588   1.03487   0.11361   0.69118   0.04388   0.55187   0.07991   1.28974   0.24822   0.11522   0.36214   0.38054   0.17992   0.29931   0.07209   0.40123   0.55894   1.93194   1.69308  -2.03875   0.02321  
 98 23.2615 156033.537738  x:  2.23100   0.38751   0.30731   0.39712   0.36428   0.09918   0.66986   0.18967   0.38708   0.42692   0.86283   1.81818   1.26763   0.45381   0.63902   0.59364   0.82561   0.14078   0.38625   0.14385   0.10831   0.46637   0.51729   0.47661   0.62678   0.44109   0.33621   0.12498   0.00311   0.00426   0.13107   0.54877   0.22938   1.36603   0.12634   1.21805   0.12528   0.32591   0.13858   0.15973   0.44092   0.05385   0.06511   0.34861   0.31221   0.22204   0.24325   0.17949   0.12208   0.51733   0.48505   1.03539   0.11365   0.69090   0.04388   0.55180   0.07986   1.29078   0.24825   0.11521   0.36200   0.38060   0.17989   0.29931   0.07214   0.40064   0.55939   1.93163   1.69201  -2.04059   0.02320  
 99  5.9929 156033.536245  x:  2.23100   0.38767   0.30755   0.39671   0.36410   0.09926   0.66993   0.18913   0.38693   0.42705   0.86355   1.81816   1.26763   0.45364   0.63870   0.59331   0.82543   0.14060   0.38636   0.14383   0.10824   0.46654   0.51732   0.47672   0.62684   0.44104   0.33603   0.12498   0.00311   0.00426   0.13107   0.54923   0.22931   1.36575   0.12652   1.21805   0.12511   0.32556   0.13864   0.15966   0.44121   0.05382   0.06513   0.34859   0.31222   0.22202   0.24324   0.17949   0.12214   0.51718   0.48495   1.03551   0.11368   0.69066   0.04388   0.55199   0.07990   1.29091   0.24799   0.11518   0.36204   0.38057   0.17994   0.29929   0.07213   0.40073   0.55942   1.93165   1.69193  -2.04073   0.02320  
100  2.1851 156033.535516  x:  2.23098   0.38729   0.30758   0.39686   0.36425   0.09919   0.66994   0.18933   0.38695   0.42709   0.86447   1.81812   1.26764   0.45361   0.63837   0.59312   0.82544   0.14062   0.38661   0.14372   0.10824   0.46649   0.51769   0.47662   0.62709   0.44122   0.33589   0.12498   0.00311   0.00426   0.13107   0.54937   0.22923   1.36517   0.12667   1.21830   0.12506   0.32570   0.13862   0.15970   0.44119   0.05382   0.06512   0.34860   0.31222   0.22203   0.24325   0.17949   0.12207   0.51721   0.48524   1.03554   0.11369   0.69044   0.04389   0.55212   0.07989   1.29085   0.24806   0.11521   0.36202   0.38057   0.17992   0.29931   0.07213   0.40080   0.55920   1.93171   1.69217  -2.04057   0.02320  
101  0.8372 156033.534815  x:  2.23094   0.38664   0.30747   0.39680   0.36404   0.09930   0.66988   0.18922   0.38696   0.42697   0.86538   1.81807   1.26768   0.45373   0.63823   0.59320   0.82559   0.14073   0.38660   0.14384   0.10824   0.46633   0.51764   0.47660   0.62722   0.44129   0.33600   0.12499   0.00311   0.00426   0.13108   0.54926   0.22932   1.36446   0.12648   1.21866   0.12523   0.32580   0.13862   0.15969   0.44110   0.05384   0.06513   0.34862   0.31222   0.22204   0.24325   0.17950   0.12212   0.51722   0.48507   1.03554   0.11368   0.69051   0.04389   0.55200   0.07989   1.29071   0.24812   0.11517   0.36206   0.38060   0.17994   0.29931   0.07214   0.40071   0.55943   1.93181   1.69253  -2.04007   0.02320  
102  0.9496 156033.534120  x:  2.23090   0.38611   0.30749   0.39689   0.36421   0.09925   0.66986   0.18933   0.38705   0.42705   0.86595   1.81805   1.26770   0.45385   0.63832   0.59343   0.82575   0.14059   0.38636   0.14373   0.10830   0.46643   0.51738   0.47665   0.62702   0.44118   0.33615   0.12499   0.00311   0.00426   0.13108   0.54910   0.22942   1.36397   0.12673   1.21889   0.12500   0.32559   0.13866   0.15968   0.44126   0.05382   0.06514   0.34861   0.31223   0.22203   0.24326   0.17951   0.12214   0.51725   0.48493   1.03553   0.11370   0.69073   0.04389   0.55192   0.07992   1.29059   0.24802   0.11519   0.36207   0.38057   0.17995   0.29930   0.07213   0.40077   0.55949   1.93173   1.69318  -2.03943   0.02320  
103  1.0154 156033.531968  x:  2.23071   0.38569   0.30776   0.39661   0.36425   0.09921   0.66989   0.18922   0.38673   0.42709   0.86635   1.81801   1.26768   0.45377   0.63903   0.59376   0.82581   0.14068   0.38617   0.14413   0.10813   0.46702   0.51719   0.47691   0.62650   0.44096   0.33608   0.12500   0.00311   0.00427   0.13111   0.54897   0.22920   1.36346   0.12651   1.21907   0.12518   0.32542   0.13866   0.15969   0.44111   0.05385   0.06514   0.34860   0.31224   0.22203   0.24325   0.17952   0.12205   0.51731   0.48540   1.03546   0.11367   0.69100   0.04391   0.55215   0.07986   1.29045   0.24805   0.11525   0.36195   0.38060   0.17986   0.29935   0.07217   0.40080   0.55884   1.93131   1.69590  -2.03709   0.02320  
104  1.0371 156033.513607  x:  2.22897   0.38561   0.30726   0.39638   0.36349   0.09932   0.66999   0.18929   0.38699   0.42737   0.86617   1.81783   1.26725   0.45245   0.64257   0.59360   0.82482   0.14065   0.38676   0.14292   0.10862   0.46685   0.51763   0.47666   0.62472   0.44079   0.33576   0.12506   0.00312   0.00432   0.13125   0.54977   0.22834   1.36200   0.12648   1.21888   0.12527   0.32627   0.13851   0.15982   0.44080   0.05395   0.06516   0.34860   0.31224   0.22208   0.24328   0.17956   0.12216   0.51654   0.48548   1.03485   0.11353   0.69043   0.04410   0.55243   0.07983   1.28981   0.24813   0.11492   0.36254   0.38069   0.18022   0.29912   0.07202   0.40133   0.55989   1.93132   1.72023  -2.01643   0.02320  
105  4.3214 156033.486098  x:  2.22633   0.38632   0.30690   0.39731   0.36422   0.09955   0.66988   0.18913   0.38690   0.42671   0.86507   1.81761   1.26663   0.45155   0.64445   0.59276   0.82365   0.14006   0.38748   0.14531   0.10821   0.46558   0.51752   0.47614   0.62545   0.44099   0.33557   0.12517   0.00315   0.00441   0.13147   0.55020   0.22874   1.36061   0.12717   1.21809   0.12476   0.32583   0.13868   0.15976   0.44131   0.05400   0.06524   0.34860   0.31234   0.22211   0.24335   0.17966   0.12230   0.51681   0.48484   1.03410   0.11360   0.68943   0.04439   0.55158   0.07999   1.28906   0.24787   0.11541   0.36188   0.38032   0.17993   0.29944   0.07229   0.40000   0.56010   1.93150   1.75661  -1.98510   0.02320  
106 33.2893 156033.458526  x:  2.22371   0.38752   0.30723   0.39624   0.36382   0.09940   0.66960   0.18931   0.38679   0.42647   0.86320   1.81748   1.26607   0.45218   0.64122   0.59215   0.82378   0.14043   0.38665   0.14385   0.10866   0.46543   0.51694   0.47532   0.62751   0.44129   0.33605   0.12533   0.00317   0.00450   0.13163   0.54926   0.23009   1.36000   0.12638   1.21706   0.12539   0.32422   0.13893   0.15971   0.44119   0.05409   0.06531   0.34854   0.31241   0.22214   0.24339   0.17974   0.12214   0.51821   0.48484   1.03375   0.11367   0.68936   0.04468   0.55048   0.07996   1.28858   0.24783   0.11526   0.36218   0.38065   0.18004   0.29931   0.07224   0.40109   0.55885   1.93072   1.79302  -1.95375   0.02320  
107 32.1833 156033.450264  x:  2.22295   0.38770   0.30707   0.39638   0.36387   0.09949   0.66944   0.18905   0.38676   0.42689   0.86229   1.81747   1.26589   0.45246   0.63818   0.59266   0.82455   0.14069   0.38621   0.14400   0.10846   0.46612   0.51678   0.47582   0.62751   0.44122   0.33608   0.12537   0.00318   0.00452   0.13169   0.54893   0.22907   1.36002   0.12670   1.21669   0.12521   0.32515   0.13869   0.15980   0.44085   0.05416   0.06531   0.34854   0.31241   0.22216   0.24341   0.17976   0.12226   0.51719   0.48503   1.03380   0.11353   0.68976   0.04475   0.55099   0.07994   1.28852   0.24773   0.11531   0.36221   0.38039   0.18005   0.29933   0.07226   0.40070   0.55956   1.92996   1.80390  -1.94447   0.02320  
108 13.5647 156033.449566  x:  2.22288   0.38761   0.30695   0.39642   0.36379   0.09951   0.66947   0.18921   0.38660   0.42664   0.86210   1.81747   1.26588   0.45247   0.63764   0.59293   0.82474   0.14073   0.38637   0.14408   0.10850   0.46592   0.51676   0.47585   0.62698   0.44116   0.33602   0.12538   0.00318   0.00453   0.13169   0.54915   0.22874   1.36002   0.12667   1.21665   0.12527   0.32498   0.13875   0.15977   0.44114   0.05413   0.06533   0.34854   0.31243   0.22216   0.24341   0.17977   0.12226   0.51725   0.48507   1.03380   0.11354   0.68967   0.04476   0.55098   0.07992   1.28851   0.24777   0.11530   0.36215   0.38052   0.18006   0.29933   0.07227   0.40075   0.55951   1.93014   1.80464  -1.94366   0.02320  
109  1.7969 156033.449467  x:  2.22287   0.38757   0.30698   0.39642   0.36382   0.09952   0.66947   0.18914   0.38673   0.42672   0.86206   1.81747   1.26588   0.45251   0.63754   0.59301   0.82478   0.14076   0.38646   0.14414   0.10851   0.46588   0.51679   0.47579   0.62680   0.44113   0.33598   0.12538   0.00318   0.00453   0.13169   0.54924   0.22877   1.36002   0.12669   1.21664   0.12527   0.32493   0.13876   0.15978   0.44101   0.05415   0.06532   0.34855   0.31242   0.22216   0.24341   0.17978   0.12225   0.51732   0.48505   1.03380   0.11355   0.68962   0.04476   0.55094   0.07994   1.28851   0.24775   0.11530   0.36220   0.38047   0.18006   0.29934   0.07227   0.40077   0.55947   1.93017   1.80467  -1.94360   0.02320  
110  0.5140 156033.449403  x:  2.22285   0.38755   0.30704   0.39638   0.36383   0.09950   0.66949   0.18916   0.38666   0.42672   0.86204   1.81747   1.26588   0.45257   0.63751   0.59306   0.82481   0.14073   0.38652   0.14416   0.10850   0.46593   0.51685   0.47569   0.62671   0.44108   0.33594   0.12538   0.00318   0.00453   0.13170   0.54929   0.22893   1.36002   0.12667   1.21664   0.12526   0.32502   0.13874   0.15978   0.44106   0.05414   0.06532   0.34855   0.31242   0.22216   0.24342   0.17978   0.12225   0.51733   0.48502   1.03380   0.11355   0.68959   0.04476   0.55092   0.07993   1.28850   0.24777   0.11530   0.36217   0.38049   0.18006   0.29934   0.07227   0.40075   0.55952   1.93010   1.80449  -1.94383   0.02320  
111  0.1626 156033.446576  x:  2.22221   0.38759   0.30652   0.39668   0.36355   0.09962   0.66968   0.18913   0.38642   0.42683   0.86169   1.81750   1.26580   0.45271   0.63745   0.59326   0.82480   0.14067   0.38714   0.14406   0.10857   0.46536   0.51663   0.47582   0.62690   0.44038   0.33597   0.12539   0.00320   0.00451   0.13172   0.54927   0.22960   1.35955   0.12657   1.21658   0.12527   0.32460   0.13876   0.15981   0.44101   0.05417   0.06533   0.34854   0.31246   0.22217   0.24343   0.17979   0.12228   0.51668   0.48551   1.03366   0.11360   0.68958   0.04458   0.55137   0.07995   1.28825   0.24764   0.11534   0.36234   0.38025   0.18005   0.29937   0.07227   0.40077   0.55941   1.92958   1.79206  -1.95745   0.02321  
112  0.3957 156033.437570  x:  2.22012   0.38797   0.30677   0.39626   0.36381   0.09961   0.66967   0.18888   0.38691   0.42668   0.86064   1.81759   1.26546   0.45194   0.63717   0.59328   0.82441   0.14058   0.38717   0.14405   0.10860   0.46564   0.51655   0.47547   0.62716   0.44000   0.33612   0.12543   0.00326   0.00445   0.13179   0.54903   0.22854   1.35788   0.12671   1.21641   0.12527   0.32470   0.13871   0.15988   0.44093   0.05424   0.06535   0.34855   0.31253   0.22223   0.24349   0.17983   0.12225   0.51736   0.48503   1.03307   0.11371   0.68968   0.04402   0.55090   0.08000   1.28738   0.24796   0.11537   0.36179   0.38091   0.18009   0.29935   0.07229   0.40084   0.55958   1.92919   1.75175  -2.00127   0.02322  
113 18.5232 156033.436213  x:  2.21980   0.38805   0.30687   0.39619   0.36380   0.09955   0.66957   0.18907   0.38664   0.42649   0.86048   1.81761   1.26541   0.45186   0.63712   0.59316   0.82428   0.14075   0.38679   0.14415   0.10862   0.46571   0.51655   0.47537   0.62695   0.44059   0.33606   0.12545   0.00327   0.00444   0.13181   0.54907   0.22848   1.35763   0.12674   1.21639   0.12528   0.32477   0.13872   0.15988   0.44099   0.05425   0.06536   0.34856   0.31255   0.22223   0.24351   0.17984   0.12227   0.51746   0.48497   1.03296   0.11372   0.68964   0.04394   0.55080   0.08010   1.28723   0.24774   0.11539   0.36231   0.38030   0.18010   0.29941   0.07229   0.40080   0.55956   1.92913   1.74562  -2.00772   0.02322  
114 12.6667 156033.435973  x:  2.21975   0.38808   0.30681   0.39626   0.36376   0.09958   0.66946   0.18904   0.38665   0.42660   0.86045   1.81761   1.26540   0.45189   0.63710   0.59308   0.82423   0.14071   0.38650   0.14421   0.10863   0.46565   0.51652   0.47536   0.62676   0.44103   0.33600   0.12545   0.00328   0.00444   0.13181   0.54914   0.22862   1.35759   0.12672   1.21638   0.12528   0.32472   0.13873   0.15988   0.44098   0.05425   0.06536   0.34856   0.31256   0.22224   0.24351   0.17985   0.12227   0.51737   0.48506   1.03293   0.11373   0.68960   0.04392   0.55086   0.08009   1.28720   0.24778   0.11539   0.36221   0.38043   0.18010   0.29941   0.07229   0.40081   0.55957   1.92908   1.74453  -2.00883   0.02322  
115  1.9031 156033.435965  x:  2.21975   0.38808   0.30678   0.39622   0.36379   0.09959   0.66944   0.18904   0.38669   0.42655   0.86046   1.81761   1.26540   0.45189   0.63710   0.59308   0.82423   0.14070   0.38650   0.14420   0.10863   0.46565   0.51654   0.47539   0.62675   0.44104   0.33599   0.12545   0.00328   0.00444   0.13181   0.54915   0.22864   1.35759   0.12672   1.21638   0.12528   0.32472   0.13873   0.15988   0.44098   0.05425   0.06536   0.34856   0.31256   0.22224   0.24351   0.17985   0.12227   0.51738   0.48504   1.03293   0.11373   0.68961   0.04392   0.55090   0.08008   1.28720   0.24778   0.11539   0.36221   0.38043   0.18010   0.29941   0.07229   0.40081   0.55957   1.92906   1.74453  -2.00885   0.02322  
116  0.0350 156033.435487  x:  2.21978   0.38818   0.30667   0.39611   0.36387   0.09961   0.66856   0.18914   0.38659   0.42663   0.86051   1.81758   1.26538   0.45187   0.63714   0.59315   0.82424   0.14070   0.38651   0.14419   0.10863   0.46565   0.51643   0.47525   0.62680   0.44085   0.33591   0.12542   0.00329   0.00443   0.13178   0.54927   0.22861   1.35760   0.12671   1.21641   0.12527   0.32471   0.13871   0.15987   0.44096   0.05423   0.06534   0.34855   0.31254   0.22222   0.24349   0.17983   0.12226   0.51733   0.48506   1.03287   0.11373   0.68961   0.04387   0.55090   0.08008   1.28713   0.24777   0.11538   0.36220   0.38041   0.18009   0.29939   0.07228   0.40079   0.55955   1.92907   1.74426  -2.00916   0.02322  
117  0.0192 156033.433788  x:  2.21986   0.38799   0.30694   0.39636   0.36353   0.09943   0.66889   0.18902   0.38668   0.42632   0.86051   1.81747   1.26528   0.45187   0.63712   0.59300   0.82415   0.14054   0.38643   0.14405   0.10853   0.46551   0.51654   0.47557   0.62659   0.44090   0.33581   0.12531   0.00332   0.00442   0.13166   0.54908   0.22865   1.35766   0.12665   1.21649   0.12522   0.32465   0.13859   0.15983   0.44086   0.05416   0.06526   0.34846   0.31245   0.22216   0.24342   0.17972   0.12218   0.51725   0.48483   1.03269   0.11371   0.68954   0.04369   0.55081   0.08008   1.28690   0.24772   0.11537   0.36206   0.38030   0.18002   0.29931   0.07222   0.40068   0.55944   1.92894   1.74372  -2.01066   0.02323  
118  0.3843 156033.433520  x:  2.21987   0.38790   0.30669   0.39611   0.36377   0.09949   0.66921   0.18899   0.38661   0.42639   0.86048   1.81745   1.26527   0.45186   0.63710   0.59293   0.82411   0.14054   0.38638   0.14407   0.10855   0.46552   0.51643   0.47539   0.62656   0.44094   0.33585   0.12529   0.00332   0.00442   0.13163   0.54899   0.22866   1.35766   0.12665   1.21650   0.12521   0.32467   0.13858   0.15984   0.44085   0.05415   0.06524   0.34845   0.31243   0.22215   0.24341   0.17970   0.12217   0.51719   0.48486   1.03267   0.11371   0.68952   0.04366   0.55089   0.08007   1.28687   0.24773   0.11536   0.36205   0.38028   0.18002   0.29930   0.07221   0.40066   0.55941   1.92911   1.74363  -2.01089   0.02323  
119  0.7530 156033.433519  x:  2.21987   0.38790   0.30671   0.39611   0.36376   0.09948   0.66921   0.18899   0.38662   0.42638   0.86048   1.81745   1.26527   0.45186   0.63710   0.59293   0.82411   0.14054   0.38638   0.14407   0.10855   0.46553   0.51641   0.47537   0.62656   0.44094   0.33585   0.12529   0.00332   0.00442   0.13163   0.54899   0.22865   1.35766   0.12665   1.21650   0.12521   0.32468   0.13858   0.15983   0.44085   0.05415   0.06524   0.34845   0.31243   0.22215   0.24341   0.17970   0.12217   0.51719   0.48486   1.03267   0.11371   0.68952   0.04366   0.55092   0.08007   1.28687   0.24773   0.11536   0.36205   0.38028   0.18002   0.29930   0.07221   0.40066   0.55941   1.92912   1.74362  -2.01090   0.02323  
120  0.0250 156033.433058  x:  2.22034   0.38789   0.30683   0.39625   0.36373   0.09947   0.66936   0.18903   0.38651   0.42659   0.86063   1.81728   1.26536   0.45190   0.63722   0.59296   0.82416   0.14057   0.38640   0.14408   0.10857   0.46563   0.51645   0.47541   0.62670   0.44092   0.33594   0.12535   0.00334   0.00442   0.13169   0.54898   0.22865   1.35795   0.12667   1.21656   0.12522   0.32474   0.13862   0.15985   0.44095   0.05417   0.06527   0.34850   0.31247   0.22218   0.24343   0.17974   0.12219   0.51719   0.48495   1.03286   0.11373   0.68967   0.04352   0.55091   0.08008   1.28706   0.24777   0.11536   0.36208   0.38035   0.18004   0.29933   0.07223   0.40071   0.55949   1.92923   1.73787  -2.01484   0.02323  
121  0.0113 156033.433023  x:  2.22035   0.38791   0.30681   0.39624   0.36377   0.09949   0.66938   0.18903   0.38660   0.42655   0.86065   1.81739   1.26536   0.45192   0.63722   0.59300   0.82419   0.14058   0.38644   0.14409   0.10857   0.46564   0.51650   0.47544   0.62671   0.44095   0.33594   0.12535   0.00334   0.00443   0.13170   0.54904   0.22867   1.35797   0.12668   1.21657   0.12523   0.32475   0.13863   0.15985   0.44095   0.05417   0.06528   0.34851   0.31249   0.22219   0.24345   0.17976   0.12220   0.51725   0.48497   1.03291   0.11374   0.68968   0.04355   0.55097   0.08008   1.28712   0.24778   0.11537   0.36211   0.38037   0.18005   0.29935   0.07224   0.40074   0.55951   1.92920   1.73878  -2.01338   0.02323  
122  0.0016 156033.433015  x:  2.22040   0.38792   0.30682   0.39624   0.36377   0.09949   0.66939   0.18903   0.38659   0.42656   0.86065   1.81747   1.26539   0.45192   0.63722   0.59300   0.82420   0.14058   0.38644   0.14409   0.10857   0.46564   0.51649   0.47543   0.62671   0.44096   0.33594   0.12535   0.00335   0.00442   0.13169   0.54904   0.22867   1.35796   0.12668   1.21659   0.12523   0.32475   0.13862   0.15986   0.44095   0.05417   0.06527   0.34851   0.31249   0.22219   0.24345   0.17975   0.12220   0.51724   0.48497   1.03290   0.11373   0.68967   0.04358   0.55095   0.08008   1.28712   0.24778   0.11537   0.36210   0.38037   0.18005   0.29935   0.07223   0.40074   0.55951   1.92919   1.73975  -2.01237   0.02323  
123  0.0009 156033.433015  x:  2.22038   0.38792   0.30682   0.39624   0.36377   0.09948   0.66939   0.18903   0.38659   0.42656   0.86064   1.81743   1.26539   0.45192   0.63722   0.59300   0.82419   0.14058   0.38643   0.14409   0.10857   0.46564   0.51649   0.47543   0.62671   0.44096   0.33594   0.12535   0.00335   0.00442   0.13169   0.54903   0.22867   1.35796   0.12668   1.21658   0.12523   0.32475   0.13862   0.15986   0.44095   0.05417   0.06527   0.34851   0.31249   0.22219   0.24345   0.17975   0.12220   0.51724   0.48497   1.03290   0.11373   0.68967   0.04358   0.55095   0.08008   1.28712   0.24778   0.11537   0.36210   0.38037   0.18005   0.29935   0.07223   0.40073   0.55951   1.92920   1.73988  -2.01227   0.02323  
124  0.0002 156033.433015  x:  2.22038   0.38792   0.30682   0.39624   0.36377   0.09948   0.66939   0.18903   0.38659   0.42656   0.86064   1.81743   1.26539   0.45192   0.63722   0.59300   0.82419   0.14058   0.38643   0.14409   0.10857   0.46564   0.51649   0.47543   0.62671   0.44096   0.33594   0.12535   0.00335   0.00442   0.13169   0.54903   0.22867   1.35796   0.12668   1.21658   0.12523   0.32475   0.13862   0.15986   0.44095   0.05417   0.06527   0.34851   0.31249   0.22219   0.24345   0.17975   0.12220   0.51724   0.48497   1.03290   0.11373   0.68967   0.04358   0.55095   0.08008   1.28712   0.24778   0.11537   0.36210   0.38037   0.18005   0.29935   0.07223   0.40073   0.55951   1.92920   1.73988  -2.01226   0.02323  