

TREE # 1

  0  0.0000 177699.035981  x:  1.93008   0.38762   0.31616   0.40622   0.36157   0.10063   0.76570   0.18691   0.50595   0.41567   0.82710   1.65034   1.15308   0.44253   0.60335   0.59829   0.79141   0.14567   0.39396   0.13702   0.12211   0.45131   0.53418   0.46895   0.61484   0.44119   0.34474   0.13164   0.00343   0.00448   0.13101   0.52479   0.22332   1.26404   0.13132   1.18031   0.13010   0.34248   0.14101   0.16779   0.44159   0.05445   0.06636   0.35148   0.30752   0.22266   0.24627   0.18051   0.11955   0.50518   0.53216   1.01344   0.12459   0.66048   0.09885   0.53839   0.08353   1.24556   0.25896   0.11185   0.36294   0.37832   0.17904   0.29025   0.07521   0.39852   0.54566   2.00000   1.28501   0.02816   0.27155  
  1 99.0000 158276.588366  x:  1.92820   0.38526   0.31421   0.40466   0.36029   0.09857   0.76361   0.18505   0.50395   0.41419   0.82513   1.64852   1.15097   0.44035   0.60128   0.59640   0.78949   0.14331   0.39187   0.13548   0.12035   0.44969   0.53251   0.46734   0.61329   0.43911   0.34319   0.13164   0.00580   0.00550   0.13089   0.52337   0.22080   1.26225   0.12885   1.17859   0.12786   0.34074   0.13958   0.16704   0.44098   0.05459   0.06685   0.35129   0.30746   0.22253   0.24641   0.18094   0.11917   0.50451   0.53099   1.01204   0.12284   0.65937   0.09761   0.53744   0.08241   1.24406   0.25706   0.11184   0.36208   0.37761   0.17857   0.29046   0.07560   0.39863   0.54559   2.00577   1.27889   0.03443   0.03425  
  2 78974.3274 158073.328934  x:  1.92919   0.38644   0.31672   0.40852   0.36519   0.10106   0.76487   0.18801   0.50515   0.41820   0.82701   1.64980   1.15186   0.44147   0.60278   0.59882   0.79167   0.14452   0.39331   0.13923   0.12330   0.45336   0.53604   0.47064   0.61688   0.44070   0.34649   0.14102   0.00569   0.00729   0.14013   0.52759   0.22194   1.26411   0.13017   1.18067   0.12986   0.34275   0.14297   0.17223   0.44739   0.06361   0.07683   0.35961   0.31625   0.23128   0.25597   0.19174   0.12673   0.51091   0.53495   1.01540   0.12526   0.66367   0.10210   0.54240   0.08733   1.24676   0.25320   0.11997   0.36810   0.38400   0.18581   0.29987   0.08606   0.40759   0.55378   2.00566   1.32482  -0.01029   0.02637  
  3 4794.7853 157939.266623  x:  1.91968   0.37381   0.30788   0.40350   0.36313   0.09119   0.75372   0.17997   0.49397   0.41390   0.81766   1.64104   1.14076   0.42988   0.59238   0.59056   0.78299   0.13190   0.38241   0.13423   0.11576   0.44799   0.53016   0.46474   0.61190   0.43018   0.34108   0.14799   0.01350   0.00000   0.14631   0.52421   0.20837   1.25608   0.11686   1.17318   0.11861   0.33430   0.13766   0.17229   0.45071   0.07071   0.08696   0.36732   0.32510   0.23886   0.26617   0.20428   0.13212   0.51437   0.53236   1.01137   0.11697   0.66237   0.09894   0.54249   0.08565   1.24130   0.23523   0.12793   0.36962   0.38683   0.18993   0.31105   0.09743   0.41824   0.56285   2.03962   1.34726  -0.03022   0.02690  
  4 2355.4706 157681.357073  x:  1.88081   0.32225   0.27179   0.38293   0.35459   0.05101   0.70814   0.14720   0.44829   0.39625   0.77949   1.60525   1.09539   0.38255   0.54991   0.55677   0.74746   0.08045   0.33791   0.11380   0.08501   0.42600   0.50607   0.44059   0.59149   0.38720   0.31889   0.17582   0.04451   0.01197   0.17091   0.51030   0.15298   1.22323   0.06262   1.14256   0.07280   0.29976   0.11590   0.17221   0.46398   0.09895   0.12741   0.39830   0.36067   0.26922   0.30715   0.25460   0.15375   0.52822   0.52162   0.99481   0.08322   0.65696   0.08595   0.54268   0.07873   1.21895   0.16201   0.15994   0.37556   0.39810   0.20636   0.35606   0.14299   0.46117   0.59946   2.17803   1.43719  -0.10991   0.02945  
  5 124357.3916 157584.806926  x:  1.86863   0.30811   0.26508   0.37815   0.35343   0.04970   0.69507   0.14313   0.43558   0.39301   0.76902   1.59426   1.08141   0.37077   0.53845   0.54761   0.73732   0.07174   0.32682   0.11191   0.08146   0.42135   0.50028   0.43552   0.58683   0.37619   0.31338   0.17255   0.00000   0.01256   0.16715   0.50733   0.14108   1.21404   0.05670   1.13401   0.06859   0.29175   0.11170   0.16905   0.46557   0.09616   0.12524   0.40223   0.36489   0.26990   0.30970   0.25686   0.15705   0.53125   0.51800   0.99016   0.08128   0.65636   0.08655   0.54341   0.08077   1.21247   0.14219   0.16374   0.37560   0.39971   0.20698   0.36202   0.14424   0.46865   0.60667   2.21229   1.46261  -0.13264   0.02949  
  6 2961.4702 157420.198562  x:  1.81522   0.25531   0.25495   0.36442   0.35470   0.08937   0.64307   0.15118   0.38727   0.38856   0.72974   1.54716   1.02123   0.33326   0.49661   0.51392   0.69734   0.06869   0.29098   0.12236   0.09139   0.41064   0.48242   0.42389   0.57377   0.33911   0.29584   0.11905   0.00626   0.01198   0.11312   0.50040   0.11427   1.17839   0.07961   1.10090   0.09320   0.26881   0.10544   0.14449   0.46327   0.04323   0.06263   0.39744   0.35720   0.24080   0.28242   0.21690   0.15859   0.53956   0.50132   0.97233   0.10710   0.65819   0.10696   0.54924   0.10730   1.18651   0.07317   0.15725   0.36893   0.39945   0.19343   0.35730   0.10169   0.47831   0.62146   2.32520   1.57225  -0.23269   0.02892  
  7 1992.8510 157352.045542  x:  1.76767   0.22318   0.25006   0.35297   0.35163   0.10111   0.60238   0.15993   0.35727   0.38649   0.70273   1.50580   0.96956   0.31771   0.46990   0.49150   0.66745   0.10013   0.27658   0.12976   0.09833   0.40329   0.46841   0.41601   0.56282   0.32228   0.28777   0.15233   0.00490   0.01174   0.15177   0.49545   0.12104   1.14754   0.09766   1.07117   0.10592   0.25581   0.11267   0.13642   0.45712   0.05646   0.04922   0.38007   0.33860   0.22388   0.25024   0.18005   0.14791   0.53414   0.48087   0.95603   0.10606   0.65346   0.10147   0.54424   0.12545   1.16455   0.10988   0.14051   0.35419   0.38731   0.17876   0.33304   0.05395   0.46271   0.61173   2.38457   1.63297  -0.29072   0.02897  
  8 1227.0575 157316.632883  x:  1.71973   0.21385   0.25248   0.34652   0.34798   0.09800   0.57201   0.16958   0.34717   0.38913   0.68832   1.46531   0.92046   0.31716   0.45535   0.48100   0.64723   0.12780   0.28058   0.13385   0.10139   0.40056   0.45968   0.41224   0.55436   0.32349   0.28679   0.12276   0.00386   0.01195   0.12371   0.49300   0.14605   1.11854   0.10473   1.04274   0.10738   0.25420   0.12401   0.14081   0.44448   0.07745   0.08752   0.35994   0.31903   0.22682   0.24248   0.18413   0.13462   0.52016   0.46119   0.94033   0.09558   0.64421   0.08241   0.52954   0.11606   1.14267   0.13286   0.12384   0.34070   0.37095   0.17146   0.30893   0.05520   0.43713   0.58914   2.39784   1.67427  -0.33023   0.02894  
  9 780.7856 157287.208188  x:  1.65480   0.22217   0.25934   0.34265   0.34274   0.08773   0.54449   0.17639   0.34911   0.39257   0.68071   1.41208   0.85796   0.32104   0.44540   0.47811   0.63044   0.13667   0.29346   0.13222   0.09870   0.39940   0.45296   0.40878   0.54421   0.33409   0.28992   0.13004   0.00298   0.01183   0.12892   0.49035   0.17198   1.08160   0.10044   1.00725   0.10208   0.25964   0.12658   0.13945   0.42013   0.04727   0.07370   0.33259   0.29181   0.21795   0.24758   0.19763   0.12357   0.49884   0.44280   0.91889   0.09373   0.63085   0.07723   0.50803   0.09043   1.11316   0.13026   0.12081   0.33297   0.35551   0.17574   0.29210   0.09480   0.40542   0.55557   2.37636   1.71357  -0.36561   0.02886  
 10 695.5704 157260.930962  x:  1.56046   0.24644   0.26478   0.34041   0.33413   0.07962   0.52613   0.17153   0.35650   0.38788   0.67848   1.33785   0.77544   0.32182   0.43965   0.48341   0.61830   0.10861   0.30461   0.12210   0.09066   0.39715   0.44802   0.40339   0.53075   0.34428   0.28959   0.12873   0.00320   0.01158   0.12643   0.48189   0.17839   1.03235   0.08529   0.96247   0.09572   0.26619   0.11828   0.15130   0.40691   0.07196   0.06355   0.33254   0.29882   0.21735   0.24032   0.17881   0.13764   0.47846   0.43516   0.88926   0.10681   0.61381   0.10950   0.48915   0.08835   1.07312   0.11725   0.13727   0.33381   0.35043   0.18287   0.28287   0.08711   0.37427   0.51538   2.30630   1.74591  -0.39098   0.02894  
 11 561.7204 157241.164485  x:  1.46441   0.26144   0.26198   0.34033   0.32869   0.08541   0.52618   0.16403   0.35698   0.37699   0.67520   1.26717   0.70420   0.32124   0.44040   0.49008   0.61295   0.08830   0.30491   0.12143   0.09556   0.39476   0.44709   0.40118   0.52374   0.34401   0.28488   0.12732   0.00313   0.01150   0.12774   0.47190   0.16865   0.99069   0.09203   0.92668   0.10266   0.26249   0.10594   0.13713   0.40194   0.05017   0.07302   0.34963   0.31472   0.22158   0.24240   0.18186   0.13775   0.47034   0.43843   0.86381   0.09281   0.59615   0.09182   0.48258   0.11040   1.03956   0.12766   0.12933   0.33138   0.35066   0.17752   0.29455   0.07205   0.38718   0.51082   2.22015   1.76593  -0.40472   0.02901  
 12 539.4406 157232.621591  x:  1.40737   0.25855   0.25419   0.34032   0.32845   0.08588   0.53323   0.16210   0.35365   0.37219   0.66999   1.22979   0.67443   0.32080   0.44299   0.49118   0.61180   0.09808   0.29900   0.12310   0.09492   0.39166   0.44633   0.39952   0.52370   0.33773   0.28219   0.12767   0.00301   0.01152   0.12691   0.46816   0.15898   0.97242   0.09901   0.91286   0.10845   0.26018   0.11564   0.13887   0.41138   0.06703   0.06034   0.34575   0.30753   0.21800   0.24073   0.18405   0.13645   0.47507   0.44305   0.85593   0.09378   0.59122   0.08152   0.48433   0.10649   1.02474   0.12096   0.12047   0.33004   0.35304   0.17139   0.30305   0.07979   0.40665   0.52653   2.17072   1.77127  -0.40546   0.02910  
 13 423.6109 157228.647514  x:  1.36787   0.24751   0.24788   0.34011   0.33103   0.08260   0.54039   0.16354   0.35130   0.37390   0.66459   1.20929   0.66821   0.31997   0.44366   0.48836   0.61211   0.10972   0.29142   0.12315   0.09123   0.38921   0.44583   0.39802   0.52658   0.33006   0.28229   0.12883   0.00306   0.01152   0.12766   0.46969   0.15433   0.96616   0.09635   0.91048   0.10597   0.25776   0.12062   0.14046   0.41604   0.05791   0.07238   0.34021   0.30169   0.21753   0.24151   0.18562   0.13207   0.48261   0.44516   0.85652   0.10022   0.59553   0.09508   0.49172   0.09940   1.02121   0.12143   0.12787   0.33229   0.35720   0.17393   0.29862   0.07570   0.41008   0.53953   2.14510   1.77273  -0.40311   0.02917  
 14 228.3500 157226.025966  x:  1.32719   0.23577   0.24964   0.33996   0.33492   0.08527   0.54592   0.16527   0.35202   0.38003   0.66212   1.19520   0.67914   0.31910   0.44146   0.48328   0.61416   0.10653   0.28582   0.12262   0.09315   0.38985   0.44737   0.39868   0.53180   0.32404   0.28404   0.12654   0.00330   0.01142   0.12661   0.47562   0.15772   0.96782   0.09059   0.91655   0.09954   0.25411   0.11482   0.14251   0.41816   0.05870   0.06557   0.33972   0.30425   0.21825   0.24354   0.18368   0.13127   0.49013   0.44402   0.86292   0.09042   0.60273   0.08913   0.49890   0.09460   1.02595   0.12431   0.13172   0.33293   0.35677   0.17913   0.29229   0.07438   0.39998   0.54460   2.13202   1.77672  -0.40182   0.02915  
 15 125.1570 157223.550199  x:  1.27925   0.22791   0.25263   0.33783   0.33543   0.08592   0.54677   0.16229   0.35115   0.38238   0.66290   1.18211   0.69846   0.31771   0.43842   0.47788   0.61622   0.09933   0.28427   0.12063   0.09261   0.39040   0.44750   0.39902   0.53587   0.32152   0.28331   0.12930   0.00321   0.01147   0.12864   0.48019   0.16271   0.97367   0.09450   0.92733   0.10455   0.25593   0.11311   0.14105   0.41597   0.06009   0.06926   0.34337   0.30971   0.22010   0.24215   0.18344   0.13157   0.49240   0.44068   0.87135   0.09875   0.61038   0.08814   0.50304   0.09688   1.03354   0.12124   0.12344   0.32946   0.35205   0.17795   0.29272   0.08203   0.39185   0.54362   2.12731   1.77961  -0.39687   0.02921  
 16 159.0461 157220.764092  x:  1.22192   0.23282   0.25377   0.33656   0.33234   0.08074   0.54230   0.15841   0.35007   0.37808   0.67089   1.17076   0.72621   0.31677   0.43821   0.47692   0.61887   0.10494   0.29212   0.12027   0.08988   0.39106   0.44647   0.39991   0.53738   0.32778   0.27943   0.12771   0.00316   0.01148   0.12592   0.48056   0.16184   0.98317   0.09422   0.94050   0.10344   0.25966   0.11910   0.13966   0.41242   0.06008   0.06486   0.34380   0.30612   0.21791   0.24279   0.18915   0.13535   0.48732   0.43927   0.88029   0.09655   0.61281   0.08965   0.49947   0.10494   1.04430   0.12503   0.12912   0.33277   0.35493   0.17591   0.30095   0.07795   0.39685   0.53712   2.13271   1.78589  -0.39104   0.02921  
 17 134.1701 157219.224300  x:  1.19437   0.23991   0.25469   0.33869   0.33204   0.08478   0.54066   0.16311   0.35198   0.37664   0.67686   1.16736   0.74017   0.31697   0.43984   0.47945   0.62042   0.10763   0.29610   0.12171   0.09252   0.39214   0.44685   0.40112   0.53644   0.33192   0.27895   0.12901   0.00314   0.01147   0.12846   0.47926   0.15874   0.98849   0.09320   0.94593   0.10096   0.25905   0.11694   0.14004   0.41293   0.05950   0.06990   0.34322   0.30438   0.21793   0.24096   0.18379   0.13475   0.48384   0.44073   0.88240   0.09352   0.61026   0.08841   0.49432   0.09853   1.04873   0.11822   0.12889   0.33403   0.35664   0.17261   0.30116   0.07469   0.40329   0.53480   2.13786   1.79059  -0.38729   0.02921  
 18 149.8135 157217.389520  x:  1.17349   0.24789   0.25126   0.34303   0.33343   0.08693   0.54003   0.17019   0.35558   0.37731   0.68217   1.16893   0.75019   0.31840   0.44362   0.48571   0.62124   0.10386   0.29441   0.12196   0.09467   0.39270   0.44755   0.40120   0.53136   0.33293   0.28227   0.12672   0.00310   0.01151   0.12770   0.47561   0.15393   0.99335   0.09369   0.94723   0.10070   0.25520   0.10968   0.14227   0.41814   0.06041   0.06811   0.34042   0.30423   0.21962   0.24394   0.18223   0.13070   0.48208   0.44558   0.87863   0.09842   0.60342   0.09363   0.49089   0.09751   1.05046   0.12873   0.12605   0.33188   0.35663   0.17668   0.29537   0.08005   0.41054   0.53686   2.14656   1.79701  -0.38128   0.02923  
 19 76.9630 157213.242410  x:  1.15322   0.25527   0.24333   0.34733   0.33606   0.08056   0.54216   0.16832   0.35915   0.38094   0.68770   1.18217   0.76014   0.32654   0.45398   0.49935   0.62206   0.09925   0.28801   0.12402   0.09161   0.39373   0.45001   0.40142   0.52313   0.33172   0.29354   0.13004   0.00301   0.01149   0.12620   0.47035   0.15460   1.00165   0.09811   0.94360   0.10582   0.25710   0.12070   0.14788   0.42432   0.05697   0.06486   0.34128   0.30992   0.22096   0.24585   0.19113   0.13231   0.48626   0.45604   0.86749   0.10173   0.58978   0.08774   0.49056   0.09402   1.04813   0.12635   0.12260   0.32931   0.35609   0.18051   0.28169   0.07004   0.40377   0.54157   2.15608   1.81508  -0.36542   0.02921  
 20 75.3320 157201.653562  x:  1.12540   0.25938   0.24139   0.34688   0.33749   0.08387   0.55181   0.15632   0.35795   0.38655   0.69388   1.22425   0.77279   0.34539   0.47562   0.52351   0.62076   0.10408   0.28037   0.13269   0.09005   0.39627   0.45615   0.40408   0.51377   0.32950   0.31166   0.12826   0.00281   0.01153   0.12634   0.46125   0.16235   1.01862   0.09536   0.92864   0.10585   0.26356   0.13726   0.13979   0.42543   0.05523   0.07068   0.34637   0.31502   0.21494   0.22657   0.17550   0.12745   0.49531   0.46629   0.83940   0.09140   0.57146   0.08734   0.50185   0.10589   1.03875   0.12587   0.13199   0.33271   0.35790   0.19146   0.29048   0.08831   0.38524   0.55473   2.16585   1.86533  -0.31561   0.02921  
 21 172.1187 157170.109135  x:  1.08978   0.25083   0.26622   0.33709   0.33644   0.11591   0.57867   0.15369   0.34861   0.39277   0.69984   1.33607   0.78771   0.37118   0.50845   0.55370   0.61358   0.11408   0.28594   0.14460   0.10216   0.40196   0.46727   0.41230   0.51551   0.33142   0.32318   0.12419   0.00233   0.01171   0.13773   0.45103   0.17054   1.05507   0.08115   0.89480   0.09997   0.27445   0.12555   0.12153   0.41443   0.07385   0.06780   0.34848   0.30019   0.21951   0.26044   0.20152   0.11895   0.50732   0.46020   0.78729   0.09251   0.56905   0.11036   0.52902   0.11236   1.01668   0.12324   0.12361   0.33972   0.35634   0.16813   0.31700   0.07652   0.35890   0.56838   2.16153   2.00573  -0.17515   0.02924  
 22 361.5270 157062.583936  x:  1.05052   0.20856   0.30793   0.32934   0.34445   0.08230   0.63588   0.17232   0.34658   0.40307   0.71063   1.67870   0.80406   0.39275   0.55158   0.57812   0.59780   0.08891   0.33803   0.11907   0.08831   0.41009   0.47775   0.42223   0.55841   0.35623   0.30287   0.13268   0.00172   0.01155   0.11550   0.46585   0.16801   1.15450   0.08639   0.83270   0.10831   0.30200   0.09719   0.20308   0.38651   0.04505   0.06771   0.35379   0.28962   0.22480   0.26508   0.16543   0.18315   0.52477   0.41922   0.72579   0.12141   0.63154   0.07548   0.56534   0.06065   0.97680   0.19367   0.12102   0.36451   0.36217   0.13527   0.35347   0.06796   0.40854   0.57454   2.08604   2.51107   0.28279   0.02875  
 23 760.7881 156869.362437  x:  1.07186   0.21904   0.31549   0.37468   0.37187   0.06602   0.66422   0.20300   0.38844   0.40331   0.74697   2.17457   0.78638   0.36382   0.54892   0.54543   0.60614   0.05252   0.39016   0.09377   0.11027   0.42551   0.47557   0.43604   0.63523   0.38430   0.25838   0.11081   0.00056   0.01141   0.15154   0.53674   0.13669   1.26861   0.11199   0.83538   0.13724   0.30007   0.15311   0.15570   0.42686   0.06762   0.06164   0.35148   0.33302   0.23165   0.20968   0.22010   0.10145   0.49349   0.39104   0.80605   0.08352   0.74014   0.08830   0.55351   0.06623   0.97078   0.20223   0.13915   0.36026   0.37671   0.21675   0.26733   0.07193   0.48948   0.53424   1.90604   3.39854   1.11056   0.02811  
 24 1481.8621 156761.909516  x:  1.10486   0.25110   0.29803   0.38561   0.36917   0.08143   0.65391   0.19266   0.40428   0.39993   0.76487   2.29989   0.76833   0.35320   0.53593   0.52717   0.63103   0.09366   0.38602   0.09922   0.10381   0.42982   0.47335   0.43784   0.64898   0.38605   0.26587   0.13016   0.00000   0.01137   0.13323   0.56359   0.14758   1.28113   0.09827   0.87407   0.12999   0.28740   0.14774   0.15072   0.45044   0.06160   0.06388   0.35608   0.34419   0.23228   0.24523   0.20166   0.12392   0.49917   0.43912   0.87081   0.08244   0.75417   0.09053   0.53486   0.08499   0.99620   0.21026   0.12133   0.34704   0.37628   0.22136   0.26176   0.08288   0.47966   0.52973   1.84753   3.71240   1.40895   0.02789  
 25 1865.5647 156761.909516  x:  1.10486   0.25110   0.29803   0.38561   0.36917   0.08143   0.65391   0.19266   0.40428   0.39993   0.76487   2.29989   0.76833   0.35320   0.53593   0.52717   0.63103   0.09366   0.38602   0.09922   0.10381   0.42982   0.47335   0.43784   0.64898   0.38605   0.26587   0.13016   0.00000   0.01137   0.13323   0.56359   0.14758   1.28113   0.09827   0.87407   0.12999   0.28740   0.14774   0.15072   0.45044   0.06160   0.06388   0.35608   0.34419   0.23228   0.24523   0.20166   0.12392   0.49917   0.43912   0.87081   0.08244   0.75417   0.09053   0.53486   0.08499   0.99620   0.21026   0.12133   0.34704   0.37628   0.22136   0.26176   0.08288   0.47966   0.52973   1.84753   3.71240   1.40895   0.02789  
 26 1395.2086 156752.264144  x:  1.10490   0.25112   0.29804   0.38562   0.36919   0.08145   0.65392   0.19267   0.40429   0.39995   0.76489   2.29989   0.76835   0.35322   0.53594   0.52720   0.63106   0.09369   0.38602   0.09925   0.10382   0.42984   0.47337   0.43786   0.64899   0.38606   0.26590   0.13019   0.00034   0.01128   0.13327   0.56361   0.14761   1.28113   0.09829   0.87411   0.13000   0.28741   0.14775   0.15074   0.45045   0.06162   0.06390   0.35610   0.34420   0.23230   0.24525   0.20167   0.12395   0.49919   0.43915   0.87083   0.08247   0.75417   0.09055   0.53488   0.08500   0.99623   0.21026   0.12135   0.34707   0.37630   0.22136   0.26180   0.08290   0.47966   0.52976   1.84752   3.71254   1.40881   0.02956  
 27 11371.3884 156736.462741  x:  1.10714   0.25270   0.29872   0.38640   0.36998   0.08274   0.65439   0.19314   0.40493   0.40112   0.76605   2.29943   0.76970   0.35459   0.53688   0.52853   0.63288   0.09525   0.38623   0.10095   0.10469   0.43105   0.47470   0.43901   0.64947   0.38677   0.26771   0.13226   0.01710   0.00461   0.13540   0.56439   0.14957   1.28151   0.09938   0.87643   0.13095   0.28846   0.14830   0.15207   0.45145   0.06261   0.06541   0.35751   0.34484   0.23352   0.24706   0.20272   0.12579   0.50093   0.44116   0.87253   0.08438   0.75407   0.09149   0.53591   0.08595   0.99830   0.21073   0.12246   0.34855   0.37767   0.22150   0.26491   0.08434   0.47971   0.53188   1.84715   3.72151   1.39981   0.02869  
 28 2558.7015 156723.775976  x:  1.10839   0.25357   0.29909   0.38683   0.37041   0.08344   0.65465   0.19339   0.40528   0.40177   0.76669   2.29917   0.77044   0.35534   0.53740   0.52927   0.63388   0.09610   0.38635   0.10188   0.10517   0.43172   0.47543   0.43964   0.64973   0.38716   0.26870   0.13327   0.01734   0.00000   0.13647   0.56483   0.15064   1.28173   0.09998   0.87771   0.13146   0.28903   0.14860   0.15278   0.45199   0.06312   0.06619   0.35826   0.34518   0.23416   0.24803   0.20327   0.12678   0.50188   0.44226   0.87347   0.08542   0.75401   0.09200   0.53647   0.08646   0.99944   0.21099   0.12305   0.34936   0.37841   0.22157   0.26658   0.08509   0.47973   0.53304   1.84693   3.72640   1.39491   0.02866  
 29 4116.9796 156357.210088  x:  1.17820   0.30234   0.31977   0.41072   0.39459   0.12240   0.66923   0.20769   0.42466   0.43798   0.80255   2.28483   0.81230   0.39750   0.56640   0.57062   0.69020   0.14350   0.39286   0.15350   0.13161   0.46889   0.51629   0.47504   0.66444   0.40885   0.32418   0.18991   0.00531   0.00367   0.19559   0.58912   0.21058   1.29361   0.13336   0.94965   0.16012   0.32102   0.16520   0.19218   0.48209   0.09118   0.10918   0.40049   0.36405   0.26995   0.30176   0.23356   0.18152   0.55480   0.50356   0.92592   0.14290   0.75074   0.12006   0.56813   0.11474   1.06346   0.22509   0.15591   0.39453   0.42005   0.22503   0.35982   0.12656   0.48079   0.59757   1.83464   3.99944   1.12115   0.02599  
 30 7704.6872 156226.635919  x:  1.24355   0.33474   0.32425   0.41954   0.40054   0.12354   0.67769   0.20775   0.42760   0.45218   0.82912   2.27135   0.85092   0.42431   0.58828   0.59721   0.73175   0.16192   0.39659   0.16449   0.12941   0.48562   0.53602   0.49035   0.66867   0.42397   0.34735   0.10998   0.00611   0.00399   0.11862   0.59694   0.23944   1.30335   0.14388   1.00321   0.16115   0.33527   0.16004   0.17555   0.47948   0.04385   0.05671   0.39219   0.34514   0.24245   0.27389   0.19050   0.16480   0.56743   0.52378   0.96125   0.13878   0.74143   0.10681   0.57969   0.10317   1.11202   0.22295   0.13497   0.39937   0.42436   0.19588   0.35530   0.08349   0.45614   0.61272   1.83161   4.10549   1.01358   0.02462  
 31 1164.6338 156181.689257  x:  1.30116   0.35344   0.32008   0.41759   0.39476   0.10987   0.68069   0.20042   0.42020   0.45204   0.84661   2.25846   0.88403   0.43893   0.60227   0.61101   0.75945   0.16235   0.39647   0.15624   0.11494   0.48869   0.54098   0.49286   0.66587   0.43191   0.35277   0.13973   0.00559   0.00377   0.14595   0.59453   0.24875   1.31013   0.14080   1.04178   0.14975   0.33765   0.15073   0.15688   0.47195   0.04119   0.04359   0.37506   0.32844   0.22460   0.24530   0.16734   0.13160   0.56157   0.52202   0.98447   0.11668   0.73030   0.08802   0.58066   0.08414   1.14733   0.21788   0.10944   0.38886   0.41343   0.17140   0.32614   0.04392   0.43025   0.60738   1.84163   4.15138   0.96584   0.02414  
 32 891.8320 156148.982591  x:  1.37804   0.36991   0.31083   0.40899   0.38056   0.08840   0.68142   0.18848   0.40470   0.44382   0.86450   2.23953   0.92691   0.45075   0.61613   0.62087   0.78822   0.15191   0.39338   0.13754   0.09456   0.48503   0.53873   0.48946   0.65799   0.43757   0.34838   0.12779   0.00551   0.00382   0.13363   0.58421   0.24903   1.31752   0.12987   1.08633   0.13022   0.33425   0.13985   0.14670   0.46113   0.07445   0.08338   0.35600   0.31809   0.22377   0.23600   0.18342   0.09501   0.54575   0.50916   1.00902   0.09082   0.71491   0.07648   0.57728   0.06886   1.18816   0.21646   0.09691   0.37269   0.39568   0.16486   0.29457   0.05989   0.40839   0.59341   1.86127   4.18727   0.92696   0.02382  
 33 812.2937 156124.820112  x:  1.47055   0.37971   0.30131   0.39627   0.36187   0.07594   0.67954   0.17939   0.38551   0.42947   0.87898   2.21364   0.97655   0.45603   0.62716   0.62221   0.81205   0.13104   0.38725   0.11880   0.08617   0.47507   0.52866   0.48145   0.64650   0.43872   0.33383   0.13103   0.00533   0.00377   0.13769   0.56628   0.23723   1.32488   0.11625   1.13176   0.11325   0.32725   0.13230   0.14995   0.44221   0.05153   0.06370   0.33469   0.30639   0.21352   0.24191   0.19565   0.09362   0.52547   0.49098   1.02991   0.09560   0.69792   0.09387   0.56987   0.07826   1.22912   0.22325   0.11814   0.35916   0.37966   0.18692   0.27872   0.09417   0.39748   0.57101   1.88520   4.20601   0.90392   0.02365  
 34 596.0856 156108.216387  x:  1.57178   0.38006   0.29882   0.38796   0.35036   0.08995   0.67603   0.18269   0.37408   0.41781   0.88714   2.18089   1.02831   0.45450   0.63394   0.61346   0.82620   0.11251   0.38106   0.11840   0.10341   0.46372   0.51479   0.47352   0.63618   0.43624   0.31682   0.12743   0.00529   0.00380   0.13443   0.54719   0.21701   1.33212   0.11030   1.17202   0.10926   0.31984   0.13607   0.17261   0.43359   0.06049   0.06867   0.34088   0.31744   0.22353   0.24083   0.17694   0.13155   0.51013   0.47516   1.04389   0.11381   0.68054   0.09793   0.55555   0.08013   1.26335   0.22036   0.12378   0.34935   0.36907   0.19407   0.27380   0.07377   0.39384   0.54668   1.90362   4.20644   0.89813   0.02357  
 35 463.0210 156095.372371  x:  1.68964   0.36892   0.30123   0.39238   0.35715   0.10485   0.67071   0.19377   0.38103   0.41846   0.88766   2.13633   1.08494   0.44877   0.63739   0.59457   0.82920   0.11745   0.37828   0.13739   0.11926   0.45460   0.50056   0.46720   0.62904   0.43327   0.31154   0.12968   0.00532   0.00379   0.13563   0.53685   0.19673   1.34050   0.11845   1.20560   0.11844   0.31260   0.13673   0.15530   0.43384   0.05048   0.06359   0.35933   0.32637   0.23336   0.25261   0.18969   0.12827   0.49916   0.46461   1.04792   0.10945   0.66655   0.08371   0.53904   0.07284   1.28969   0.21079   0.10979   0.35444   0.37452   0.18512   0.30313   0.07516   0.41669   0.54220   1.91301   4.18983   0.90720   0.02356  
 36 335.8158 156085.603662  x:  1.80732   0.35305   0.30272   0.40172   0.37095   0.09966   0.66574   0.19742   0.39552   0.42675   0.88325   2.08611   1.13806   0.44329   0.63833   0.57489   0.82498   0.13515   0.37907   0.14807   0.11401   0.45302   0.49499   0.46364   0.62483   0.43218   0.32229   0.13036   0.00543   0.00380   0.13727   0.54064   0.18889   1.34879   0.12658   1.22753   0.12560   0.31161   0.14043   0.14889   0.44814   0.07125   0.06120   0.36102   0.32242   0.22724   0.24144   0.18043   0.12023   0.50559   0.47039   1.04522   0.10643   0.66604   0.10352   0.53654   0.09095   1.30618   0.21688   0.11994   0.37051   0.39182   0.18418   0.31398   0.07536   0.43269   0.55203   1.90880   4.16335   0.92438   0.02352  
 37 360.3193 156078.033577  x:  1.91214   0.34069   0.30640   0.40777   0.38035   0.09146   0.66487   0.19526   0.40599   0.43491   0.87784   2.03631   1.18201   0.44065   0.63761   0.56278   0.81837   0.14798   0.38286   0.14801   0.10574   0.46128   0.50311   0.46693   0.62569   0.43360   0.33866   0.13239   0.00556   0.00380   0.13957   0.55384   0.19650   1.35667   0.12822   1.23645   0.12502   0.31893   0.14502   0.16282   0.45809   0.05447   0.07648   0.35720   0.32123   0.22696   0.25330   0.19592   0.12799   0.52516   0.48857   1.03926   0.11042   0.67596   0.10679   0.54323   0.09005   1.31195   0.21859   0.12211   0.37771   0.40033   0.18198   0.30079   0.06611   0.43088   0.56652   1.89832   4.13403   0.94361   0.02351  
 38 350.5528 156073.734402  x:  1.98037   0.33892   0.31300   0.40765   0.38046   0.09760   0.66968   0.19424   0.40670   0.43781   0.87535   1.99947   1.20718   0.44126   0.63652   0.56413   0.81429   0.14707   0.38767   0.14452   0.11038   0.47310   0.51817   0.47622   0.63233   0.43625   0.34612   0.13557   0.00562   0.00380   0.14192   0.56551   0.21067   1.36273   0.12528   1.23341   0.12168   0.32688   0.14555   0.17137   0.46251   0.05831   0.07055   0.35762   0.32611   0.23018   0.25254   0.18713   0.13013   0.53913   0.50055   1.03418   0.11438   0.68979   0.09442   0.55438   0.07903   1.30856   0.21742   0.11845   0.37458   0.39716   0.18851   0.30015   0.08604   0.42595   0.57910   1.89063   4.11239   0.95663   0.02349  
 39 263.7730 156071.450360  x:  2.02035   0.34514   0.31751   0.40594   0.37709   0.10456   0.67742   0.19515   0.40301   0.43781   0.87559   1.97361   1.21807   0.44339   0.63624   0.57523   0.81331   0.13965   0.39212   0.14234   0.11423   0.48081   0.52944   0.48524   0.64180   0.43913   0.34383   0.13554   0.00569   0.00379   0.14232   0.57184   0.22221   1.36771   0.12362   1.22386   0.12247   0.33086   0.14309   0.16399   0.46103   0.06230   0.06740   0.36481   0.33269   0.23704   0.25659   0.19246   0.12142   0.54158   0.50225   1.03137   0.11602   0.70383   0.09790   0.56731   0.08548   1.30062   0.22191   0.12125   0.37186   0.39385   0.19592   0.30498   0.07798   0.42015   0.58275   1.88935   4.09917   0.96218   0.02346  
 40 163.6774 156070.242610  x:  2.04449   0.35632   0.31680   0.40740   0.37654   0.10019   0.68600   0.19601   0.40119   0.43857   0.87761   1.95290   1.21954   0.44649   0.63758   0.59229   0.81475   0.13561   0.39579   0.14189   0.10821   0.48128   0.53201   0.48997   0.65179   0.44257   0.33661   0.13609   0.00568   0.00380   0.14307   0.57382   0.22674   1.37294   0.12540   1.20997   0.12713   0.33141   0.14654   0.16452   0.45844   0.05797   0.07409   0.36762   0.33170   0.23431   0.25271   0.19004   0.12699   0.53854   0.49928   1.03225   0.11178   0.71358   0.09970   0.57391   0.08533   1.28951   0.22033   0.12239   0.37485   0.39560   0.19337   0.31328   0.07833   0.42597   0.58261   1.89585   4.09077   0.96211   0.02346  
 41 86.6485 156069.793605  x:  2.05400   0.36216   0.31622   0.40901   0.37752   0.09855   0.68978   0.19630   0.40183   0.43956   0.87865   1.94275   1.21808   0.44816   0.63856   0.60036   0.81558   0.13643   0.39693   0.14189   0.10764   0.48041   0.53131   0.49079   0.65589   0.44428   0.33449   0.13601   0.00569   0.00380   0.14274   0.57453   0.22617   1.37582   0.12592   1.20205   0.12867   0.33095   0.14770   0.16665   0.45960   0.06262   0.06941   0.36554   0.32907   0.23319   0.25598   0.19348   0.12985   0.53699   0.49785   1.03367   0.11246   0.71640   0.09827   0.57456   0.08447   1.28355   0.21915   0.12220   0.37661   0.39719   0.19068   0.31211   0.07754   0.42854   0.58142   1.89982   4.08729   0.96032   0.02346  
 42 87.3965 156069.458565  x:  2.06153   0.36764   0.31616   0.41091   0.37946   0.10001   0.69246   0.19616   0.40422   0.44096   0.87935   1.93129   1.21346   0.44997   0.63971   0.60652   0.81620   0.14042   0.39665   0.14168   0.11175   0.47884   0.52859   0.48933   0.65798   0.44573   0.33596   0.13624   0.00567   0.00380   0.14279   0.57529   0.22186   1.37947   0.12536   1.19259   0.12823   0.32966   0.14567   0.16578   0.46155   0.06071   0.07105   0.36415   0.33000   0.23520   0.25617   0.19125   0.12736   0.53572   0.49743   1.03626   0.11626   0.71624   0.09703   0.57205   0.08587   1.27708   0.22026   0.12285   0.37741   0.39880   0.19076   0.30637   0.07931   0.42922   0.57957   1.90375   4.08397   0.95557   0.02346  
 43 47.6346 156069.225219  x:  2.06671   0.36982   0.31601   0.41010   0.37910   0.10083   0.69237   0.19472   0.40501   0.44049   0.87861   1.91862   1.20587   0.45147   0.64008   0.60710   0.81590   0.14125   0.39458   0.14050   0.11135   0.47794   0.52582   0.48603   0.65625   0.44577   0.33972   0.13572   0.00565   0.00380   0.14275   0.57526   0.21744   1.38366   0.12527   1.18381   0.12772   0.32931   0.14592   0.16690   0.46256   0.06031   0.06978   0.36502   0.33196   0.23485   0.25454   0.19232   0.12752   0.53742   0.49988   1.03983   0.11200   0.71266   0.09906   0.56800   0.08507   1.27172   0.22127   0.12089   0.37466   0.39721   0.19388   0.30809   0.07863   0.42641   0.57928   1.90464   4.08026   0.94734   0.02348  
 44 29.6766 156068.953892  x:  2.07213   0.36848   0.31501   0.40736   0.37674   0.09853   0.68970   0.19372   0.40291   0.43802   0.87567   1.89930   1.19327   0.45277   0.63930   0.60251   0.81434   0.13734   0.39168   0.14186   0.11016   0.47829   0.52507   0.48382   0.65194   0.44411   0.34062   0.13555   0.00562   0.00380   0.14197   0.57247   0.21566   1.38916   0.12598   1.17407   0.13017   0.33094   0.14573   0.16418   0.46008   0.06095   0.07085   0.36410   0.32856   0.23285   0.25564   0.19078   0.12596   0.53830   0.50080   1.04365   0.11612   0.70677   0.09779   0.56507   0.08490   1.26627   0.21963   0.12139   0.37374   0.39563   0.19265   0.30960   0.07789   0.42419   0.58038   1.90140   4.07352   0.93241   0.02351  
 45 34.1979 156068.690451  x:  2.07613   0.36471   0.31476   0.40661   0.37614   0.09953   0.68621   0.19528   0.40096   0.43681   0.87171   1.87874   1.18011   0.45290   0.63774   0.59612   0.81217   0.13601   0.39060   0.14329   0.11068   0.47829   0.52616   0.48441   0.64795   0.44209   0.33738   0.13504   0.00559   0.00380   0.14181   0.56858   0.21769   1.39264   0.12362   1.16708   0.12859   0.32996   0.14361   0.16510   0.45752   0.06028   0.06992   0.36308   0.32787   0.23390   0.25390   0.19095   0.12664   0.53648   0.49786   1.04442   0.11149   0.70276   0.09725   0.56588   0.08701   1.26295   0.21873   0.12224   0.37501   0.39558   0.18911   0.30596   0.07843   0.42511   0.58006   1.89644   4.06574   0.91346   0.02353  
 46 45.5633 156068.479206  x:  2.07759   0.36076   0.31368   0.40748   0.37688   0.09919   0.68313   0.19476   0.40088   0.43751   0.86833   1.86132   1.17020   0.45061   0.63599   0.59217   0.81039   0.13881   0.39141   0.14070   0.10834   0.47602   0.52589   0.48510   0.64604   0.44085   0.33471   0.13472   0.00556   0.00380   0.14121   0.56725   0.22050   1.39205   0.12251   1.16565   0.12765   0.32789   0.14325   0.16471   0.45772   0.06016   0.06929   0.36248   0.33009   0.23276   0.25330   0.19054   0.12590   0.53281   0.49381   1.04081   0.11405   0.70339   0.09936   0.56765   0.08280   1.26222   0.21774   0.12008   0.37367   0.39508   0.19067   0.30566   0.07771   0.42552   0.57684   1.89420   4.05660   0.89441   0.02354  
 47 38.0144 156068.242339  x:  2.07717   0.35778   0.31217   0.40689   0.37607   0.09830   0.68075   0.19265   0.40084   0.43764   0.86567   1.84262   1.16154   0.44573   0.63339   0.59099   0.80890   0.14007   0.39247   0.13931   0.10947   0.47328   0.52421   0.48487   0.64652   0.43978   0.33447   0.13420   0.00552   0.00380   0.14080   0.56863   0.22140   1.38712   0.12305   1.16832   0.12744   0.32564   0.14537   0.16333   0.45867   0.05982   0.06988   0.36101   0.32748   0.23144   0.25353   0.18960   0.12682   0.53071   0.49273   1.03325   0.11233   0.70584   0.09380   0.56794   0.08493   1.26337   0.21878   0.12069   0.37154   0.39442   0.19327   0.30671   0.07664   0.42381   0.57326   1.89466   4.04204   0.87082   0.02357  
 48 42.7545 156067.912635  x:  2.07468   0.35688   0.31167   0.40449   0.37371   0.09962   0.67974   0.19230   0.39981   0.43583   0.86403   1.81893   1.15341   0.43901   0.62986   0.59275   0.80753   0.13736   0.39246   0.14037   0.11111   0.47152   0.52135   0.48260   0.64867   0.43843   0.33553   0.13367   0.00546   0.00380   0.14057   0.57099   0.21968   1.37663   0.12416   1.17483   0.12807   0.32462   0.14556   0.16237   0.45793   0.05940   0.06953   0.36072   0.32468   0.23200   0.25212   0.18977   0.12655   0.53106   0.49472   1.02195   0.11193   0.70916   0.09800   0.56567   0.08471   1.26540   0.21628   0.11879   0.37014   0.39284   0.18815   0.30454   0.07833   0.42191   0.57256   1.89658   4.01650   0.83661   0.02361  
 49 61.4120 156067.617627  x:  2.07125   0.35877   0.31205   0.40386   0.37363   0.09913   0.68050   0.19390   0.39893   0.43403   0.86438   1.80157   1.15079   0.43700   0.62813   0.59565   0.80678   0.13614   0.39078   0.14039   0.10824   0.47234   0.51994   0.47971   0.64922   0.43779   0.33494   0.13353   0.00543   0.00380   0.14013   0.57045   0.21791   1.36596   0.12329   1.18042   0.12645   0.32569   0.14364   0.16375   0.45551   0.05976   0.06848   0.36178   0.32800   0.23150   0.25187   0.18947   0.12403   0.53228   0.49580   1.01524   0.11147   0.70830   0.09613   0.56198   0.08196   1.26666   0.21366   0.12410   0.37311   0.39381   0.18852   0.30384   0.07679   0.42218   0.57490   1.89653   3.98911   0.80497   0.02365  
 50 67.1937 156067.056784  x:  2.06365   0.36427   0.31264   0.40535   0.37602   0.09553   0.68283   0.19497   0.39870   0.43293   0.86678   1.77675   1.15391   0.44131   0.62785   0.60030   0.80571   0.13862   0.38657   0.13956   0.10739   0.47636   0.52109   0.47751   0.64740   0.43781   0.33183   0.13341   0.00537   0.00381   0.14020   0.56545   0.21755   1.34713   0.12252   1.18823   0.12418   0.32847   0.14289   0.16660   0.45263   0.05991   0.06857   0.36008   0.32992   0.23069   0.25281   0.18890   0.12305   0.53335   0.49461   1.01179   0.11361   0.70208   0.09539   0.55872   0.08807   1.26766   0.21459   0.11679   0.37234   0.39163   0.18982   0.30558   0.07626   0.42455   0.57851   1.89193   3.92951   0.74416   0.02369  
 51 83.3871 156066.121446  x:  2.05153   0.37043   0.31301   0.40606   0.37637   0.09749   0.68504   0.19211   0.40020   0.43506   0.86990   1.74668   1.16703   0.45205   0.62927   0.60301   0.80403   0.14144   0.38276   0.14059   0.11276   0.47873   0.52431   0.48043   0.64345   0.43931   0.33177   0.13351   0.00527   0.00381   0.14035   0.56010   0.22000   1.32321   0.12603   1.19534   0.12599   0.32890   0.14527   0.16156   0.45508   0.05958   0.07031   0.35837   0.32223   0.23275   0.25133   0.19009   0.12653   0.53213   0.49128   1.01731   0.11098   0.69186   0.09970   0.55910   0.08148   1.26686   0.21107   0.12021   0.37139   0.39319   0.19426   0.30492   0.07601   0.42226   0.57645   1.88536   3.82500   0.64009   0.02373  
 52 141.2743 156064.485827  x:  2.03434   0.37161   0.31040   0.40350   0.37147   0.10084   0.68457   0.18798   0.40110   0.43882   0.87076   1.71230   1.19684   0.46329   0.63149   0.59916   0.80237   0.13666   0.38442   0.14109   0.10338   0.47125   0.52384   0.48574   0.63902   0.44264   0.34133   0.13357   0.00507   0.00382   0.13946   0.56189   0.22106   1.29902   0.12757   1.19722   0.12872   0.32266   0.14360   0.15868   0.46225   0.05893   0.06794   0.36685   0.32936   0.22904   0.25360   0.18887   0.12910   0.52989   0.49024   1.03592   0.11221   0.68612   0.09626   0.56843   0.08731   1.26469   0.20403   0.12232   0.36935   0.39503   0.18564   0.30156   0.07974   0.41925   0.56942   1.88630   3.64134   0.44996   0.02379  
 53 208.0793 156061.484140  x:  2.01290   0.36323   0.30657   0.40397   0.37155   0.09398   0.67982   0.19377   0.39646   0.43621   0.86673   1.67550   1.25131   0.46415   0.63374   0.58743   0.80350   0.12984   0.39438   0.14360   0.11309   0.46345   0.52240   0.48844   0.64026   0.44418   0.34687   0.13062   0.00467   0.00384   0.13886   0.56828   0.21493   1.28507   0.12153   1.18909   0.12317   0.31652   0.13747   0.16819   0.45796   0.05735   0.06822   0.35346   0.32727   0.23137   0.24781   0.18965   0.11965   0.52959   0.49528   1.06499   0.11403   0.69779   0.09589   0.57620   0.08613   1.26173   0.18911   0.12138   0.37153   0.39219   0.18777   0.31104   0.07307   0.42492   0.56916   1.89825   3.30971   0.09278   0.02385  
 54 340.9922 156057.755652  x:  1.99948   0.35597   0.31342   0.40570   0.37687   0.10238   0.67505   0.19925   0.39338   0.43003   0.86291   1.65326   1.30892   0.45179   0.63620   0.58042   0.81016   0.13904   0.40003   0.13489   0.10691   0.46776   0.51987   0.47754   0.64373   0.43998   0.33190   0.13158   0.00413   0.00387   0.13487   0.56651   0.21148   1.29631   0.12872   1.17752   0.12660   0.32510   0.14325   0.15836   0.44542   0.05841   0.06784   0.35629   0.32161   0.22864   0.25425   0.18327   0.12277   0.53035   0.49874   1.07933   0.10767   0.71593   0.09629   0.56833   0.08873   1.26199   0.17615   0.11879   0.37083   0.38774   0.19392   0.29895   0.07385   0.42272   0.57312   1.90379   2.89895  -0.35362   0.02381  
 55 542.3106 156054.833908  x:  2.00136   0.35895   0.31309   0.40129   0.37350   0.09203   0.67340   0.18795   0.39833   0.43173   0.86352   1.65273   1.33985   0.44054   0.63615   0.58437   0.81708   0.14488   0.39435   0.13776   0.11072   0.47696   0.52094   0.47347   0.64670   0.43580   0.32462   0.12486   0.00374   0.00391   0.13980   0.56383   0.21539   1.32010   0.12882   1.17180   0.12737   0.32866   0.13731   0.15808   0.45223   0.05703   0.06481   0.36181   0.32537   0.22743   0.24038   0.19142   0.12554   0.52785   0.49147   1.06740   0.11182   0.71656   0.09349   0.55821   0.09543   1.26565   0.15392   0.12170   0.36605   0.39023   0.19124   0.29896   0.07526   0.41322   0.57055   1.89628   2.56988  -0.70567   0.02378  
 56 549.1320 156052.617799  x:  2.01149   0.36754   0.31260   0.39928   0.36993   0.09530   0.67604   0.18600   0.40117   0.43490   0.86636   1.66243   1.35063   0.43600   0.63474   0.59138   0.82077   0.14234   0.38567   0.14017   0.10863   0.47796   0.52077   0.47597   0.64558   0.43504   0.33150   0.13191   0.00345   0.00391   0.13092   0.56476   0.21996   1.34198   0.12188   1.17160   0.12237   0.32373   0.13531   0.16205   0.45938   0.05530   0.06690   0.35401   0.32354   0.22679   0.25118   0.18326   0.12169   0.52523   0.48570   1.04711   0.10739   0.70628   0.09790   0.55720   0.09834   1.27036   0.13722   0.12252   0.36394   0.39139   0.18934   0.30561   0.07337   0.41289   0.56641   1.88707   2.31592  -0.97298   0.02376  
 57 569.6245 156051.331875  x:  2.02440   0.37437   0.31104   0.40259   0.37136   0.10031   0.67940   0.19203   0.39746   0.43443   0.86830   1.67513   1.34483   0.43990   0.63355   0.59540   0.81957   0.13800   0.38203   0.13802   0.10579   0.47162   0.51962   0.48083   0.64134   0.43798   0.34085   0.12397   0.00332   0.00393   0.13860   0.56540   0.22151   1.35288   0.12097   1.17635   0.12256   0.31953   0.14356   0.16022   0.45611   0.05557   0.06695   0.35144   0.32233   0.22754   0.24805   0.18515   0.12080   0.52624   0.48888   1.03336   0.11038   0.69569   0.09641   0.56432   0.09790   1.27421   0.13425   0.12147   0.36616   0.38925   0.19194   0.30332   0.07238   0.41959   0.56522   1.88551   2.16739  -1.12688   0.02374  
 58 347.0674 156050.563738  x:  2.03757   0.37698   0.30816   0.40573   0.37390   0.09512   0.68074   0.19251   0.39389   0.43324   0.86865   1.68749   1.33139   0.44822   0.63385   0.59629   0.81571   0.13954   0.38462   0.13749   0.11046   0.46729   0.52042   0.48424   0.63824   0.44198   0.34358   0.13032   0.00321   0.00392   0.13183   0.56377   0.22018   1.35410   0.12357   1.18315   0.12340   0.31860   0.14455   0.15793   0.45112   0.05659   0.06571   0.35604   0.32424   0.22707   0.24509   0.18729   0.12258   0.52877   0.49454   1.02872   0.11061   0.69170   0.09653   0.57215   0.09962   1.27679   0.12626   0.12095   0.36737   0.38768   0.19554   0.29991   0.07260   0.42091   0.56629   1.89085   2.07949  -1.21607   0.02374  
 59 209.5980 156049.752235  x:  2.05811   0.37731   0.30911   0.40565   0.37435   0.09481   0.68150   0.19032   0.39491   0.43449   0.86825   1.70615   1.30530   0.46157   0.63558   0.59529   0.80961   0.14349   0.39231   0.13898   0.11124   0.46684   0.52292   0.48420   0.63659   0.44691   0.34018   0.12516   0.00310   0.00395   0.13699   0.55964   0.21645   1.34692   0.12555   1.19416   0.12312   0.32177   0.13836   0.15992   0.45079   0.05684   0.06611   0.35710   0.32333   0.22668   0.25097   0.18337   0.12198   0.52997   0.49760   1.03260   0.10834   0.69502   0.09795   0.57769   0.10019   1.28004   0.12033   0.12182   0.36640   0.38934   0.19476   0.30253   0.07280   0.41573   0.56867   1.90093   1.98700  -1.30648   0.02377  
 60 152.6396 156049.243923  x:  2.07366   0.37649   0.31238   0.40414   0.37337   0.09942   0.68218   0.19078   0.39788   0.43617   0.86823   1.72001   1.28479   0.46859   0.63722   0.59475   0.80722   0.14209   0.39601   0.13959   0.10817   0.46965   0.52459   0.48216   0.63736   0.44815   0.33886   0.12841   0.00304   0.00394   0.13357   0.55937   0.21474   1.33818   0.12521   1.20174   0.12315   0.32533   0.14074   0.16178   0.45421   0.05582   0.06627   0.35427   0.32268   0.22799   0.24643   0.18644   0.12084   0.52898   0.49597   1.04103   0.11067   0.70088   0.09632   0.57660   0.10100   1.28248   0.12122   0.12260   0.36615   0.39077   0.19335   0.30446   0.07267   0.41491   0.56942   1.90405   1.93049  -1.36158   0.02377  
 61 156.7954 156048.953683  x:  2.08406   0.37515   0.31340   0.40441   0.37380   0.09787   0.68256   0.19148   0.39900   0.43614   0.86881   1.72895   1.27154   0.46930   0.63861   0.59528   0.80868   0.13915   0.39530   0.13842   0.10911   0.47290   0.52525   0.48120   0.63972   0.44652   0.34128   0.12745   0.00303   0.00394   0.13468   0.56284   0.21619   1.32955   0.12472   1.20537   0.12293   0.32483   0.14377   0.15984   0.45644   0.05566   0.06628   0.35421   0.32445   0.22768   0.24758   0.18588   0.12125   0.52839   0.49380   1.05049   0.10973   0.70593   0.09692   0.57287   0.10302   1.28383   0.11473   0.12222   0.36683   0.38993   0.19569   0.30260   0.07246   0.41861   0.56855   1.90117   1.90125  -1.39078   0.02376  
 62 78.2411 156048.831010  x:  2.08920   0.37439   0.31279   0.40500   0.37416   0.09602   0.68259   0.19148   0.39817   0.43526   0.86959   1.73343   1.26555   0.46703   0.63935   0.59601   0.81104   0.13881   0.39369   0.13850   0.10990   0.47335   0.52470   0.48175   0.64156   0.44489   0.34226   0.12760   0.00302   0.00394   0.13466   0.56492   0.21818   1.32470   0.12551   1.20605   0.12355   0.32263   0.14100   0.15942   0.45586   0.05595   0.06615   0.35558   0.32458   0.22754   0.24845   0.18547   0.12241   0.52884   0.49342   1.05538   0.10944   0.70722   0.09709   0.57103   0.10160   1.28451   0.11810   0.12211   0.36732   0.38980   0.19547   0.30236   0.07254   0.41973   0.56790   1.89856   1.88969  -1.40162   0.02376  
 63 46.9515 156048.741357  x:  2.09321   0.37394   0.31230   0.40577   0.37458   0.09806   0.68265   0.19175   0.39698   0.43469   0.87092   1.73684   1.26181   0.46256   0.63991   0.59670   0.81426   0.14167   0.39181   0.13787   0.10878   0.47171   0.52330   0.48288   0.64287   0.44352   0.34158   0.12770   0.00301   0.00395   0.13463   0.56571   0.22026   1.31967   0.12622   1.20494   0.12354   0.32087   0.13911   0.16015   0.45390   0.05612   0.06638   0.35544   0.32320   0.22791   0.24761   0.18608   0.12231   0.52979   0.49460   1.05922   0.11025   0.70617   0.09670   0.57148   0.10265   1.28473   0.11586   0.12237   0.36689   0.38998   0.19535   0.30361   0.07262   0.41824   0.56772   1.89661   1.88355  -1.40673   0.02376  
 64 22.1383 156048.670031  x:  2.09630   0.37354   0.31117   0.40516   0.37380   0.09760   0.68238   0.19127   0.39735   0.43562   0.87246   1.73961   1.26004   0.45736   0.63961   0.59655   0.81713   0.14268   0.39091   0.13856   0.10992   0.47050   0.52302   0.48390   0.64322   0.44327   0.33968   0.12760   0.00300   0.00395   0.13471   0.56493   0.22114   1.31516   0.12585   1.20240   0.12320   0.32222   0.14229   0.16037   0.45375   0.05598   0.06618   0.35512   0.32478   0.22754   0.24822   0.18571   0.12098   0.52985   0.49575   1.06090   0.10999   0.70346   0.09714   0.57331   0.10217   1.28468   0.11650   0.12266   0.36676   0.39044   0.19449   0.30344   0.07278   0.41730   0.56880   1.89705   1.88246  -1.40826   0.02377  
 65 12.1925 156048.545153  x:  2.10074   0.37309   0.31159   0.40453   0.37370   0.09727   0.68208   0.19157   0.39860   0.43692   0.87527   1.74379   1.25966   0.45149   0.63822   0.59481   0.82018   0.14058   0.39162   0.13790   0.10878   0.47104   0.52433   0.48281   0.64152   0.44507   0.33932   0.12748   0.00298   0.00395   0.13440   0.56384   0.22147   1.30867   0.12638   1.19689   0.12385   0.32455   0.13917   0.15902   0.45677   0.05570   0.06608   0.35491   0.32352   0.22844   0.24769   0.18555   0.12247   0.52932   0.49565   1.05922   0.10980   0.69961   0.09689   0.57561   0.10198   1.28415   0.11653   0.12143   0.36714   0.38955   0.19649   0.30242   0.07213   0.41905   0.57009   1.89992   1.88764  -1.40674   0.02377  
 66 10.3275 156048.182618  x:  2.11075   0.37163   0.31490   0.40565   0.37564   0.09810   0.68167   0.19164   0.39562   0.43306   0.88103   1.75371   1.26240   0.45030   0.63600   0.59010   0.82257   0.14125   0.39569   0.13911   0.11036   0.47471   0.52722   0.47976   0.63735   0.45002   0.34404   0.12704   0.00293   0.00396   0.13404   0.56330   0.22272   1.29693   0.12824   1.18399   0.12397   0.32423   0.14019   0.16106   0.45377   0.05585   0.06683   0.35577   0.32262   0.22265   0.24715   0.18609   0.12127   0.52667   0.49080   1.05045   0.10992   0.69760   0.09719   0.57287   0.10175   1.28238   0.11776   0.12217   0.36662   0.38876   0.19426   0.30259   0.07232   0.41718   0.56591   1.90179   1.91060  -1.39391   0.02376  
 67 16.4715 156047.618166  x:  2.12349   0.36878   0.31353   0.40420   0.37306   0.09351   0.68112   0.19077   0.39484   0.43139   0.88603   1.76674   1.26738   0.45643   0.63484   0.58679   0.82258   0.14297   0.39747   0.13945   0.10639   0.47372   0.52555   0.47837   0.63419   0.45116   0.34488   0.12636   0.00288   0.00396   0.13328   0.56111   0.22339   1.28651   0.12795   1.17127   0.12508   0.32094   0.14354   0.15922   0.44935   0.05529   0.06386   0.35369   0.32241   0.23330   0.24694   0.18323   0.12151   0.52689   0.48993   1.03919   0.10977   0.70008   0.09681   0.56716   0.10129   1.28014   0.11962   0.12235   0.36546   0.38915   0.19165   0.30296   0.07235   0.41505   0.56300   1.89976   1.95007  -1.36963   0.02374  
 68 48.3025 156046.289636  x:  2.14738   0.36319   0.30773   0.39949   0.36504   0.09766   0.68003   0.19138   0.39808   0.43496   0.89014   1.79171   1.27726   0.47224   0.63435   0.58704   0.81825   0.13937   0.39169   0.13911   0.10881   0.46550   0.51741   0.48162   0.63416   0.44235   0.33560   0.12534   0.00276   0.00398   0.13216   0.55527   0.22023   1.27730   0.12442   1.15762   0.12773   0.31565   0.14023   0.15581   0.44902   0.05531   0.06550   0.34986   0.32260   0.22220   0.24512   0.18432   0.12164   0.52962   0.49503   1.02198   0.10917   0.70764   0.09551   0.56053   0.09939   1.27608   0.12402   0.12021   0.36390   0.38853   0.19259   0.29936   0.07119   0.41538   0.56562   1.89210   2.04449  -1.30621   0.02370  
 69 86.2640 156043.903018  x:  2.17769   0.35972   0.30435   0.40605   0.37599   0.09878   0.67446   0.18352   0.38994   0.43093   0.88417   1.82436   1.28631   0.47799   0.63434   0.59738   0.80797   0.13237   0.37711   0.13311   0.10865   0.46311   0.51295   0.48137   0.64129   0.42636   0.33099   0.12377   0.00262   0.00400   0.13086   0.55968   0.21010   1.28999   0.12947   1.16369   0.12554   0.32581   0.14156   0.16520   0.45783   0.05167   0.06315   0.35929   0.31349   0.22509   0.24473   0.18161   0.11360   0.52111   0.49043   1.01634   0.10811   0.70430   0.09412   0.56860   0.09628   1.27215   0.13264   0.12118   0.36487   0.38364   0.18818   0.29809   0.07080   0.41162   0.56800   1.89007   2.21029  -1.17691   0.02369  
 70 111.0424 156039.853850  x:  2.21853   0.36660   0.30906   0.39824   0.37198   0.09638   0.67065   0.19354   0.38784   0.42932   0.86839   1.86903   1.29259   0.46575   0.63556   0.61440   0.79683   0.14378   0.37421   0.14128   0.10500   0.47417   0.51994   0.47709   0.65274   0.42474   0.33767   0.12165   0.00236   0.00406   0.12987   0.57247   0.20828   1.33358   0.12720   1.19504   0.11944   0.33511   0.13663   0.15092   0.44721   0.05340   0.06308   0.34435   0.32234   0.22245   0.24331   0.18177   0.12789   0.51611   0.48479   1.02447   0.10847   0.68707   0.09453   0.57655   0.09286   1.27161   0.14735   0.12131   0.36451   0.38464   0.18282   0.30015   0.07134   0.40662   0.56176   1.90039   2.48489  -0.94192   0.02368  
 71 246.5569 156037.301135  x:  2.23855   0.38208   0.31385   0.39464   0.36296   0.09614   0.67449   0.19233   0.39647   0.43385   0.86263   1.89116   1.29090   0.45109   0.63702   0.61657   0.80363   0.14326   0.38745   0.14028   0.10574   0.47722   0.52562   0.47831   0.64743   0.44264   0.33591   0.12138   0.00223   0.00410   0.12924   0.56683   0.22623   1.37113   0.12332   1.22064   0.12583   0.32253   0.13992   0.16143   0.44296   0.05257   0.06209   0.35664   0.31355   0.22305   0.24384   0.18069   0.11846   0.52431   0.48747   1.03560   0.11044   0.68237   0.09540   0.56351   0.09266   1.27938   0.15594   0.11912   0.36514   0.38929   0.18605   0.29685   0.07030   0.41358   0.56190   1.91008   2.65417  -0.78695   0.02367  
 72 235.9619 156036.511507  x:  2.24235   0.39101   0.31366   0.40397   0.37020   0.09757   0.67953   0.18834   0.39403   0.43210   0.86577   1.89517   1.28762   0.44768   0.63908   0.61125   0.81625   0.13737   0.39250   0.14078   0.10678   0.47366   0.52454   0.48180   0.64073   0.44991   0.33517   0.12161   0.00220   0.00411   0.12920   0.55961   0.23355   1.38563   0.12458   1.22740   0.12250   0.32235   0.14002   0.15688   0.44980   0.05220   0.06254   0.35173   0.31818   0.22322   0.24427   0.18121   0.12112   0.52789   0.49120   1.03846   0.11088   0.68923   0.09575   0.55679   0.09320   1.28810   0.15856   0.12160   0.36632   0.38762   0.18205   0.29972   0.07081   0.41106   0.56496   1.91226   2.70292  -0.73666   0.02368  
 73 103.8488 156036.188687  x:  2.24190   0.39510   0.31096   0.40238   0.36857   0.09692   0.68495   0.19298   0.39350   0.43345   0.87221   1.89432   1.28374   0.45039   0.64325   0.60427   0.83169   0.14023   0.39147   0.14515   0.10666   0.47278   0.52295   0.48378   0.63792   0.44920   0.34045   0.12188   0.00221   0.00412   0.12957   0.55804   0.23196   1.39341   0.12574   1.22783   0.12247   0.32875   0.13957   0.15877   0.45061   0.05219   0.06260   0.35433   0.31725   0.22360   0.24480   0.18146   0.12164   0.52481   0.48967   1.03784   0.11068   0.69782   0.09554   0.56005   0.09284   1.29885   0.15928   0.12124   0.36739   0.38747   0.18413   0.29944   0.07129   0.41042   0.56654   1.91211   2.71990  -0.71442   0.02367  
 74 35.4912 156036.093917  x:  2.24117   0.39417   0.31248   0.40203   0.36914   0.09781   0.68523   0.18960   0.39446   0.43426   0.87607   1.89325   1.28189   0.45322   0.64567   0.60197   0.83862   0.14036   0.39015   0.14284   0.10732   0.47543   0.52471   0.48305   0.63892   0.44697   0.34070   0.12196   0.00222   0.00412   0.12968   0.55931   0.22981   1.39611   0.12491   1.22675   0.12426   0.32756   0.13978   0.15867   0.44873   0.05255   0.06266   0.35378   0.31802   0.22389   0.24494   0.18166   0.12197   0.52574   0.49062   1.03692   0.11075   0.69851   0.09551   0.56306   0.09257   1.30489   0.15946   0.12168   0.36739   0.38921   0.18311   0.30020   0.07102   0.41275   0.56637   1.91411   2.72370  -0.70827   0.02368  
 75 17.6008 156036.051166  x:  2.24067   0.39145   0.31369   0.40283   0.36983   0.09723   0.68468   0.19136   0.39507   0.43426   0.87891   1.89245   1.28086   0.45556   0.64707   0.60192   0.84125   0.13971   0.39086   0.14437   0.10649   0.47642   0.52568   0.48332   0.64185   0.44646   0.33875   0.12204   0.00223   0.00412   0.12978   0.56099   0.22940   1.39751   0.12515   1.22543   0.12356   0.32568   0.14052   0.15860   0.45006   0.05245   0.06274   0.35438   0.31778   0.22387   0.24507   0.18169   0.12180   0.52698   0.49135   1.03642   0.11126   0.69650   0.09575   0.56312   0.09252   1.30892   0.15946   0.12169   0.36744   0.38853   0.18375   0.30011   0.07133   0.41180   0.56580   1.91545   2.72442  -0.70628   0.02368  
 76  9.1902 156036.008439  x:  2.24038   0.38751   0.31330   0.40264   0.36867   0.09764   0.68384   0.19180   0.39440   0.43357   0.88301   1.89171   1.28014   0.45715   0.64798   0.60353   0.84094   0.14012   0.39252   0.14224   0.10726   0.47506   0.52530   0.48422   0.64370   0.44812   0.33848   0.12211   0.00225   0.00412   0.12984   0.56326   0.23070   1.39891   0.12582   1.22430   0.12456   0.32776   0.14011   0.15895   0.45078   0.05238   0.06280   0.35395   0.31835   0.22405   0.24519   0.18176   0.12184   0.52657   0.49067   1.03661   0.11108   0.69432   0.09613   0.56119   0.09291   1.31275   0.15936   0.12175   0.36811   0.38866   0.18351   0.30038   0.07121   0.41212   0.56725   1.91573   2.72381  -0.70607   0.02368  
 77  5.4177 156035.919178  x:  2.24062   0.38277   0.31235   0.40363   0.37044   0.09835   0.68370   0.18992   0.39562   0.43531   0.89156   1.89098   1.27947   0.45622   0.64751   0.60678   0.83646   0.13885   0.39283   0.14409   0.10677   0.47448   0.52449   0.48448   0.64376   0.45048   0.33948   0.12217   0.00230   0.00412   0.12995   0.56318   0.23087   1.40069   0.12294   1.22322   0.12282   0.32993   0.13977   0.15825   0.44802   0.05294   0.06284   0.35546   0.31713   0.22398   0.24519   0.18190   0.12275   0.52585   0.49101   1.03836   0.11144   0.69486   0.09633   0.56074   0.09283   1.31713   0.15924   0.12157   0.36710   0.38954   0.18399   0.30045   0.07124   0.41250   0.56719   1.91507   2.72161  -0.70902   0.02367  
 78  5.6673 156035.697771  x:  2.24212   0.37666   0.31228   0.40258   0.37094   0.09783   0.68551   0.19185   0.39551   0.43587   0.90803   1.89017   1.27872   0.45251   0.64554   0.61173   0.82645   0.13889   0.38955   0.14485   0.10708   0.47684   0.52508   0.48296   0.63991   0.45115   0.34030   0.12243   0.00243   0.00412   0.13001   0.55854   0.23098   1.40420   0.12753   1.22318   0.12576   0.32693   0.13961   0.15987   0.44888   0.05259   0.06276   0.35311   0.31917   0.22430   0.24532   0.18176   0.12141   0.52618   0.49217   1.04205   0.11089   0.69854   0.09583   0.56369   0.09268   1.32215   0.15860   0.12189   0.36741   0.38882   0.18415   0.30019   0.07165   0.41173   0.56517   1.91512   2.71541  -0.71884   0.02365  
 79 14.0376 156035.398060  x:  2.24530   0.37568   0.31441   0.40115   0.36722   0.09698   0.68664   0.19273   0.39213   0.43154   0.91684   1.89062   1.27876   0.45115   0.64429   0.61179   0.82268   0.14410   0.38783   0.14260   0.10767   0.47735   0.52665   0.48286   0.63724   0.44786   0.34109   0.12237   0.00260   0.00413   0.12995   0.55636   0.23138   1.40566   0.12316   1.22521   0.12114   0.32387   0.14117   0.15712   0.45384   0.05228   0.06308   0.35611   0.31656   0.22367   0.24526   0.18184   0.12288   0.52773   0.49193   1.04364   0.11225   0.70034   0.09581   0.56444   0.09232   1.32062   0.15850   0.12223   0.36933   0.38811   0.18204   0.30167   0.07096   0.41293   0.56739   1.91867   2.70611  -0.73397   0.02363  
 80 14.5686 156033.661332  x:  2.26667   0.38315   0.32113   0.40922   0.36455   0.09682   0.68587   0.18835   0.39525   0.42835   0.92393   1.89685   1.28204   0.45309   0.64129   0.59817   0.83251   0.14360   0.39183   0.15051   0.10517   0.47028   0.52810   0.48942   0.63993   0.43049   0.34262   0.12311   0.00366   0.00415   0.13030   0.56117   0.23699   1.40740   0.12232   1.24475   0.12843   0.32658   0.14055   0.15929   0.44836   0.05273   0.06320   0.35233   0.31806   0.22399   0.24496   0.18137   0.12297   0.52807   0.48338   1.04176   0.11143   0.69539   0.09626   0.55887   0.09463   1.29432   0.15530   0.12112   0.36564   0.38848   0.18668   0.29861   0.07103   0.40968   0.57285   1.93103   2.64916  -0.82820   0.02346  
 81 28.9673 156032.314536  x:  2.28355   0.38716   0.31337   0.40386   0.36830   0.09686   0.68491   0.19508   0.39841   0.43735   0.90956   1.90245   1.28508   0.45622   0.64424   0.59424   0.84722   0.13957   0.39670   0.13957   0.10897   0.47379   0.52623   0.48401   0.64089   0.43832   0.33852   0.12415   0.00448   0.00417   0.13078   0.56306   0.23475   1.40614   0.12908   1.25446   0.11893   0.33035   0.13953   0.15910   0.44467   0.05372   0.06367   0.35469   0.31607   0.22374   0.24517   0.18165   0.12303   0.52544   0.49113   1.03935   0.11261   0.69171   0.09674   0.55870   0.09566   1.28209   0.15314   0.12302   0.36743   0.38847   0.18115   0.30306   0.07219   0.40840   0.56223   1.92479   2.60483  -0.90030   0.02331  
 82 75.9242 156031.714836  x:  2.29100   0.38871   0.30979   0.39884   0.37034   0.10003   0.68281   0.18979   0.38983   0.43370   0.89073   1.90534   1.28678   0.45711   0.64851   0.59859   0.85304   0.14219   0.39643   0.14635   0.10708   0.47734   0.52385   0.48074   0.64232   0.45147   0.33668   0.12450   0.00485   0.00418   0.13109   0.56092   0.23107   1.40327   0.12635   1.25342   0.12333   0.32842   0.13982   0.15940   0.44865   0.05324   0.06391   0.35316   0.31688   0.22375   0.24522   0.18163   0.12249   0.52386   0.49411   1.03884   0.11239   0.69179   0.09660   0.56152   0.09516   1.28742   0.15169   0.12232   0.36734   0.38742   0.18373   0.30137   0.07186   0.41167   0.56212   1.91967   2.58499  -0.93238   0.02324  
 83 52.3244 156031.385813  x:  2.29495   0.39270   0.31309   0.40178   0.36974   0.09848   0.68201   0.19266   0.39332   0.43357   0.87010   1.90710   1.28797   0.45656   0.65110   0.60408   0.85108   0.14095   0.38941   0.14460   0.10811   0.47595   0.52412   0.48167   0.63956   0.45576   0.33932   0.12473   0.00504   0.00419   0.13104   0.55813   0.23099   1.39950   0.12563   1.24557   0.12486   0.32617   0.14024   0.15885   0.44699   0.05343   0.06400   0.35358   0.31638   0.22367   0.24525   0.18163   0.12373   0.52437   0.48920   1.03960   0.11260   0.69340   0.09664   0.56219   0.09502   1.30321   0.15070   0.12283   0.36588   0.38836   0.18300   0.30180   0.07213   0.40768   0.56752   1.92267   2.57380  -0.94979   0.02323  
 84 28.3925 156031.296696  x:  2.29600   0.39768   0.31381   0.40158   0.36821   0.09903   0.68224   0.19053   0.39357   0.43343   0.86381   1.90757   1.28834   0.45638   0.65082   0.60427   0.84744   0.14153   0.38951   0.14575   0.10761   0.47521   0.52495   0.48291   0.63950   0.45244   0.33949   0.12474   0.00508   0.00419   0.13109   0.55785   0.23275   1.39812   0.12843   1.24127   0.12257   0.32847   0.13983   0.15918   0.44656   0.05356   0.06401   0.35340   0.31649   0.22373   0.24520   0.18158   0.12314   0.52526   0.49055   1.04031   0.11277   0.69310   0.09692   0.56081   0.09509   1.31130   0.15040   0.12239   0.36757   0.38749   0.18342   0.30174   0.07192   0.40979   0.56425   1.92413   2.57067  -0.95449   0.02322  
 85 16.5239 156031.269778  x:  2.29633   0.40115   0.31283   0.40155   0.36926   0.09878   0.68292   0.19160   0.39282   0.43366   0.86253   1.90769   1.28847   0.45600   0.64998   0.60333   0.84525   0.14173   0.39161   0.14507   0.10774   0.47549   0.52506   0.48250   0.63985   0.45014   0.33905   0.12480   0.00510   0.00419   0.13110   0.55854   0.23279   1.39759   0.12671   1.23976   0.12444   0.32888   0.13966   0.15917   0.44713   0.05351   0.06405   0.35352   0.31642   0.22369   0.24523   0.18159   0.12306   0.52479   0.49158   1.04080   0.11261   0.69240   0.09698   0.56047   0.09504   1.31469   0.15026   0.12267   0.36664   0.38784   0.18316   0.30187   0.07208   0.40954   0.56350   1.92357   2.56976  -0.95601   0.02322  
 86  8.5084 156031.258910  x:  2.29644   0.40280   0.31233   0.40103   0.36933   0.09896   0.68303   0.19110   0.39277   0.43394   0.86265   1.90766   1.28850   0.45587   0.64918   0.60265   0.84445   0.14157   0.39294   0.14501   0.10779   0.47566   0.52457   0.48185   0.64030   0.44977   0.33874   0.12480   0.00510   0.00419   0.13112   0.55935   0.23228   1.39754   0.12755   1.23928   0.12376   0.32763   0.13986   0.15908   0.44684   0.05352   0.06407   0.35345   0.31645   0.22369   0.24524   0.18161   0.12333   0.52425   0.49088   1.04110   0.11280   0.69211   0.09696   0.56089   0.09497   1.31577   0.15021   0.12248   0.36691   0.38791   0.18335   0.30177   0.07202   0.40915   0.56519   1.92273   2.56941  -0.95672   0.02321  
 87  3.2730 156031.144933  x:  2.29681   0.40598   0.31465   0.40299   0.36721   0.09816   0.68088   0.19087   0.39491   0.43269   0.86488   1.90603   1.28858   0.45667   0.64220   0.60035   0.84402   0.14292   0.39138   0.14459   0.10828   0.47419   0.52241   0.48140   0.64156   0.45383   0.33603   0.12500   0.00504   0.00419   0.13129   0.56227   0.22971   1.39733   0.12671   1.23940   0.12495   0.32895   0.13959   0.15901   0.44669   0.05357   0.06426   0.35352   0.31638   0.22368   0.24531   0.18166   0.12318   0.52813   0.48847   1.04262   0.11261   0.69285   0.09686   0.56325   0.09464   1.31708   0.14998   0.12359   0.36762   0.38426   0.18255   0.30224   0.07215   0.40955   0.56346   1.92003   2.56577  -0.96537   0.02319  
 88  1.1038 156030.609219  x:  2.29808   0.40626   0.31410   0.40297   0.36670   0.09831   0.67624   0.19312   0.39068   0.42959   0.86995   1.89787   1.28913   0.46040   0.62423   0.59771   0.84482   0.14251   0.38279   0.14453   0.10819   0.47379   0.52352   0.48269   0.64246   0.45785   0.33340   0.12578   0.00472   0.00421   0.13193   0.56463   0.23049   1.39581   0.12893   1.24021   0.12294   0.32950   0.13953   0.15901   0.44774   0.05390   0.06470   0.35340   0.31638   0.22388   0.24560   0.18174   0.12349   0.52673   0.49042   1.04627   0.11314   0.69415   0.09724   0.56138   0.09512   1.31827   0.14871   0.12001   0.36450   0.39724   0.18518   0.30187   0.07262   0.40892   0.56209   1.92423   2.54737  -1.00521   0.02311  
 89 12.7404 156029.536832  x:  2.30038   0.39670   0.30953   0.39902   0.37094   0.10089   0.67564   0.19208   0.39061   0.43579   0.87608   1.88140   1.29018   0.46335   0.61544   0.60100   0.84563   0.14798   0.38122   0.14621   0.10771   0.47512   0.52716   0.48408   0.63995   0.45168   0.33847   0.12703   0.00408   0.00426   0.13328   0.55933   0.23546   1.39176   0.12752   1.24238   0.12519   0.32567   0.13992   0.15998   0.44566   0.05523   0.06571   0.35352   0.31602   0.22455   0.24600   0.18210   0.12519   0.51703   0.49364   1.04997   0.11443   0.69280   0.09819   0.55530   0.09611   1.31732   0.14675   0.12458   0.36597   0.38237   0.18314   0.30336   0.07250   0.40880   0.56683   1.93423   2.51010  -1.08379   0.02296  
 90 47.4894 156028.822713  x:  2.30190   0.38919   0.31417   0.40103   0.36786   0.09991   0.68138   0.19090   0.39076   0.43140   0.88073   1.87014   1.29059   0.45814   0.63471   0.60572   0.84266   0.14475   0.39393   0.14602   0.10938   0.47232   0.52307   0.48153   0.63565   0.44288   0.34202   0.12796   0.00367   0.00428   0.13449   0.55225   0.23273   1.38837   0.12677   1.24412   0.12502   0.32718   0.14036   0.15978   0.44585   0.05565   0.06650   0.35344   0.31582   0.22467   0.24641   0.18242   0.12536   0.52397   0.48874   1.04986   0.11482   0.69042   0.09830   0.55985   0.09603   1.31524   0.14537   0.12154   0.36948   0.38684   0.18501   0.30410   0.07359   0.40604   0.56365   1.93074   2.48633  -1.13783   0.02282  
 91 47.3222 156028.757756  x:  2.30201   0.39023   0.31417   0.40174   0.36714   0.09968   0.68113   0.19156   0.39083   0.43088   0.88206   1.86906   1.29053   0.45697   0.64103   0.60397   0.84042   0.14492   0.39303   0.14656   0.10931   0.47213   0.52322   0.48147   0.63531   0.44384   0.34101   0.12800   0.00363   0.00429   0.13459   0.55376   0.23280   1.38795   0.12831   1.24421   0.12393   0.32730   0.14027   0.15993   0.44611   0.05572   0.06657   0.35347   0.31581   0.22472   0.24640   0.18242   0.12518   0.52405   0.48888   1.04923   0.11489   0.69058   0.09827   0.55999   0.09591   1.31470   0.14522   0.12341   0.36451   0.38674   0.18423   0.30383   0.07322   0.40858   0.56450   1.93078   2.48441  -1.14295   0.02280  
 92 14.9044 156028.731477  x:  2.30201   0.39191   0.31367   0.40180   0.36717   0.09985   0.68010   0.19145   0.39077   0.43114   0.88323   1.86859   1.29045   0.45606   0.64596   0.60158   0.83822   0.14460   0.39059   0.14659   0.10927   0.47221   0.52372   0.48167   0.63534   0.44546   0.33980   0.12800   0.00361   0.00429   0.13465   0.55577   0.23317   1.38762   0.12770   1.24426   0.12435   0.32711   0.14036   0.15993   0.44592   0.05577   0.06658   0.35344   0.31578   0.22472   0.24639   0.18242   0.12532   0.52311   0.48935   1.04860   0.11487   0.69100   0.09830   0.55948   0.09603   1.31427   0.14519   0.12275   0.36635   0.38660   0.18452   0.30395   0.07336   0.40756   0.56429   1.93154   2.48358  -1.14498   0.02280  
 93  8.5580 156028.727864  x:  2.30191   0.39221   0.31390   0.40076   0.36802   0.09977   0.67952   0.19157   0.39045   0.43149   0.88335   1.86845   1.29045   0.45609   0.64626   0.60113   0.83795   0.14453   0.39034   0.14639   0.10934   0.47229   0.52290   0.48191   0.63625   0.44560   0.34018   0.12800   0.00361   0.00429   0.13463   0.55506   0.23368   1.38753   0.12767   1.24420   0.12431   0.32722   0.14039   0.15989   0.44593   0.05576   0.06659   0.35343   0.31577   0.22471   0.24638   0.18241   0.12529   0.52381   0.48879   1.04851   0.11487   0.69101   0.09829   0.55953   0.09603   1.31420   0.14519   0.12277   0.36628   0.38660   0.18450   0.30394   0.07335   0.40759   0.56424   1.93191   2.48354  -1.14529   0.02280  
 94  0.7529 156028.673893  x:  2.30015   0.39319   0.31241   0.40373   0.36538   0.10016   0.67600   0.19182   0.39110   0.43046   0.88307   1.86614   1.29034   0.45561   0.64655   0.59959   0.83691   0.14435   0.39070   0.14513   0.10903   0.47421   0.52226   0.48244   0.64128   0.44605   0.34286   0.12798   0.00360   0.00429   0.13452   0.54986   0.23308   1.38610   0.12776   1.24341   0.12430   0.32690   0.14029   0.15990   0.44580   0.05574   0.06656   0.35330   0.31570   0.22466   0.24630   0.18237   0.12534   0.52217   0.48971   1.04796   0.11483   0.69080   0.09820   0.55967   0.09592   1.31345   0.14518   0.12268   0.36622   0.38642   0.18445   0.30383   0.07332   0.40743   0.56411   1.93150   2.48334  -1.15016   0.02282  
 95  0.7031 156027.810075  x:  2.27094   0.39318   0.31671   0.39477   0.36802   0.09801   0.67043   0.19050   0.38887   0.42787   0.87046   1.82854   1.28911   0.45317   0.64329   0.59730   0.83030   0.14376   0.39043   0.14387   0.10877   0.45985   0.52939   0.47936   0.63562   0.44440   0.34077   0.12690   0.00338   0.00438   0.13333   0.54694   0.22660   1.36294   0.12795   1.23074   0.12354   0.32390   0.13907   0.15931   0.44345   0.05538   0.06616   0.35077   0.31427   0.22334   0.24462   0.18128   0.12471   0.51657   0.48827   1.04158   0.11414   0.68812   0.09768   0.55508   0.09453   1.30236   0.14506   0.12145   0.36324   0.38337   0.18380   0.30156   0.07256   0.40507   0.56014   1.92556   2.48195  -1.23092   0.02308  
 96  5.8269 156027.564764  x:  2.26263   0.39087   0.30965   0.39776   0.36548   0.09991   0.67271   0.19003   0.38719   0.42851   0.86549   1.81800   1.28887   0.45419   0.64163   0.59616   0.82797   0.14362   0.38919   0.14483   0.10931   0.46610   0.52060   0.47591   0.62948   0.44281   0.33815   0.12647   0.00331   0.00441   0.13292   0.55057   0.23095   1.35634   0.12720   1.22699   0.12312   0.32380   0.13906   0.15887   0.44290   0.05520   0.06597   0.35005   0.31372   0.22299   0.24407   0.18089   0.12419   0.51966   0.48465   1.03972   0.11400   0.68612   0.09754   0.55594   0.09403   1.29913   0.14508   0.12100   0.36261   0.38245   0.18361   0.30099   0.07225   0.40438   0.55867   1.92965   2.48149  -1.25342   0.02316  
 97 30.9510 156027.559737  x:  2.26243   0.39066   0.31079   0.39756   0.36549   0.09957   0.67352   0.18989   0.38748   0.42814   0.86530   1.81779   1.28884   0.45412   0.64151   0.59589   0.82778   0.14360   0.38923   0.14463   0.10927   0.46700   0.51913   0.47718   0.62924   0.44296   0.33796   0.12646   0.00331   0.00441   0.13291   0.55080   0.23083   1.35619   0.12719   1.22692   0.12311   0.32375   0.13901   0.15891   0.44286   0.05521   0.06597   0.35002   0.31371   0.22298   0.24405   0.18088   0.12423   0.51870   0.48531   1.03969   0.11400   0.68588   0.09753   0.55595   0.09401   1.29906   0.14509   0.12099   0.36258   0.38243   0.18360   0.30097   0.07223   0.40434   0.55867   1.92964   2.48158  -1.25394   0.02316  
 98  3.4092 156027.559147  x:  2.26235   0.39048   0.31059   0.39756   0.36550   0.09961   0.67424   0.18980   0.38740   0.42820   0.86521   1.81778   1.28881   0.45401   0.64144   0.59560   0.82766   0.14363   0.38911   0.14452   0.10919   0.46706   0.51934   0.47749   0.62953   0.44311   0.33796   0.12645   0.00331   0.00441   0.13290   0.55074   0.23052   1.35619   0.12722   1.22691   0.12311   0.32373   0.13901   0.15889   0.44284   0.05520   0.06596   0.35001   0.31370   0.22297   0.24404   0.18087   0.12422   0.51889   0.48513   1.03969   0.11400   0.68579   0.09754   0.55579   0.09403   1.29906   0.14510   0.12098   0.36256   0.38242   0.18359   0.30095   0.07223   0.40433   0.55864   1.92966   2.48174  -1.25403   0.02316  
 99  0.3811 156027.552825  x:  2.26128   0.39008   0.31109   0.39765   0.36531   0.09941   0.67588   0.18956   0.38751   0.42802   0.86486   1.81784   1.28836   0.45422   0.64118   0.59481   0.82741   0.14355   0.38845   0.14460   0.10942   0.46621   0.51916   0.47570   0.63060   0.44335   0.33801   0.12638   0.00331   0.00441   0.13283   0.55041   0.23160   1.35615   0.12709   1.22669   0.12309   0.32376   0.13896   0.15888   0.44280   0.05517   0.06592   0.34995   0.31366   0.22292   0.24399   0.18083   0.12419   0.51831   0.48549   1.03946   0.11398   0.68543   0.09751   0.55608   0.09398   1.29890   0.14516   0.12098   0.36254   0.38239   0.18352   0.30092   0.07220   0.40426   0.55861   1.92947   2.48325  -1.25414   0.02316  
100  0.2453 156027.408379  x:  2.23658   0.39055   0.30930   0.39667   0.36444   0.09915   0.67086   0.18954   0.38721   0.42736   0.86142   1.81883   1.27694   0.45273   0.63784   0.59431   0.82746   0.14285   0.38771   0.14459   0.10870   0.46655   0.51820   0.47579   0.62798   0.44210   0.33740   0.12488   0.00336   0.00442   0.13153   0.54979   0.23109   1.35428   0.12692   1.22095   0.12313   0.32337   0.13860   0.15850   0.44175   0.05423   0.06510   0.34911   0.31281   0.22200   0.24320   0.18001   0.12340   0.51767   0.48496   1.03300   0.11363   0.68345   0.09711   0.55389   0.09415   1.29448   0.14655   0.12092   0.36223   0.38206   0.18242   0.30008   0.07170   0.40319   0.55769   1.92611   2.51653  -1.25461   0.02311  
101  1.9065 156027.408241  x:  2.23656   0.39055   0.30946   0.39678   0.36433   0.09911   0.67084   0.18953   0.38696   0.42766   0.86142   1.81883   1.27693   0.45272   0.63784   0.59431   0.82746   0.14286   0.38771   0.14459   0.10870   0.46655   0.51818   0.47577   0.62797   0.44210   0.33740   0.12488   0.00336   0.00442   0.13153   0.54979   0.23104   1.35428   0.12693   1.22095   0.12313   0.32337   0.13860   0.15850   0.44175   0.05423   0.06510   0.34911   0.31281   0.22200   0.24320   0.18001   0.12340   0.51767   0.48497   1.03300   0.11363   0.68345   0.09711   0.55386   0.09415   1.29447   0.14655   0.12092   0.36223   0.38206   0.18241   0.30008   0.07170   0.40319   0.55769   1.92609   2.51654  -1.25462   0.02311  
102  0.5569 156027.393314  x:  2.22871   0.39002   0.30955   0.39672   0.36433   0.09900   0.67098   0.18951   0.38690   0.42758   0.86214   1.82389   1.27329   0.45182   0.63732   0.59452   0.82666   0.14289   0.38743   0.14451   0.10858   0.46670   0.51831   0.47591   0.62853   0.44154   0.33712   0.12538   0.00339   0.00440   0.13201   0.54993   0.23133   1.35622   0.12683   1.21996   0.12317   0.32341   0.13867   0.15844   0.44177   0.05445   0.06528   0.34926   0.31285   0.22209   0.24335   0.18018   0.12344   0.51785   0.48478   1.03258   0.11357   0.68384   0.09716   0.55373   0.09459   1.29301   0.14595   0.12111   0.36228   0.38211   0.18250   0.30020   0.07187   0.40330   0.55795   1.92574   2.50748  -1.26704   0.02312  
103  0.0187 156027.392885  x:  2.22762   0.38977   0.30956   0.39667   0.36435   0.09904   0.67088   0.18949   0.38687   0.42743   0.86242   1.82346   1.27279   0.45186   0.63730   0.59444   0.82638   0.14296   0.38748   0.14450   0.10863   0.46652   0.51830   0.47588   0.62838   0.44144   0.33714   0.12534   0.00340   0.00439   0.13197   0.54984   0.23129   1.35602   0.12683   1.21960   0.12317   0.32336   0.13867   0.15844   0.44172   0.05444   0.06528   0.34921   0.31279   0.22208   0.24333   0.18014   0.12348   0.51777   0.48473   1.03281   0.11360   0.68387   0.09715   0.55378   0.09446   1.29280   0.14584   0.12103   0.36219   0.38202   0.18249   0.30021   0.07185   0.40320   0.55790   1.92595   2.50557  -1.26971   0.02312  
104  0.0030 156027.392780  x:  2.22763   0.38981   0.30956   0.39669   0.36435   0.09906   0.67090   0.18950   0.38690   0.42744   0.86239   1.82333   1.27280   0.45189   0.63729   0.59446   0.82640   0.14295   0.38747   0.14450   0.10863   0.46654   0.51830   0.47589   0.62838   0.44146   0.33716   0.12534   0.00341   0.00437   0.13198   0.54985   0.23129   1.35592   0.12682   1.21963   0.12317   0.32337   0.13867   0.15845   0.44175   0.05444   0.06528   0.34923   0.31282   0.22210   0.24334   0.18016   0.12349   0.51779   0.48475   1.03278   0.11360   0.68386   0.09714   0.55379   0.09444   1.29280   0.14591   0.12104   0.36221   0.38205   0.18251   0.30022   0.07185   0.40323   0.55791   1.92592   2.50706  -1.26793   0.02312  
105  0.0011 156027.392764  x:  2.22773   0.38981   0.30956   0.39668   0.36434   0.09904   0.67089   0.18950   0.38688   0.42744   0.86238   1.82337   1.27284   0.45186   0.63729   0.59445   0.82642   0.14295   0.38747   0.14450   0.10862   0.46655   0.51830   0.47588   0.62839   0.44145   0.33715   0.12534   0.00341   0.00437   0.13197   0.54985   0.23130   1.35597   0.12682   1.21967   0.12317   0.32337   0.13867   0.15844   0.44173   0.05444   0.06528   0.34922   0.31281   0.22208   0.24334   0.18015   0.12348   0.51779   0.48474   1.03278   0.11360   0.68386   0.09715   0.55377   0.09447   1.29281   0.14587   0.12105   0.36220   0.38204   0.18250   0.30021   0.07185   0.40322   0.55791   1.92591   2.50628  -1.26884   0.02312  
106  0.0009 156027.392764  x:  2.22775   0.38981   0.30956   0.39668   0.36434   0.09904   0.67089   0.18950   0.38688   0.42744   0.86238   1.82340   1.27286   0.45187   0.63730   0.59445   0.82641   0.14295   0.38747   0.14450   0.10862   0.46654   0.51830   0.47588   0.62839   0.44146   0.33715   0.12534   0.00341   0.00437   0.13197   0.54985   0.23129   1.35598   0.12682   1.21966   0.12316   0.32337   0.13867   0.15844   0.44173   0.05444   0.06528   0.34922   0.31281   0.22208   0.24334   0.18015   0.12348   0.51778   0.48474   1.03277   0.11360   0.68386   0.09715   0.55377   0.09447   1.29282   0.14588   0.12104   0.36220   0.38204   0.18250   0.30021   0.07185   0.40322   0.55790   1.92592   2.50634  -1.26882   0.02312  
107  0.0001 156027.392764  x:  2.22776   0.38981   0.30956   0.39668   0.36434   0.09904   0.67089   0.18950   0.38688   0.42744   0.86238   1.82340   1.27286   0.45187   0.63729   0.59445   0.82641   0.14295   0.38747   0.14450   0.10862   0.46654   0.51830   0.47588   0.62839   0.44146   0.33715   0.12534   0.00341   0.00437   0.13197   0.54985   0.23129   1.35598   0.12682   1.21966   0.12317   0.32337   0.13867   0.15844   0.44173   0.05444   0.06528   0.34922   0.31281   0.22208   0.24334   0.18015   0.12348   0.51778   0.48474   1.03277   0.11360   0.68386   0.09715   0.55377   0.09446   1.29282   0.14588   0.12104   0.36220   0.38204   0.18250   0.30021   0.07185   0.40322   0.55790   1.92592   2.50634  -1.26882   0.02312  
108  0.0000 156027.392764  x:  2.22776   0.38981   0.30956   0.39668   0.36434   0.09904   0.67089   0.18950   0.38688   0.42744   0.86238   1.82340   1.27286   0.45187   0.63729   0.59445   0.82641   0.14295   0.38747   0.14450   0.10862   0.46654   0.51830   0.47588   0.62839   0.44146   0.33715   0.12534   0.00341   0.00437   0.13197   0.54985   0.23129   1.35598   0.12682   1.21966   0.12317   0.32337   0.13867   0.15844   0.44173   0.05444   0.06528   0.34922   0.31281   0.22208   0.24334   0.18015   0.12348   0.51778   0.48474   1.03277   0.11360   0.68386   0.09715   0.55377   0.09446   1.29282   0.14588   0.12104   0.36220   0.38204   0.18250   0.30021   0.07185   0.40322   0.55790   1.92592   2.50634  -1.26882   0.02312  