

TREE # 1

  0  0.0000 175075.652921  x:  1.93008   0.38762   0.31616   0.40622   0.36157   0.10063   0.76570   0.18691   0.50595   0.41567   0.82710   1.65034   1.15308   0.44253   0.60335   0.59829   0.79141   0.14567   0.39396   0.13702   0.12211   0.45131   0.53418   0.46895   0.61484   0.44119   0.34474   0.13164   0.00343   0.00448   0.13101   0.52479   0.22332   1.26404   0.13132   1.18031   0.13010   0.34248   0.14101   0.16779   0.44159   0.05445   0.06636   0.35148   0.30752   0.22266   0.24627   0.18051   0.11955   0.50518   0.53216   1.01344   0.12459   0.66048   0.09885   0.53839   0.08353   1.24556   0.25896   0.11185   0.36294   0.37832   0.17904   0.29025   0.07521   0.39852   0.54566   2.00000   1.32667   0.05083   0.23891   3.46492  
  1 99.0000 158133.995984  x:  1.92866   0.38587   0.31476   0.40513   0.36071   0.09915   0.76417   0.18559   0.50449   0.41464   0.82565   1.64896   1.15149   0.44102   0.60186   0.59693   0.79002   0.14397   0.39247   0.13595   0.12087   0.45018   0.53300   0.46783   0.61376   0.43969   0.34367   0.13181   0.00552   0.00549   0.13111   0.52380   0.22141   1.26272   0.12951   1.17904   0.12846   0.34122   0.13999   0.16733   0.44124   0.05470   0.06690   0.35148   0.30762   0.22271   0.24654   0.18102   0.11937   0.50478   0.53135   1.01244   0.12332   0.65971   0.09800   0.53774   0.08274   1.24446   0.25805   0.11191   0.36240   0.37789   0.17880   0.29055   0.07566   0.39874   0.54573   2.00427   1.32220   0.05552   0.03356   3.46494  
  2 83451.1654 157894.263108  x:  1.92990   0.38738   0.31774   0.40973   0.36653   0.10218   0.76568   0.18907   0.50590   0.41940   0.82791   1.65055   1.15261   0.43513   0.60363   0.59987   0.79269   0.14471   0.39435   0.14030   0.12434   0.45462   0.53718   0.47182   0.61816   0.44151   0.34768   0.14283   0.00684   0.00798   0.14215   0.52883   0.22110   1.26495   0.13089   1.18157   0.13092   0.34350   0.14380   0.17351   0.44887   0.06536   0.07880   0.36138   0.31807   0.23305   0.25791   0.19386   0.12824   0.51243   0.53602   1.01648   0.12620   0.66477   0.10321   0.54340   0.08852   1.24774   0.26193   0.12096   0.36940   0.38544   0.18739   0.30163   0.08807   0.40934   0.55550   2.00397   1.37721   0.00265   0.02531   3.46481  
  3 4737.7457 157838.497860  x:  1.92476   0.38072   0.31313   0.40725   0.36567   0.09702   0.75978   0.18490   0.49996   0.41728   0.82298   1.64582   1.14662   0.42467   0.59825   0.59564   0.78824   0.13769   0.38886   0.13774   0.12042   0.45205   0.53418   0.46895   0.61581   0.43599   0.34510   0.14639   0.00554   0.00000   0.14550   0.52722   0.21256   1.26070   0.12374   1.17764   0.12503   0.33898   0.14083   0.17360   0.45086   0.06898   0.08414   0.36576   0.32303   0.23717   0.26356   0.20066   0.13115   0.51453   0.53473   1.01445   0.12179   0.66420   0.10142   0.54335   0.08741   1.24491   0.25950   0.12473   0.37033   0.38712   0.18962   0.30769   0.09411   0.41524   0.56063   2.02184   1.38826  -0.00622   0.02551   3.46483  
  4 2162.1184 157499.575256  x:  1.87618   0.31792   0.26951   0.38348   0.35699   0.04824   0.70400   0.14536   0.44384   0.39691   0.77626   1.60106   1.09006   0.32669   0.54741   0.55549   0.74602   0.07149   0.33702   0.11327   0.08321   0.42743   0.50553   0.44152   0.59326   0.38385   0.32037   0.17883   0.00120   0.00287   0.17588   0.51159   0.13213   1.22041   0.05636   1.14041   0.06935   0.29615   0.11250   0.17388   0.46881   0.10188   0.13308   0.40594   0.36856   0.27488   0.31548   0.26332   0.15763   0.53358   0.52215   0.99496   0.08001   0.65829   0.08408   0.54229   0.07638   1.21790   0.23622   0.15926   0.37839   0.40225   0.20973   0.36363   0.14960   0.46965   0.60791   2.19009   1.48695  -0.08444   0.02852   3.46499  
  5 48149.5944 157489.492498  x:  1.87363   0.31473   0.26745   0.38231   0.35660   0.04630   0.70113   0.14360   0.44098   0.39595   0.77388   1.59872   1.08711   0.32154   0.54485   0.55346   0.74385   0.06844   0.33446   0.11222   0.08157   0.42625   0.50412   0.44021   0.59217   0.38126   0.31915   0.17995   0.00784   0.00230   0.17691   0.51084   0.12821   1.21835   0.05348   1.13851   0.06703   0.29406   0.11116   0.17375   0.46961   0.10305   0.13493   0.40774   0.37059   0.27642   0.31769   0.26593   0.15884   0.53451   0.52147   0.99396   0.07829   0.65803   0.08341   0.54225   0.07590   1.21650   0.23503   0.16074   0.37871   0.40293   0.21052   0.36615   0.15188   0.47220   0.61017   2.19848   1.49202  -0.08846   0.02872   3.46500  
  6 13725.3621 157285.823185  x:  1.80710   0.24949   0.25363   0.36560   0.35895   0.09923   0.63730   0.15143   0.38132   0.39084   0.72503   1.53974   1.01325   0.18401   0.49617   0.51353   0.69637   0.05856   0.29503   0.12372   0.09151   0.41495   0.48220   0.42780   0.57916   0.33709   0.30017   0.11677   0.00736   0.00227   0.11445   0.50308   0.07758   1.17495   0.08936   1.09816   0.10836   0.26713   0.10186   0.14716   0.47061   0.04629   0.07024   0.40838   0.36825   0.24716   0.29326   0.22836   0.16421   0.54886   0.50227   0.97363   0.11220   0.66016   0.10651   0.54583   0.08063   1.18387   0.21012   0.14806   0.37274   0.40515   0.19120   0.36657   0.11103   0.49096   0.63569   2.34634   1.61994  -0.19036   0.02838   3.46478  
  7 1497.2956 157228.275300  x:  1.76693   0.22476   0.24924   0.35715   0.35764   0.10356   0.60463   0.15828   0.35880   0.39101   0.70376   1.50496   0.97127   0.13341   0.47819   0.49761   0.67356   0.09821   0.28875   0.12983   0.09659   0.41079   0.47195   0.42340   0.57308   0.32760   0.29678   0.15477   0.00735   0.00216   0.15632   0.50057   0.09458   1.15023   0.10538   1.07360   0.11799   0.25971   0.11034   0.14195   0.46679   0.05603   0.05501   0.39484   0.35305   0.23277   0.26658   0.19700   0.15565   0.54641   0.48630   0.96196   0.10665   0.65620   0.09739   0.53979   0.07860   1.16409   0.19988   0.13072   0.36221   0.39622   0.17396   0.34661   0.07049   0.47903   0.63022   2.39672   1.66992  -0.23049   0.02847   3.46527  
  8 1207.9872 157192.325744  x:  1.71573   0.21455   0.24924   0.35000   0.35419   0.08817   0.57283   0.16553   0.34824   0.39415   0.68846   1.46193   0.92069   0.13898   0.46567   0.48804   0.65331   0.13262   0.29246   0.13085   0.09659   0.40779   0.46327   0.41938   0.56592   0.32879   0.29594   0.12678   0.00727   0.00218   0.13047   0.49825   0.13931   1.12035   0.10579   1.04312   0.10931   0.25819   0.12243   0.14578   0.45667   0.08183   0.08647   0.37533   0.33326   0.23375   0.25217   0.19020   0.14147   0.53488   0.46650   0.94758   0.08735   0.64813   0.08051   0.52804   0.08060   1.13997   0.20099   0.12165   0.35084   0.38236   0.17012   0.32266   0.05500   0.45432   0.61097   2.41943   1.71600  -0.27061   0.02844   3.46717  
  9 735.2717 157163.102563  x:  1.64581   0.22200   0.25670   0.34429   0.34770   0.07667   0.54415   0.17246   0.34808   0.39625   0.67961   1.40497   0.85519   0.16066   0.45576   0.48466   0.63528   0.13440   0.29881   0.12591   0.09342   0.40473   0.45584   0.41431   0.55537   0.33414   0.29555   0.13016   0.00717   0.00215   0.13194   0.49367   0.17301   1.08156   0.09275   1.00519   0.09588   0.26179   0.12260   0.13993   0.43252   0.05031   0.07205   0.34608   0.30340   0.22307   0.25232   0.19896   0.12700   0.51445   0.44683   0.92689   0.09113   0.63693   0.08691   0.51271   0.08547   1.10830   0.21083   0.12600   0.34161   0.36669   0.18246   0.30571   0.09130   0.42351   0.58026   2.41179   1.75837  -0.30833   0.02843   3.47050  
 10 652.0741 157138.150719  x:  1.54971   0.24882   0.26845   0.34237   0.33858   0.09265   0.53080   0.17276   0.35576   0.39020   0.67925   1.33069   0.77388   0.15518   0.45071   0.49028   0.62391   0.08973   0.30335   0.11975   0.09324   0.40175   0.45203   0.40973   0.54277   0.33827   0.29180   0.13489   0.00708   0.00212   0.13377   0.48384   0.16721   1.03454   0.08311   0.96305   0.10081   0.26749   0.11445   0.15387   0.41713   0.07223   0.07557   0.34228   0.30676   0.22546   0.25172   0.19266   0.14171   0.49366   0.43971   0.90027   0.11134   0.61929   0.09825   0.49331   0.07114   1.06778   0.20964   0.12386   0.33541   0.35465   0.17952   0.29080   0.09019   0.38942   0.53930   2.35159   1.78907  -0.33364   0.02863   3.47546  
 11 511.1264 157119.518832  x:  1.45233   0.26345   0.25899   0.34343   0.33365   0.07701   0.53402   0.15962   0.35772   0.37925   0.67743   1.26150   0.70635   0.14816   0.45564   0.49840   0.62066   0.08849   0.30788   0.12193   0.09311   0.39904   0.45154   0.40792   0.53733   0.34124   0.28963   0.13033   0.00696   0.00208   0.13305   0.47577   0.15103   0.99668   0.09613   0.93090   0.10619   0.26364   0.10553   0.14314   0.41210   0.05720   0.06842   0.35785   0.32204   0.22460   0.24834   0.18485   0.14385   0.48415   0.44434   0.87800   0.08269   0.60105   0.07699   0.48382   0.07659   1.03504   0.20741   0.12273   0.33826   0.35823   0.17410   0.30309   0.08026   0.39725   0.52982   2.26451   1.81087  -0.35125   0.02857   3.48119  
 12 482.3872 157111.120148  x:  1.38936   0.25591   0.24796   0.34179   0.33222   0.07463   0.54029   0.15701   0.35168   0.37356   0.67020   1.22217   0.67700   0.15066   0.45722   0.49674   0.61819   0.10724   0.30294   0.12006   0.08805   0.39419   0.44859   0.40387   0.53552   0.33548   0.28730   0.12981   0.00701   0.00210   0.13250   0.47156   0.14268   0.97827   0.10067   0.91723   0.10716   0.26066   0.11489   0.13969   0.42004   0.06698   0.06890   0.35635   0.31743   0.22429   0.24904   0.19308   0.13749   0.48623   0.44704   0.86899   0.09535   0.59770   0.09503   0.48824   0.08562   1.01976   0.20446   0.11983   0.33730   0.36162   0.17123   0.31190   0.08130   0.41678   0.54316   2.21223   1.81298  -0.35146   0.02875   3.48559  
 13 378.0997 157107.408682  x:  1.34960   0.24315   0.24816   0.34195   0.33605   0.08899   0.54608   0.16495   0.34979   0.37780   0.66465   1.20378   0.67469   0.15377   0.45428   0.49138   0.61769   0.10735   0.29523   0.12027   0.09200   0.39333   0.44871   0.40311   0.53776   0.32752   0.28755   0.13188   0.00699   0.00210   0.13259   0.47354   0.14384   0.97345   0.09303   0.91627   0.10071   0.25729   0.11744   0.14417   0.42576   0.06077   0.07408   0.35041   0.31059   0.22357   0.25041   0.19421   0.13638   0.49483   0.44836   0.86906   0.09411   0.60019   0.08659   0.49345   0.07510   1.01734   0.20057   0.12327   0.33765   0.36380   0.17366   0.30868   0.07895   0.42276   0.55715   2.18589   1.81391  -0.35136   0.02879   3.48932  
 14 197.8108 157104.564319  x:  1.30579   0.22917   0.24729   0.34066   0.33974   0.07824   0.54635   0.16138   0.34961   0.38418   0.66144   1.19082   0.68901   0.15208   0.44880   0.48437   0.61865   0.09563   0.28930   0.11951   0.09114   0.39405   0.44918   0.40334   0.54209   0.32101   0.28855   0.13139   0.00695   0.00208   0.13378   0.47896   0.15186   0.97627   0.09206   0.92416   0.10428   0.25625   0.11199   0.14602   0.42825   0.06163   0.07232   0.34918   0.31238   0.22360   0.24983   0.18883   0.13619   0.50340   0.44644   0.87389   0.09334   0.60820   0.08781   0.50182   0.07937   1.02307   0.20587   0.12333   0.33621   0.36206   0.17784   0.30102   0.07857   0.41505   0.56489   2.16900   1.81540  -0.35132   0.02879   3.49477  
 15 128.1236 157101.789403  x:  1.25364   0.22710   0.25311   0.33812   0.33866   0.08294   0.54255   0.15760   0.34847   0.38401   0.66534   1.18057   0.71499   0.14671   0.44490   0.47980   0.62002   0.10172   0.29293   0.11873   0.08660   0.39449   0.44841   0.40415   0.54602   0.32279   0.28672   0.13140   0.00699   0.00209   0.13229   0.48264   0.15332   0.98395   0.09513   0.93650   0.10499   0.25887   0.11180   0.14024   0.42354   0.06319   0.06951   0.35499   0.31957   0.22575   0.25359   0.19800   0.13479   0.50390   0.44204   0.88151   0.09210   0.61445   0.08588   0.50218   0.07296   1.03285   0.20305   0.11728   0.33519   0.35889   0.17416   0.30362   0.08533   0.40546   0.56260   2.16482   1.81636  -0.34981   0.02881   3.50324  
 16 117.2757 157098.953010  x:  1.20146   0.23390   0.25450   0.33772   0.33589   0.08487   0.53846   0.15950   0.34837   0.37988   0.67296   1.17302   0.74277   0.14960   0.44374   0.48002   0.62164   0.10739   0.29807   0.11858   0.09069   0.39526   0.44839   0.40553   0.54695   0.32729   0.28345   0.13119   0.00696   0.00209   0.13236   0.48254   0.14513   0.99218   0.09109   0.94764   0.09760   0.26000   0.11565   0.14263   0.42034   0.06262   0.07200   0.35675   0.31931   0.22374   0.24683   0.18990   0.13959   0.49987   0.44146   0.88811   0.09260   0.61620   0.08882   0.49857   0.07951   1.04318   0.20345   0.12601   0.33938   0.36206   0.17562   0.31076   0.08408   0.40581   0.55624   2.17162   1.81774  -0.34847   0.02883   3.51438  
 17 156.3297 157096.529178  x:  1.16639   0.24262   0.24936   0.34193   0.33633   0.07839   0.53862   0.16539   0.35184   0.37855   0.67974   1.17094   0.76166   0.15740   0.44772   0.48601   0.62407   0.10282   0.29902   0.11851   0.09281   0.39607   0.44910   0.40609   0.54437   0.33032   0.28430   0.13116   0.00697   0.00209   0.13416   0.48034   0.14050   0.99901   0.09511   0.95391   0.10194   0.25816   0.11258   0.14563   0.42344   0.06200   0.07081   0.35089   0.31020   0.22435   0.25324   0.19497   0.13936   0.49511   0.44524   0.88987   0.09467   0.61200   0.08722   0.49331   0.07807   1.04886   0.20162   0.12346   0.33928   0.36368   0.17202   0.30905   0.07464   0.41646   0.55254   2.18291   1.82095  -0.34897   0.02882   3.52639  
 18 122.1283 157093.563897  x:  1.14546   0.24964   0.24687   0.34706   0.33885   0.08320   0.54510   0.16756   0.35614   0.38113   0.68463   1.17511   0.77236   0.15314   0.45764   0.49627   0.62705   0.09831   0.29720   0.12000   0.08741   0.39666   0.45020   0.40573   0.53982   0.33207   0.29116   0.13264   0.00700   0.00210   0.13327   0.47740   0.14393   1.00445   0.09708   0.95397   0.10620   0.25705   0.11002   0.14332   0.42915   0.06464   0.07618   0.34803   0.30985   0.22381   0.24738   0.18636   0.13083   0.49157   0.45134   0.88660   0.09158   0.60374   0.08754   0.49118   0.07670   1.04980   0.20469   0.11682   0.33511   0.36219   0.17480   0.30371   0.08699   0.42883   0.55381   2.19231   1.82334  -0.34678   0.02884   3.54436  
 19 78.9597 157082.608379  x:  1.11530   0.25513   0.24510   0.35063   0.34193   0.08962   0.56808   0.15279   0.35873   0.38894   0.69080   1.20044   0.78585   0.13359   0.48941   0.52241   0.63269   0.10304   0.29350   0.13002   0.08869   0.40069   0.45689   0.40828   0.53068   0.33427   0.31048   0.13116   0.00697   0.00211   0.13051   0.46920   0.16252   1.01666   0.08362   0.94157   0.09710   0.26523   0.12451   0.14491   0.43816   0.05890   0.06777   0.35323   0.32602   0.22417   0.25159   0.20090   0.12965   0.49410   0.46893   0.87186   0.09195   0.58381   0.09475   0.49629   0.08042   1.04395   0.21724   0.12403   0.33180   0.36295   0.18822   0.28159   0.07652   0.42822   0.55659   2.20747   1.82952  -0.33550   0.02884   3.61568  
 20 117.3040 157044.290818  x:  1.07846   0.23746   0.25702   0.33916   0.34185   0.08227   0.61715   0.13889   0.34594   0.40117   0.69343   1.29549   0.79581   0.17506   0.55212   0.55827   0.63526   0.10785   0.29490   0.13719   0.10977   0.41104   0.47225   0.41804   0.52576   0.33270   0.32767   0.12631   0.00721   0.00220   0.14234   0.45538   0.19365   1.05242   0.10741   0.90292   0.11164   0.28345   0.12451   0.15115   0.43776   0.05963   0.06057   0.37639   0.34521   0.22835   0.24965   0.18541   0.15759   0.52073   0.48453   0.83227   0.12209   0.56686   0.08373   0.52144   0.05545   1.01874   0.20825   0.12943   0.34682   0.37177   0.18926   0.31960   0.09020   0.39443   0.58117   2.22740   1.85929  -0.30416   0.02897   3.88646  
 21 268.5532 156937.597989  x:  1.06308   0.22469   0.31743   0.34129   0.35863   0.10614   0.70026   0.20524   0.35380   0.42445   0.71740   1.54579   0.80218   0.17990   0.64190   0.59129   0.64126   0.08090   0.33415   0.12112   0.09539   0.42730   0.49229   0.43596   0.55450   0.34821   0.32920   0.14807   0.00712   0.00226   0.13836   0.46596   0.17187   1.13750   0.10378   0.84485   0.10645   0.29675   0.09688   0.13290   0.41308   0.06892   0.07718   0.38289   0.31254   0.24142   0.27047   0.19938   0.14347   0.55391   0.46326   0.78597   0.08133   0.60581   0.09565   0.58537   0.14465   0.98868   0.21644   0.09934   0.37695   0.37927   0.14272   0.37976   0.06636   0.33386   0.61596   2.17850   1.95967  -0.23013   0.02880   4.64554  
 22 909.2699 156713.691890  x:  1.12714   0.25371   0.35528   0.37183   0.38109   0.03376   0.73977   0.21002   0.38844   0.42760   0.78202   1.97144   0.79828   0.10192   0.70659   0.57996   0.65989   0.07426   0.41183   0.10467   0.06426   0.44787   0.50209   0.46412   0.63744   0.39589   0.30236   0.12973   0.00665   0.00236   0.13046   0.53500   0.10845   1.27221   0.08916   0.84090   0.13760   0.32809   0.17728   0.19140   0.40081   0.10332   0.03835   0.34544   0.26969   0.21868   0.25788   0.20083   0.12034   0.56203   0.40688   0.82658   0.08061   0.71881   0.04833   0.61026   0.09279   0.98673   0.20441   0.13697   0.39991   0.38112   0.17474   0.36034   0.09540   0.38783   0.61964   1.98046   2.17039  -0.10261   0.02784   6.12226  
 23 1973.1879 156517.211617  x:  1.22134   0.28733   0.33801   0.39563   0.38143   0.05453   0.71374   0.16179   0.40972   0.40882   0.83360   2.30872   0.78267   0.14551   0.70165   0.53588   0.68211   0.08313   0.44208   0.10661   0.08596   0.45849   0.49773   0.47727   0.70080   0.41838   0.27531   0.13751   0.00670   0.00252   0.16302   0.59788   0.10065   1.36571   0.10837   0.89579   0.16520   0.32010   0.17387   0.18673   0.41254   0.02421   0.12919   0.36522   0.34338   0.23057   0.25765   0.20177   0.10137   0.55094   0.39973   0.90172   0.08254   0.80988   0.11447   0.59667   0.05134   1.02208   0.22409   0.14022   0.38094   0.37340   0.19856   0.28228   0.06779   0.46806   0.59822   1.80278   2.36243   0.01454   0.02738   7.50144  
 24 4115.2863 156392.056200  x:  1.31571   0.32311   0.30035   0.40663   0.36774   0.13052   0.67090   0.14420   0.42934   0.40374   0.86249   2.45608   0.76884   0.19282   0.65203   0.50874   0.72196   0.10254   0.42079   0.11696   0.12306   0.46254   0.49681   0.47592   0.71849   0.41517   0.28192   0.14209   0.00674   0.00263   0.15491   0.62704   0.15567   1.38885   0.11045   0.98513   0.13555   0.29685   0.12058   0.16443   0.47278   0.08649   0.04550   0.37199   0.36887   0.23389   0.27670   0.20322   0.14737   0.54726   0.47819   0.97977   0.06936   0.82606   0.09000   0.56030   0.09375   1.08883   0.25972   0.13078   0.35961   0.38542   0.21046   0.27725   0.08564   0.50394   0.57931   1.69072   2.47691   0.08717   0.02709   8.39789  
 25 2544.9782 156314.137086  x:  1.41420   0.35850   0.26867   0.41899   0.37095   0.10168   0.66440   0.18886   0.46077   0.43612   0.87847   2.44558   0.76680   0.14880   0.59799   0.53553   0.79449   0.11598   0.37789   0.11996   0.08917   0.46756   0.51232   0.47026   0.70271   0.40559   0.32719   0.15247   0.00660   0.00268   0.14146   0.62611   0.20111   1.35775   0.09592   1.10009   0.10577   0.31807   0.12364   0.14414   0.49481   0.05346   0.07415   0.39569   0.35753   0.25104   0.26659   0.20016   0.14470   0.54459   0.55723   1.05654   0.14735   0.78252   0.05829   0.54222   0.10244   1.17384   0.26277   0.11064   0.37255   0.41827   0.18713   0.34135   0.07710   0.45234   0.58132   1.62898   2.53368   0.12298   0.02678   8.94590  
 26 1113.4433 156263.573875  x:  1.50673   0.38205   0.29183   0.42780   0.38892   0.08552   0.69341   0.21068   0.46730   0.45251   0.88646   2.34289   0.77357   0.13593   0.56604   0.57976   0.86418   0.12033   0.35828   0.13827   0.10207   0.48148   0.54219   0.48464   0.68788   0.40129   0.34949   0.13711   0.00663   0.00273   0.15283   0.60550   0.20972   1.30480   0.11679   1.20288   0.11183   0.33167   0.13598   0.17634   0.48556   0.06074   0.06645   0.39857   0.34433   0.24454   0.27286   0.20422   0.11798   0.55180   0.57359   1.11114   0.08394   0.72691   0.13075   0.56259   0.06706   1.24750   0.24431   0.12682   0.40620   0.43505   0.17599   0.37027   0.08606   0.40855   0.61340   1.62282   2.54933   0.13960   0.02676   9.30007  
 27 783.3116 156215.197263  x:  1.62978   0.39672   0.36255   0.42815   0.40794   0.09380   0.76508   0.18636   0.45088   0.45031   0.89408   2.12792   0.80293   0.16566   0.57345   0.63476   0.93634   0.12488   0.38761   0.14061   0.09723   0.49638   0.57269   0.51015   0.68658   0.41960   0.34854   0.15200   0.00681   0.00281   0.15302   0.58196   0.17755   1.23322   0.12982   1.30565   0.14454   0.35668   0.14601   0.19780   0.45444   0.06693   0.07221   0.39669   0.36100   0.24246   0.28037   0.21322   0.11104   0.58071   0.52646   1.15008   0.10440   0.68760   0.08265   0.62412   0.11434   1.32618   0.25014   0.12686   0.41949   0.41362   0.19106   0.33260   0.08978   0.41927   0.66014   1.65939   2.54059   0.13820   0.02693   9.64142  
 28 593.7402 156188.462781  x:  1.72338   0.39718   0.38026   0.42576   0.40255   0.07734   0.82871   0.18114   0.45602   0.45973   0.90353   1.94463   0.85616   0.16632   0.62822   0.65585   0.96178   0.12966   0.43647   0.12802   0.09190   0.50319   0.57839   0.52173   0.70815   0.45046   0.35258   0.14773   0.00660   0.00278   0.14826   0.59587   0.17875   1.21627   0.10524   1.33319   0.11146   0.35795   0.11965   0.16346   0.47534   0.06672   0.05834   0.39618   0.35317   0.25898   0.27237   0.19460   0.14297   0.60421   0.50255   1.14383   0.11063   0.72459   0.10121   0.65042   0.07940   1.35333   0.25704   0.10648   0.40332   0.40783   0.19426   0.33317   0.07345   0.44067   0.65808   1.68097   2.52658   0.10790   0.02667   9.82482  
 29 414.3066 156168.502785  x:  1.81162   0.38678   0.36418   0.42655   0.39041   0.08888   0.87113   0.19150   0.46108   0.46585   0.91121   1.75891   0.92526   0.14134   0.68892   0.64791   0.95880   0.10890   0.46094   0.12687   0.10761   0.50441   0.56808   0.52143   0.73144   0.46438   0.35272   0.14334   0.00683   0.00286   0.15951   0.61660   0.20094   1.23655   0.13840   1.32756   0.12401   0.34885   0.13289   0.15270   0.49781   0.06677   0.07771   0.39532   0.34595   0.24702   0.27816   0.21186   0.14534   0.60464   0.50566   1.11814   0.10933   0.77671   0.09461   0.64630   0.08460   1.35550   0.27082   0.13766   0.39827   0.42761   0.20031   0.35000   0.08031   0.43885   0.62808   1.69712   2.48422   0.08056   0.02689   9.96765  
 30 404.0438 156157.887299  x:  1.86763   0.38228   0.34712   0.43828   0.39885   0.09132   0.87955   0.19146   0.46246   0.46541   0.92030   1.64728   0.98061   0.15288   0.72270   0.63240   0.94483   0.10337   0.45585   0.13087   0.09972   0.50482   0.56231   0.51695   0.74125   0.46166   0.35247   0.15203   0.00677   0.00284   0.15094   0.62668   0.20156   1.27335   0.12608   1.30670   0.12734   0.34724   0.15592   0.19037   0.49389   0.05887   0.06617   0.40492   0.36348   0.24384   0.27928   0.20621   0.13173   0.59718   0.52634   1.09929   0.10418   0.80104   0.09461   0.63403   0.09319   1.34573   0.26384   0.11936   0.40681   0.43135   0.17862   0.35198   0.08678   0.43216   0.62424   1.69936   2.45759   0.04174   0.02683  10.04431  
 31 313.0239 156151.889471  x:  1.90408   0.38565   0.34558   0.44238   0.40720   0.09238   0.86982   0.18729   0.46195   0.46260   0.93074   1.58331   1.02502   0.15414   0.73553   0.62198   0.93147   0.11292   0.43866   0.13553   0.10008   0.50820   0.56653   0.51678   0.73888   0.45302   0.35195   0.14637   0.00671   0.00284   0.15511   0.62416   0.18985   1.31432   0.11290   1.28320   0.13404   0.35163   0.13862   0.18107   0.47644   0.06779   0.06226   0.40425   0.36121   0.25528   0.27733   0.20333   0.10982   0.58706   0.53927   1.08640   0.11051   0.79684   0.09271   0.62481   0.09201   1.33267   0.25639   0.12659   0.42108   0.42786   0.18993   0.34715   0.08128   0.42277   0.63586   1.68846   2.43183   0.00183   0.02675  10.08820  
 32 209.7779 156148.040673  x:  1.92919   0.39010   0.35214   0.43570   0.40567   0.08876   0.85418   0.18545   0.46119   0.46091   0.93871   1.54441   1.06054   0.14604   0.73505   0.61797   0.92199   0.11973   0.42188   0.13477   0.09983   0.50938   0.57196   0.51805   0.73013   0.44535   0.35192   0.14564   0.00669   0.00284   0.15499   0.61626   0.18151   1.35135   0.11614   1.26089   0.13545   0.35895   0.13647   0.17822   0.46724   0.06511   0.07127   0.39672   0.35093   0.25012   0.27551   0.20660   0.13539   0.58623   0.54311   1.08165   0.10504   0.77838   0.09562   0.62289   0.09452   1.32014   0.25703   0.11849   0.41691   0.41725   0.19393   0.34222   0.08450   0.42220   0.64696   1.67363   2.40128  -0.03826   0.02672  10.11828  
 33 179.6316 156145.374695  x:  1.94391   0.39116   0.36052   0.42622   0.39841   0.08697   0.84058   0.19013   0.46116   0.46203   0.94109   1.52567   1.08483   0.15021   0.72263   0.62163   0.91895   0.11225   0.41478   0.13173   0.09589   0.50576   0.57337   0.51879   0.72083   0.44326   0.35336   0.15057   0.00666   0.00283   0.15030   0.60882   0.17973   1.37800   0.12111   1.24160   0.12828   0.36093   0.14533   0.17000   0.47915   0.06684   0.06741   0.39997   0.35688   0.24217   0.27560   0.20448   0.12879   0.58747   0.52544   1.08483   0.10506   0.75577   0.09578   0.62992   0.09057   1.30919   0.26207   0.12310   0.40634   0.42005   0.19000   0.34484   0.07815   0.42615   0.64813   1.66314   2.36476  -0.08703   0.02665  10.14063  
 34 115.4133 156143.007265  x:  1.95061   0.38776   0.36111   0.42853   0.39838   0.08794   0.83376   0.18992   0.45981   0.46110   0.93719   1.51955   1.09854   0.14186   0.70391   0.63057   0.92143   0.11496   0.42232   0.13884   0.10450   0.50117   0.57055   0.51918   0.71660   0.44824   0.35572   0.14201   0.00666   0.00284   0.15772   0.60462   0.18039   1.39265   0.11553   1.22607   0.12998   0.35362   0.13992   0.17924   0.48906   0.06231   0.06649   0.40068   0.35676   0.25433   0.27533   0.20453   0.12525   0.59467   0.51255   1.09078   0.10905   0.74033   0.09464   0.63888   0.09400   1.29913   0.26350   0.12008   0.40292   0.42567   0.18213   0.34612   0.08388   0.42907   0.63838   1.65776   2.30607  -0.14814   0.02664  10.16275  
 35 102.5152 156138.107150  x:  1.95485   0.37863   0.35086   0.44256   0.40565   0.09500   0.83259   0.18414   0.45844   0.45991   0.92363   1.52124   1.11061   0.13803   0.66748   0.65011   0.93214   0.12076   0.44135   0.13612   0.08964   0.49368   0.56102   0.51212   0.71344   0.45882   0.36129   0.15440   0.00667   0.00283   0.14510   0.60423   0.18136   1.40502   0.11238   1.20508   0.14547   0.34303   0.13344   0.17839   0.48620   0.06166   0.06785   0.39996   0.35461   0.25030   0.27560   0.20452   0.13151   0.60924   0.51828   1.10478   0.10624   0.73288   0.09879   0.64802   0.09083   1.28295   0.25908   0.12470   0.41390   0.43170   0.19209   0.34566   0.08000   0.42911   0.62408   1.65986   2.15961  -0.30355   0.02662  10.21137  
 36 174.2178 156130.219269  x:  1.95545   0.37297   0.33517   0.44586   0.40421   0.09653   0.84236   0.18189   0.46046   0.46186   0.90536   1.53577   1.11515   0.13131   0.62782   0.67085   0.94837   0.10960   0.45356   0.13101   0.11050   0.49968   0.56184   0.50889   0.71672   0.46365   0.36362   0.14498   0.00660   0.00282   0.15429   0.60700   0.17080   1.40692   0.10807   1.18723   0.14112   0.34878   0.15157   0.15595   0.47019   0.06893   0.07006   0.40151   0.35946   0.23429   0.27270   0.20635   0.12500   0.60915   0.54039   1.12334   0.10613   0.74677   0.09712   0.64515   0.09137   1.26929   0.25618   0.10848   0.41558   0.41946   0.19415   0.34120   0.08067   0.43107   0.62838   1.67014   1.90920  -0.57533   0.02653  10.29197  
 37 368.3723 156118.901561  x:  1.95161   0.38276   0.33552   0.42192   0.38819   0.10159   0.85801   0.18554   0.45825   0.46151   0.89225   1.56894   1.10721   0.11286   0.61960   0.67407   0.95889   0.11679   0.43724   0.12744   0.08847   0.50939   0.56776   0.50871   0.72472   0.45391   0.35656   0.14121   0.00660   0.00281   0.15589   0.60855   0.16224   1.39245   0.13398   1.18908   0.12881   0.36318   0.14211   0.17555   0.47320   0.06101   0.06246   0.39997   0.36352   0.26232   0.27008   0.20065   0.12235   0.57987   0.54953   1.13067   0.10419   0.77682   0.09643   0.62193   0.09269   1.27056   0.26562   0.12406   0.39716   0.40774   0.18969   0.33150   0.07740   0.42774   0.65290   1.68532   1.52971  -0.98436   0.02640  10.41167  
 38 487.2137 156110.973934  x:  1.94842   0.39503   0.34902   0.42120   0.39915   0.09478   0.85639   0.17479   0.44901   0.45825   0.89507   1.59813   1.09511   0.09827   0.65284   0.65075   0.94995   0.12483   0.40559   0.14436   0.09885   0.50911   0.57072   0.51729   0.72919   0.44035   0.35521   0.15345   0.00653   0.00280   0.14090   0.60830   0.15953   1.37319   0.11866   1.21472   0.13857   0.36204   0.12863   0.17394   0.48974   0.06079   0.06954   0.40172   0.36194   0.23972   0.26966   0.20448   0.12290   0.56510   0.52897   1.11891   0.10648   0.78178   0.09681   0.61039   0.09108   1.28918   0.26627   0.11966   0.39171   0.42112   0.18320   0.33577   0.07882   0.42334   0.65022   1.69014   1.26809  -1.26735   0.02630  10.49437  
 39 454.0839 156106.804517  x:  1.94725   0.39865   0.35524   0.42704   0.40659   0.09931   0.84774   0.17506   0.44570   0.46019   0.90076   1.61491   1.08679   0.09937   0.68256   0.62787   0.93702   0.12222   0.38616   0.14257   0.08370   0.50129   0.56513   0.51650   0.72592   0.43437   0.35946   0.13775   0.00649   0.00279   0.15668   0.60797   0.15756   1.36153   0.11140   1.23799   0.14589   0.35602   0.14208   0.16330   0.49243   0.06011   0.06692   0.40439   0.36090   0.24112   0.26385   0.20549   0.13070   0.57142   0.51845   1.10705   0.10235   0.77298   0.09661   0.61211   0.09316   1.30640   0.26254   0.11537   0.39546   0.42743   0.18558   0.33606   0.07548   0.42334   0.63834   1.69123   1.13257  -1.41671   0.02623  10.53796  
 40 422.7920 156104.727735  x:  1.94746   0.39487   0.35112   0.42795   0.40229   0.09827   0.83636   0.18001   0.44673   0.46267   0.90701   1.62400   1.08176   0.09302   0.70476   0.61136   0.92423   0.11881   0.38564   0.13746   0.09242   0.49771   0.56118   0.51398   0.72078   0.43671   0.36201   0.14372   0.00649   0.00278   0.15023   0.60655   0.15675   1.35634   0.11783   1.25597   0.14030   0.34931   0.14929   0.16103   0.48209   0.06044   0.06516   0.40353   0.36217   0.25273   0.26759   0.20105   0.12797   0.58391   0.51846   1.09584   0.10299   0.75872   0.09808   0.62007   0.09286   1.31982   0.25718   0.11450   0.40018   0.42122   0.18862   0.33386   0.07660   0.42700   0.63108   1.68866   1.06716  -1.48787   0.02621  10.55957  
 41 194.0360 156103.965023  x:  1.94831   0.38753   0.34539   0.42673   0.39707   0.09972   0.82842   0.18069   0.44852   0.46382   0.91178   1.62742   1.07930   0.09259   0.71392   0.60715   0.91723   0.11691   0.39491   0.14184   0.08918   0.49821   0.55968   0.51124   0.71832   0.44109   0.36284   0.14148   0.00647   0.00278   0.15223   0.60572   0.15239   1.35600   0.11915   1.26535   0.13561   0.34877   0.14339   0.16567   0.47956   0.06149   0.06615   0.40347   0.36239   0.24446   0.26231   0.20530   0.12443   0.58873   0.52339   1.08930   0.10456   0.75076   0.09775   0.62546   0.09108   1.32656   0.25727   0.11675   0.39737   0.41727   0.18617   0.33311   0.07627   0.42553   0.63281   1.68674   1.04845  -1.51167   0.02618  10.56703  
 42 70.0729 156103.397875  x:  1.94933   0.37501   0.34141   0.42731   0.39748   0.10259   0.82004   0.17786   0.44795   0.46100   0.91888   1.62893   1.07624   0.09279   0.71731   0.61057   0.91148   0.11498   0.40522   0.14282   0.08862   0.50069   0.56060   0.50860   0.71513   0.44364   0.36132   0.14176   0.00646   0.00278   0.15228   0.60399   0.14961   1.35824   0.11533   1.27322   0.13953   0.35525   0.14694   0.16367   0.48374   0.06076   0.06712   0.40276   0.35835   0.24668   0.26803   0.20093   0.12474   0.58330   0.52607   1.08426   0.10261   0.74722   0.09755   0.62624   0.08990   1.33067   0.26018   0.11749   0.39286   0.41914   0.18510   0.33369   0.07657   0.42186   0.63751   1.68584   1.04099  -1.52079   0.02617  10.57160  
 43 26.9181 156102.401793  x:  1.95112   0.35557   0.34203   0.42888   0.40280   0.10272   0.81117   0.18334   0.44885   0.45890   0.93497   1.63013   1.07025   0.09273   0.71684   0.62232   0.90483   0.11243   0.41128   0.13648   0.09228   0.50209   0.56349   0.50748   0.71040   0.44304   0.36051   0.14374   0.00647   0.00277   0.15093   0.60232   0.15267   1.36480   0.11493   1.28241   0.14026   0.35899   0.14642   0.16427   0.48623   0.06041   0.06488   0.40372   0.36206   0.25044   0.25707   0.20821   0.12795   0.57341   0.52339   1.07803   0.10183   0.74832   0.09806   0.62284   0.08978   1.33351   0.26045   0.11499   0.39686   0.42270   0.18835   0.33349   0.07603   0.42478   0.64056   1.68653   1.03555  -1.52545   0.02616  10.57837  
 44 28.0414 156100.044440  x:  1.95519   0.32795   0.34897   0.42746   0.40669   0.10186   0.80250   0.19015   0.45204   0.46005   0.97418   1.63274   1.05772   0.09007   0.71109   0.64668   0.89536   0.11627   0.40960   0.13795   0.08836   0.49953   0.56649   0.51085   0.70727   0.43974   0.36429   0.13829   0.00647   0.00277   0.15522   0.60259   0.15883   1.38059   0.11782   1.29550   0.13073   0.35403   0.14237   0.16688   0.48225   0.06167   0.06599   0.40493   0.36916   0.24124   0.27269   0.20107   0.13065   0.56851   0.51935   1.07055   0.10640   0.75608   0.09880   0.61599   0.09191   1.33519   0.25659   0.11380   0.40612   0.42251   0.19080   0.33154   0.07626   0.43383   0.63701   1.69073   1.03187  -1.52805   0.02613  10.59331  
 45 51.7744 156094.626728  x:  1.96423   0.30106   0.35508   0.42107   0.39834   0.10095   0.80036   0.17740   0.45248   0.46583   1.05278   1.64037   1.03570   0.09863   0.69494   0.67916   0.88315   0.11629   0.39017   0.16072   0.08774   0.49470   0.56640   0.52046   0.71197   0.43313   0.37421   0.14554   0.00642   0.00275   0.14938   0.60738   0.15031   1.41169   0.11862   1.31264   0.12883   0.33975   0.15167   0.16164   0.48006   0.06267   0.06693   0.40333   0.35718   0.25194   0.26436   0.20407   0.12677   0.58751   0.52520   1.06870   0.10524   0.77112   0.09837   0.61229   0.09232   1.33400   0.25454   0.11962   0.39769   0.41541   0.18508   0.33293   0.07762   0.43440   0.62460   1.70731   1.03843  -1.52947   0.02599  10.62657  
 46 84.2002 156083.313113  x:  1.98339   0.31489   0.34085   0.42966   0.38540   0.10327   0.81680   0.17658   0.43295   0.45921   1.15264   1.66258   1.02102   0.09659   0.67591   0.67316   0.87377   0.12929   0.37272   0.11263   0.10087   0.49781   0.55542   0.51320   0.71523   0.44395   0.35931   0.13988   0.00633   0.00272   0.15179   0.59963   0.16513   1.45219   0.10490   1.32138   0.14206   0.34059   0.14346   0.17397   0.48519   0.05838   0.06775   0.39596   0.36073   0.24275   0.26686   0.20345   0.11378   0.61573   0.53309   1.08449   0.10362   0.76878   0.09602   0.62799   0.08760   1.33012   0.26729   0.12028   0.37825   0.41541   0.18781   0.34245   0.07498   0.42424   0.63373   1.73895   1.06653  -1.52327   0.02564  10.69336  
 47 84.2527 156061.364505  x:  2.02304   0.34329   0.30502   0.44722   0.39385   0.09786   0.83822   0.20891   0.41326   0.46269   1.23027   1.71452   1.03569   0.10363   0.65324   0.59923   0.87132   0.12034   0.38972   0.16207   0.09759   0.50999   0.53433   0.49979   0.72635   0.46251   0.33403   0.14431   0.00625   0.00267   0.14842   0.58513   0.19256   1.49319   0.11632   1.30450   0.12428   0.36832   0.14090   0.15611   0.49430   0.06167   0.06561   0.40104   0.36744   0.24821   0.27010   0.20218   0.13519   0.60407   0.52310   1.12271   0.10955   0.73102   0.09940   0.64745   0.08426   1.32429   0.26809   0.11663   0.40712   0.43363   0.18892   0.31659   0.08457   0.42426   0.66487   1.79735   1.12465  -1.49103   0.02518  10.82752  
 48 140.2081 156024.579679  x:  2.10045   0.33495   0.31525   0.42468   0.41288   0.11768   0.80627   0.16451   0.44368   0.49179   1.17076   1.81880   1.13447   0.11856   0.67335   0.51718   0.90483   0.11354   0.42161   0.15126   0.10763   0.51536   0.55694   0.50438   0.69547   0.46504   0.40165   0.14388   0.00605   0.00256   0.14816   0.60581   0.19863   1.50747   0.12392   1.26467   0.11743   0.36038   0.13512   0.18343   0.49028   0.05949   0.06903   0.39887   0.34719   0.24701   0.27812   0.20085   0.13048   0.54066   0.51946   1.16588   0.11454   0.67671   0.10654   0.62866   0.09303   1.34121   0.25532   0.10494   0.40761   0.40821   0.21718   0.36616   0.06240   0.45606   0.65564   1.86020   1.24742  -1.44023   0.02426  11.05164  
 49 184.3616 155990.626249  x:  2.17973   0.32955   0.32931   0.40932   0.40155   0.10161   0.73742   0.20344   0.43511   0.46272   1.02607   1.92469   1.26310   0.13678   0.72849   0.54554   0.94021   0.13416   0.42093   0.12375   0.11680   0.50142   0.57559   0.51718   0.65265   0.44831   0.39730   0.14330   0.00572   0.00245   0.14235   0.58595   0.17348   1.49960   0.10828   1.24383   0.13134   0.33563   0.12896   0.16762   0.48351   0.06473   0.07075   0.39002   0.36198   0.24120   0.28108   0.19701   0.13435   0.54983   0.55335   1.17016   0.11548   0.66776   0.10777   0.58735   0.08788   1.37642   0.25404   0.13927   0.39726   0.42166   0.16958   0.31681   0.09052   0.45804   0.62093   1.88623   1.37573  -1.40154   0.02324  11.25700  
 50 312.5446 155979.412125  x:  2.20907   0.35160   0.32426   0.42377   0.39217   0.10560   0.69938   0.20882   0.41769   0.43822   0.95597   1.96242   1.31817   0.13912   0.74116   0.59443   0.93429   0.12680   0.40566   0.14640   0.11504   0.49381   0.56243   0.51407   0.64832   0.44511   0.36157   0.14365   0.00562   0.00240   0.14280   0.56237   0.17841   1.49305   0.11621   1.25100   0.11716   0.33661   0.13258   0.17852   0.47952   0.06387   0.07021   0.38204   0.35968   0.24167   0.28260   0.19672   0.12288   0.56555   0.54903   1.14598   0.11491   0.68235   0.10599   0.57795   0.08262   1.39192   0.26321   0.11469   0.39011   0.41452   0.20801   0.33485   0.08056   0.45388   0.61456   1.88553   1.42031  -1.38820   0.02289  11.32774  
 51 231.9512 155975.514119  x:  2.21994   0.38369   0.31232   0.42777   0.38640   0.11282   0.68642   0.19230   0.42727   0.45261   0.92079   1.97561   1.34308   0.13969   0.72444   0.62787   0.90114   0.12637   0.39216   0.14058   0.11974   0.49541   0.54644   0.50189   0.65365   0.45373   0.36178   0.14365   0.00559   0.00239   0.14225   0.56654   0.18690   1.48818   0.11643   1.26917   0.11451   0.34642   0.13228   0.17852   0.47894   0.06390   0.07058   0.38959   0.34983   0.24007   0.28178   0.19615   0.12593   0.56472   0.53310   1.10956   0.11443   0.69127   0.10484   0.58595   0.08501   1.39413   0.25293   0.12157   0.40178   0.41207   0.19491   0.33144   0.08099   0.45901   0.62746   1.88435   1.43611  -1.38209   0.02277  11.35543  
 52 100.3678 155974.287619  x:  2.22341   0.39796   0.31283   0.42322   0.39132   0.10907   0.69317   0.20180   0.42512   0.45438   0.90501   1.97965   1.35252   0.14158   0.70518   0.63397   0.87181   0.13095   0.39341   0.14295   0.12009   0.49860   0.54777   0.50348   0.65893   0.45631   0.37174   0.14374   0.00560   0.00239   0.14179   0.57476   0.18217   1.48603   0.11419   1.28289   0.11907   0.34212   0.13471   0.17818   0.47952   0.06433   0.06968   0.38412   0.35925   0.24097   0.28340   0.19641   0.12820   0.56131   0.53588   1.08754   0.11435   0.68892   0.10462   0.58966   0.08370   1.39087   0.25552   0.12202   0.39479   0.41156   0.19952   0.33377   0.08095   0.45844   0.62778   1.88485   1.44027  -1.37799   0.02277  11.36726  
 53 59.3820 155974.003784  x:  2.22460   0.40043   0.31663   0.42272   0.39383   0.10845   0.69937   0.19795   0.42272   0.45128   0.90091   1.98106   1.35580   0.14125   0.69859   0.63293   0.86122   0.12994   0.39652   0.14010   0.11878   0.49870   0.55261   0.50702   0.65911   0.45449   0.37004   0.14357   0.00559   0.00239   0.14191   0.57329   0.18289   1.48611   0.11731   1.28870   0.11489   0.34029   0.13536   0.17856   0.48134   0.06402   0.07020   0.38680   0.35481   0.24057   0.28280   0.19635   0.12619   0.56157   0.54061   1.08235   0.11538   0.68698   0.10458   0.58890   0.08311   1.38806   0.25730   0.12034   0.39664   0.41464   0.19897   0.33129   0.08149   0.45867   0.62486   1.88434   1.44295  -1.37788   0.02276  11.37259  
 54 29.7614 155973.865297  x:  2.22543   0.39913   0.31665   0.42273   0.39012   0.10852   0.70501   0.19746   0.42595   0.45219   0.89907   1.98193   1.35799   0.14082   0.69672   0.63164   0.85681   0.12981   0.39832   0.14111   0.11804   0.49632   0.55458   0.50860   0.65743   0.45136   0.36626   0.14355   0.00558   0.00239   0.14176   0.56898   0.18556   1.48605   0.11469   1.29368   0.11711   0.34220   0.13519   0.17816   0.48067   0.06378   0.07000   0.38575   0.35531   0.24056   0.28240   0.19632   0.12601   0.56205   0.54045   1.08272   0.11484   0.68594   0.10500   0.58619   0.08407   1.38354   0.25592   0.12113   0.39688   0.41260   0.19817   0.33279   0.08092   0.46057   0.62286   1.88399   1.44569  -1.37760   0.02275  11.38000  
 55 11.7277 155973.344576  x:  2.22886   0.39545   0.31183   0.43095   0.38910   0.10902   0.71495   0.19643   0.42453   0.44798   0.89753   1.98469   1.36489   0.14140   0.69947   0.63237   0.85390   0.13076   0.39764   0.14140   0.11994   0.49199   0.55132   0.50248   0.64991   0.44762   0.37345   0.14300   0.00556   0.00238   0.14156   0.56755   0.18150   1.48492   0.11802   1.30890   0.11219   0.34324   0.13369   0.17768   0.47752   0.06446   0.06963   0.38409   0.35480   0.24002   0.28189   0.19572   0.12744   0.56005   0.53278   1.09050   0.11485   0.68602   0.10453   0.58124   0.08529   1.36271   0.25578   0.12219   0.39216   0.41198   0.19732   0.33146   0.08166   0.45532   0.62184   1.88272   1.45795  -1.37336   0.02272  11.42268  
 56 12.4905 155971.562959  x:  2.23762   0.39624   0.31520   0.41081   0.38291   0.10919   0.70955   0.19964   0.41991   0.45086   0.90035   1.98964   1.37987   0.14077   0.70805   0.63592   0.85921   0.13108   0.39649   0.14418   0.12058   0.49832   0.54321   0.49494   0.64740   0.45451   0.37437   0.14236   0.00552   0.00238   0.14209   0.56862   0.18061   1.47733   0.11378   1.33600   0.11731   0.33459   0.13514   0.17865   0.47984   0.06377   0.06965   0.38893   0.34959   0.23953   0.28100   0.19582   0.12641   0.55588   0.53671   1.10486   0.11389   0.68892   0.10348   0.58471   0.08497   1.31256   0.26245   0.11532   0.40232   0.41498   0.20169   0.32785   0.08127   0.45394   0.62186   1.88462   1.49197  -1.34876   0.02271  11.58007  
 57 45.3959 155967.997622  x:  2.25262   0.40071   0.32416   0.41812   0.40891   0.10921   0.68614   0.19638   0.42154   0.45970   0.90767   1.99619   1.40024   0.13742   0.71223   0.63853   0.87281   0.12944   0.39615   0.14516   0.11733   0.50656   0.54601   0.50747   0.65916   0.46356   0.36167   0.14086   0.00546   0.00240   0.14405   0.57082   0.18751   1.46565   0.11880   1.35606   0.11172   0.33781   0.13719   0.17409   0.48291   0.06288   0.07060   0.37650   0.35548   0.24230   0.27771   0.19669   0.12721   0.55995   0.55118   1.11329   0.11589   0.69313   0.10347   0.59374   0.08778   1.25806   0.25838   0.12639   0.39102   0.41045   0.19133   0.33551   0.07965   0.45777   0.62060   1.89410   1.55581  -1.29299   0.02275  11.90466  
 58 163.1295 155956.175015  x:  2.30181   0.40210   0.30248   0.44515   0.38142   0.11538   0.67348   0.21417   0.43389   0.45590   0.92670   2.01750   1.44504   0.13453   0.68517   0.64330   0.90614   0.14289   0.39794   0.14419   0.11267   0.49588   0.57896   0.55108   0.69308   0.45630   0.37849   0.13754   0.00527   0.00243   0.14650   0.59487   0.18352   1.45809   0.12109   1.33801   0.12423   0.36799   0.13918   0.17789   0.48507   0.06301   0.06893   0.41253   0.33439   0.24184   0.27295   0.19785   0.12880   0.57371   0.54319   1.10111   0.11374   0.70076   0.10442   0.59092   0.08872   1.25010   0.25942   0.12191   0.37428   0.42007   0.20925   0.32058   0.08348   0.45316   0.61236   1.92075   1.77927  -1.11137   0.02287  13.00154  
 59 282.5629 155942.345849  x:  2.36168   0.40493   0.30003   0.44012   0.36350   0.12097   0.70717   0.19014   0.42514   0.44779   0.94522   2.04583   1.49042   0.12630   0.65171   0.65879   0.92990   0.14583   0.40752   0.15251   0.10916   0.49497   0.57383   0.53184   0.69648   0.45107   0.38965   0.13067   0.00495   0.00243   0.15029   0.59955   0.18517   1.47566   0.12661   1.29671   0.12869   0.35652   0.15051   0.16724   0.49197   0.05995   0.07268   0.35517   0.34168   0.24457   0.25912   0.19787   0.13197   0.56571   0.53832   1.09637   0.11626   0.71239   0.10177   0.57625   0.08088   1.31322   0.27663   0.11699   0.40154   0.42354   0.19331   0.31994   0.08182   0.43951   0.60434   1.93260   2.04956  -0.91815   0.02277  14.25555  
 60 855.6562 155936.749963  x:  2.38595   0.40610   0.31116   0.43129   0.38754   0.11589   0.73446   0.19374   0.42117   0.45763   0.94602   2.05590   1.50199   0.12382   0.64049   0.66864   0.92713   0.14966   0.41150   0.16109   0.11462   0.50069   0.54964   0.50225   0.67982   0.45460   0.37767   0.12822   0.00482   0.00244   0.15158   0.58732   0.18965   1.49412   0.12503   1.27627   0.13483   0.33919   0.15502   0.16547   0.48868   0.05938   0.07080   0.37902   0.32855   0.24313   0.25512   0.19776   0.13553   0.55429   0.54358   1.10747   0.11839   0.72182   0.10227   0.57064   0.08098   1.35445   0.27003   0.12706   0.37887   0.40658   0.19446   0.31781   0.08129   0.43865   0.59599   1.93467   2.15972  -0.83900   0.02274  14.76906  
 61 644.7171 155936.037935  x:  2.38762   0.40864   0.31236   0.42583   0.38830   0.11622   0.73705   0.19235   0.42151   0.46230   0.93694   2.05399   1.49351   0.12403   0.64521   0.67304   0.91467   0.14905   0.40899   0.16230   0.11458   0.50260   0.54553   0.50846   0.66954   0.46145   0.37800   0.12817   0.00481   0.00245   0.15198   0.58875   0.18838   1.50732   0.12619   1.27466   0.13355   0.34871   0.15174   0.16629   0.48679   0.05948   0.07131   0.37571   0.32968   0.24383   0.25503   0.19765   0.13444   0.55462   0.54731   1.12435   0.11689   0.72754   0.10220   0.57577   0.08343   1.36222   0.26084   0.12400   0.37391   0.41935   0.19825   0.31614   0.08167   0.43947   0.59182   1.93686   2.17149  -0.82829   0.02276  14.83353  
 62 64.8768 155935.632732  x:  2.38718   0.41337   0.31241   0.42960   0.38870   0.11682   0.73553   0.19408   0.42090   0.46079   0.92491   2.05026   1.48086   0.12373   0.65248   0.67755   0.90197   0.14834   0.40839   0.16319   0.11380   0.50419   0.54891   0.51532   0.66641   0.46556   0.38067   0.12832   0.00481   0.00245   0.15224   0.59165   0.18944   1.52373   0.12530   1.27599   0.13456   0.34924   0.15118   0.16598   0.48924   0.05937   0.07131   0.37784   0.32929   0.24431   0.25531   0.19806   0.13515   0.55572   0.54710   1.14223   0.11722   0.73021   0.10194   0.57731   0.08173   1.36655   0.26789   0.12569   0.37954   0.41222   0.19564   0.31860   0.08142   0.43971   0.59344   1.94036   2.17521  -0.82136   0.02278  14.86888  
 63 38.1343 155935.489818  x:  2.38661   0.41732   0.31371   0.43045   0.38771   0.11677   0.73397   0.19350   0.42389   0.46155   0.91848   2.04815   1.47321   0.12361   0.65620   0.67952   0.90130   0.14809   0.41184   0.16258   0.11382   0.50445   0.55280   0.51168   0.67370   0.46265   0.38064   0.12827   0.00481   0.00245   0.15237   0.59091   0.19013   1.53510   0.12504   1.27963   0.13422   0.34448   0.15199   0.16563   0.48876   0.05936   0.07129   0.37764   0.32970   0.24446   0.25528   0.19802   0.13578   0.55664   0.54604   1.14675   0.11795   0.72844   0.10232   0.57545   0.08255   1.36719   0.26608   0.12517   0.37804   0.41507   0.19672   0.31811   0.08144   0.43799   0.59661   1.94254   2.17569  -0.82025   0.02278  14.87976  
 64 15.6885 155935.373468  x:  2.38638   0.41939   0.31412   0.42789   0.38922   0.11676   0.73429   0.19406   0.42025   0.46112   0.91262   2.04668   1.46669   0.12370   0.65707   0.67875   0.90781   0.14765   0.41331   0.16210   0.11428   0.50245   0.55126   0.50962   0.67821   0.45921   0.38241   0.12821   0.00480   0.00245   0.15235   0.59096   0.19032   1.54694   0.12428   1.28573   0.13362   0.34961   0.15112   0.16596   0.48888   0.05931   0.07135   0.37743   0.32917   0.24435   0.25520   0.19787   0.13531   0.55644   0.54652   1.14376   0.11737   0.72731   0.10239   0.57638   0.08259   1.36723   0.26577   0.12568   0.37856   0.41336   0.19619   0.31808   0.08138   0.43978   0.59300   1.94349   2.17539  -0.82179   0.02278  14.88615  
 65  8.9953 155935.174122  x:  2.38626   0.42077   0.31353   0.42924   0.38918   0.11691   0.73570   0.19342   0.42366   0.46358   0.90593   2.04509   1.45915   0.12409   0.65528   0.67359   0.91945   0.14931   0.41266   0.16206   0.11438   0.50355   0.54847   0.51502   0.67148   0.46222   0.37934   0.12827   0.00479   0.00246   0.15210   0.59001   0.18834   1.56081   0.12432   1.29400   0.13266   0.34672   0.15242   0.16610   0.48819   0.05956   0.07115   0.37718   0.32938   0.24421   0.25532   0.19770   0.13587   0.55497   0.54506   1.13410   0.11783   0.72928   0.10189   0.57720   0.08130   1.36661   0.26914   0.12501   0.37854   0.41428   0.19652   0.31739   0.08161   0.43831   0.59328   1.94512   2.17279  -0.82672   0.02278  14.89375  
 66  8.9604 155934.850786  x:  2.38736   0.42289   0.31644   0.43045   0.38528   0.11633   0.73584   0.19382   0.41976   0.45591   0.90391   2.04469   1.45633   0.12335   0.65432   0.66931   0.92551   0.14609   0.41275   0.16426   0.11296   0.50830   0.55213   0.51488   0.66393   0.46913   0.38121   0.12826   0.00478   0.00246   0.15183   0.59278   0.19398   1.56653   0.12221   1.29888   0.13327   0.34444   0.15344   0.16554   0.48865   0.05881   0.07113   0.37717   0.32901   0.24397   0.25472   0.19749   0.13577   0.55711   0.54378   1.12795   0.11806   0.73223   0.10240   0.57490   0.08379   1.36664   0.26092   0.12654   0.37736   0.41276   0.19629   0.31742   0.08089   0.43933   0.59647   1.94477   2.16634  -0.83665   0.02278  14.90290  
 67  9.1621 155929.151036  x:  2.41224   0.42908   0.33152   0.42872   0.39349   0.11251   0.72990   0.19670   0.42748   0.46097   0.91561   2.04698   1.45746   0.12802   0.67006   0.64753   0.91725   0.15099   0.40898   0.16943   0.11797   0.50122   0.58288   0.46968   0.64844   0.48317   0.37280   0.12923   0.00459   0.00256   0.14675   0.58995   0.18970   1.54558   0.12783   1.31409   0.13394   0.36462   0.15052   0.17019   0.48570   0.05832   0.06925   0.37464   0.33231   0.24028   0.25726   0.19381   0.12874   0.58181   0.53250   1.11524   0.11724   0.74993   0.10073   0.56757   0.07991   1.37994   0.27666   0.12179   0.38366   0.41628   0.19612   0.31542   0.07938   0.44223   0.58994   1.94711   2.03901  -1.02176   0.02285  15.04853  
 68 16.1369 155920.313522  x:  2.45683   0.43344   0.32125   0.42050   0.39028   0.11279   0.73464   0.19708   0.40593   0.45595   0.94072   2.05730   1.47268   0.13209   0.71068   0.64324   0.90052   0.14343   0.41487   0.15465   0.11925   0.48036   0.55268   0.50656   0.67366   0.47197   0.35820   0.12931   0.00421   0.00269   0.13881   0.57909   0.20002   1.50732   0.12734   1.33743   0.13121   0.34381   0.15100   0.17130   0.47429   0.05594   0.06664   0.36675   0.33169   0.23247   0.25617   0.18727   0.12848   0.54829   0.51915   1.11597   0.12032   0.74287   0.09805   0.58628   0.08048   1.41001   0.25849   0.12016   0.38444   0.40345   0.19593   0.30769   0.07835   0.42625   0.59455   1.93466   1.85160  -1.32175   0.02279  15.27466  
 69 187.9366 155919.759307  x:  2.45956   0.42772   0.32475   0.42428   0.38702   0.11246   0.73698   0.19706   0.40813   0.45284   0.94005   2.05777   1.47358   0.13244   0.71279   0.64307   0.89831   0.14352   0.41229   0.15267   0.11775   0.50249   0.53942   0.50982   0.68047   0.46794   0.35729   0.12942   0.00419   0.00270   0.13822   0.58136   0.20066   1.50457   0.12692   1.33859   0.13096   0.34628   0.15010   0.17170   0.46949   0.05659   0.06624   0.36705   0.33123   0.23236   0.25632   0.18697   0.12799   0.55150   0.51662   1.11639   0.12078   0.73513   0.09907   0.58024   0.08021   1.41185   0.26206   0.12001   0.38395   0.40587   0.19430   0.30874   0.07786   0.42946   0.59118   1.93423   1.83940  -1.33999   0.02280  15.28964  
 70 42.7369 155919.738391  x:  2.45965   0.42687   0.32529   0.42432   0.38704   0.11215   0.73754   0.19714   0.40913   0.45272   0.93979   2.05776   1.47353   0.13261   0.71288   0.64315   0.89818   0.14393   0.41162   0.15216   0.11799   0.50271   0.53835   0.50988   0.68130   0.46912   0.35636   0.12940   0.00419   0.00270   0.13821   0.58233   0.19950   1.50455   0.12735   1.33864   0.13071   0.34681   0.15002   0.17163   0.47216   0.05628   0.06637   0.36685   0.33149   0.23217   0.25640   0.18692   0.12774   0.55207   0.51675   1.11638   0.12074   0.73385   0.09919   0.57883   0.08084   1.41186   0.26071   0.11974   0.38475   0.40453   0.19515   0.30826   0.07812   0.42825   0.59096   1.93439   1.83918  -1.34065   0.02280  15.29091  
 71  6.6101 155919.706261  x:  2.45986   0.42498   0.32576   0.42377   0.38726   0.11219   0.73878   0.19694   0.40910   0.45211   0.93906   2.05766   1.47359   0.13247   0.71300   0.64348   0.89818   0.14337   0.40942   0.15222   0.11814   0.49999   0.53815   0.50972   0.68318   0.47324   0.35438   0.12937   0.00418   0.00270   0.13823   0.58511   0.19995   1.50470   0.12712   1.33883   0.13074   0.34709   0.14989   0.17162   0.47045   0.05651   0.06627   0.36690   0.33116   0.23224   0.25626   0.18690   0.12781   0.55166   0.51683   1.11639   0.12091   0.73104   0.09951   0.57680   0.08077   1.41193   0.26168   0.11975   0.38423   0.40517   0.19467   0.30847   0.07790   0.42853   0.59160   1.93440   1.83960  -1.34139   0.02280  15.29609  
 72  2.6120 155919.267963  x:  2.46307   0.41991   0.32018   0.42544   0.38420   0.11322   0.74066   0.19686   0.40544   0.45451   0.93614   2.05506   1.47394   0.13277   0.71288   0.64390   0.89791   0.14423   0.40072   0.15166   0.11581   0.50668   0.54979   0.50526   0.68660   0.47858   0.34864   0.12942   0.00415   0.00272   0.13787   0.58515   0.19773   1.50484   0.12698   1.33833   0.12981   0.34503   0.14930   0.17107   0.46912   0.05673   0.06631   0.36594   0.33058   0.23187   0.25587   0.18678   0.12883   0.54352   0.51403   1.11609   0.12050   0.72682   0.09901   0.58413   0.08062   1.41153   0.25923   0.11968   0.38357   0.40265   0.19444   0.30806   0.07875   0.42721   0.58250   1.93394   1.84649  -1.34780   0.02273  15.38200  
 73  4.9929 155912.401689  x:  2.50813   0.42520   0.34037   0.42160   0.37603   0.10420   0.71165   0.20000   0.41109   0.44434   0.91941   2.00587   1.47311   0.13111   0.70025   0.62302   0.87991   0.14065   0.40793   0.15028   0.11279   0.49648   0.53929   0.50611   0.67738   0.47578   0.36673   0.12805   0.00390   0.00302   0.13621   0.56150   0.19069   1.49164   0.12734   1.31993   0.13301   0.35343   0.14445   0.16763   0.45793   0.05542   0.06654   0.36365   0.32538   0.23004   0.25035   0.18550   0.12471   0.53699   0.50242   1.10148   0.11584   0.71448   0.09923   0.57844   0.08150   1.39718   0.25954   0.11640   0.37894   0.39539   0.18960   0.30667   0.07522   0.41202   0.58369   1.94155   1.93528  -1.42929   0.02190  16.72520  
 74 94.5407 155912.058786  x:  2.51060   0.42970   0.33352   0.41633   0.38044   0.10558   0.71071   0.19972   0.40493   0.45067   0.92030   2.00357   1.47338   0.13090   0.70118   0.62542   0.88003   0.14024   0.41376   0.14986   0.11165   0.49853   0.54200   0.50838   0.66963   0.46805   0.36005   0.12798   0.00389   0.00304   0.13625   0.57328   0.19054   1.49095   0.12700   1.31911   0.13299   0.35297   0.14443   0.16742   0.45662   0.05556   0.06652   0.36338   0.32490   0.22986   0.25013   0.18552   0.12428   0.54189   0.49703   1.10086   0.11568   0.71010   0.09988   0.57128   0.08257   1.39641   0.25907   0.11595   0.37891   0.39456   0.18968   0.30701   0.07524   0.41031   0.58397   1.94104   1.93951  -1.43326   0.02186  16.79290  
 75 66.2383 155912.038596  x:  2.51060   0.43015   0.33501   0.41745   0.37929   0.10516   0.71070   0.19974   0.40599   0.44972   0.92037   2.00333   1.47325   0.13088   0.70129   0.62583   0.88007   0.14057   0.41411   0.15028   0.11188   0.49787   0.54154   0.50731   0.66808   0.46553   0.35824   0.12792   0.00389   0.00304   0.13629   0.57713   0.19084   1.49082   0.12703   1.31893   0.13297   0.35304   0.14443   0.16738   0.45668   0.05551   0.06652   0.36343   0.32489   0.22987   0.25010   0.18550   0.12430   0.54087   0.49800   1.10081   0.11573   0.70948   0.09977   0.57342   0.08240   1.39617   0.25907   0.11592   0.37886   0.39456   0.18965   0.30710   0.07517   0.41037   0.58388   1.94142   1.93974  -1.43351   0.02186  16.79687  
 76  5.8518 155909.137948  x:  2.48531   0.42814   0.31457   0.38969   0.39270   0.10645   0.69728   0.19840   0.42810   0.41386   0.89305   1.97150   1.44433   0.13055   0.68413   0.62189   0.86547   0.13675   0.40711   0.14751   0.10897   0.49294   0.53940   0.50154   0.65551   0.45382   0.35401   0.12711   0.00394   0.00315   0.13610   0.56909   0.18902   1.46653   0.12529   1.29149   0.13013   0.34740   0.14084   0.16502   0.44740   0.05611   0.06643   0.35959   0.31929   0.22769   0.24878   0.18421   0.12323   0.53799   0.48781   1.08144   0.11280   0.69750   0.09889   0.57261   0.08268   1.37056   0.25342   0.11555   0.37489   0.38867   0.18479   0.30738   0.07586   0.40335   0.57434   1.94036   1.99186  -1.47380   0.02219  17.34214  
 77  0.7682 155904.758198  x:  2.44727   0.42194   0.32371   0.39985   0.36858   0.09756   0.66928   0.19551   0.39685   0.43414   0.84983   1.92304   1.40097   0.13198   0.65593   0.61248   0.84146   0.13002   0.40784   0.14129   0.10802   0.47782   0.52947   0.49037   0.63624   0.44461   0.35037   0.12670   0.00401   0.00331   0.13619   0.55565   0.17647   1.42967   0.12377   1.24970   0.12747   0.33901   0.13348   0.16304   0.43984   0.05689   0.06694   0.35555   0.31397   0.22567   0.24895   0.18279   0.12107   0.52064   0.48920   1.05078   0.10795   0.67882   0.09991   0.54868   0.08598   1.33114   0.24695   0.11382   0.36925   0.38316   0.17996   0.30688   0.07554   0.39974   0.56581   1.93364   2.06659  -1.53092   0.02272  18.16860  
 78 408.5354 155901.278005  x:  2.34544   0.40300   0.31177   0.39931   0.36600   0.09728   0.67921   0.18854   0.39081   0.43094   0.86652   1.84747   1.27964   0.12580   0.64049   0.60112   0.83395   0.12466   0.39503   0.14288   0.10557   0.47125   0.51692   0.48125   0.64045   0.44083   0.33972   0.12363   0.00394   0.00375   0.13547   0.55278   0.17472   1.39963   0.12015   1.21435   0.12692   0.32911   0.13434   0.15890   0.44271   0.05541   0.06566   0.35303   0.31135   0.22429   0.24415   0.18154   0.12343   0.52232   0.48544   1.04545   0.10609   0.68951   0.09564   0.54715   0.08165   1.29287   0.24673   0.11328   0.36407   0.38338   0.17935   0.30208   0.07426   0.40075   0.55872   1.92151   1.91465  -1.79686   0.02285  18.90587  
 79  0.5966 155900.507806  x:  2.29302   0.39659   0.30680   0.39792   0.36362   0.09812   0.67228   0.18958   0.38716   0.42545   0.86004   1.84460   1.26159   0.13124   0.64588   0.59957   0.82888   0.12644   0.39031   0.14122   0.10847   0.47014   0.51391   0.47773   0.63580   0.43711   0.33754   0.12423   0.00367   0.00397   0.13160   0.54911   0.17874   1.37685   0.11898   1.21462   0.12482   0.32730   0.13555   0.16079   0.44083   0.05448   0.06443   0.34950   0.31295   0.22085   0.24449   0.17840   0.12193   0.52021   0.48242   1.03910   0.10891   0.68229   0.09374   0.54551   0.07917   1.28540   0.24570   0.11332   0.36236   0.38045   0.18221   0.29679   0.07316   0.40236   0.56108   1.91652   1.99698  -1.75470   0.02286  19.18847  
 80  0.2490 155900.249767  x:  2.25594   0.39572   0.30835   0.39713   0.36517   0.09992   0.67133   0.18815   0.38785   0.42819   0.85733   1.84822   1.26766   0.13054   0.64614   0.60234   0.82773   0.12950   0.38796   0.14414   0.10816   0.47016   0.51563   0.48007   0.63306   0.43403   0.34164   0.12371   0.00348   0.00410   0.13391   0.54816   0.18130   1.38044   0.11908   1.21828   0.12533   0.32888   0.13754   0.16049   0.44288   0.05407   0.06536   0.34989   0.31190   0.22240   0.24268   0.18054   0.12176   0.51971   0.48375   1.03874   0.10941   0.67725   0.09473   0.54487   0.07935   1.29381   0.24607   0.11401   0.36249   0.38134   0.18288   0.29734   0.07343   0.40313   0.56157   1.91756   1.99945  -1.75223   0.02289  19.37810  
 81  0.1215 155900.146696  x:  2.23327   0.39662   0.30827   0.39691   0.36402   0.09948   0.67404   0.18822   0.38681   0.42768   0.85845   1.83975   1.28183   0.13034   0.64522   0.60039   0.82858   0.12975   0.38949   0.14358   0.10767   0.46884   0.51508   0.47846   0.63280   0.43537   0.34039   0.12394   0.00342   0.00423   0.13331   0.54719   0.18096   1.38249   0.11928   1.21625   0.12461   0.32811   0.13637   0.15989   0.44113   0.05450   0.06553   0.34998   0.31180   0.22166   0.24328   0.17961   0.12128   0.51953   0.48357   1.03611   0.10880   0.67839   0.09570   0.54429   0.07950   1.29074   0.24547   0.11323   0.36199   0.38055   0.18128   0.29761   0.07339   0.40071   0.55980   1.91883   1.99796  -1.77013   0.02289  19.67080  
 82  0.1499 155900.123817  x:  2.23008   0.39728   0.30839   0.39718   0.36445   0.09949   0.67185   0.18888   0.38767   0.42716   0.85941   1.83974   1.28602   0.13043   0.64616   0.60154   0.82831   0.12888   0.39032   0.14280   0.10799   0.47026   0.51524   0.47924   0.63418   0.43619   0.34007   0.12396   0.00345   0.00428   0.13318   0.54838   0.18014   1.38452   0.11950   1.21690   0.12502   0.32867   0.13601   0.16014   0.44150   0.05454   0.06517   0.35004   0.31228   0.22197   0.24350   0.17981   0.12195   0.51959   0.48319   1.03910   0.10879   0.67943   0.09496   0.54491   0.07975   1.29115   0.24596   0.11325   0.36247   0.38077   0.18173   0.29767   0.07334   0.40141   0.56056   1.91887   1.99255  -1.77525   0.02289  19.82645  
 83  0.0878 155900.101013  x:  2.23012   0.39716   0.30804   0.39650   0.36403   0.09889   0.67030   0.18839   0.38735   0.42669   0.85809   1.84000   1.28872   0.13001   0.64512   0.60068   0.82778   0.12768   0.38930   0.14295   0.10793   0.46947   0.51433   0.47884   0.63288   0.43524   0.33976   0.12361   0.00343   0.00437   0.13312   0.54755   0.17856   1.38437   0.11912   1.21736   0.12506   0.32814   0.13616   0.15996   0.44110   0.05427   0.06495   0.34937   0.31122   0.22164   0.24265   0.17961   0.12188   0.51857   0.48263   1.03811   0.10860   0.67814   0.09435   0.54363   0.07956   1.29160   0.24552   0.11345   0.36178   0.38035   0.18169   0.29710   0.07323   0.40140   0.55925   1.91876   1.98879  -1.78664   0.02289  20.20794  
 84  0.1383 155900.043283  x:  2.23421   0.39830   0.30804   0.39760   0.36446   0.09739   0.67457   0.18844   0.38806   0.42796   0.85979   1.84330   1.28984   0.12999   0.64477   0.59988   0.83104   0.12677   0.38937   0.14350   0.10787   0.46896   0.51594   0.47920   0.63371   0.43559   0.34035   0.12420   0.00333   0.00456   0.13348   0.54854   0.17792   1.38587   0.11849   1.22162   0.12460   0.32805   0.13656   0.16091   0.44157   0.05422   0.06538   0.35010   0.31177   0.22163   0.24366   0.17963   0.12119   0.51986   0.48395   1.03874   0.10859   0.67976   0.09447   0.54423   0.07918   1.29487   0.24533   0.11412   0.36241   0.38102   0.18228   0.29776   0.07358   0.40293   0.56010   1.91770   2.00353  -1.76483   0.02288  21.24616  
 85  0.3162 155899.883741  x:  2.24634   0.39762   0.30830   0.39853   0.36500   0.09873   0.67392   0.18851   0.38768   0.42806   0.85959   1.84353   1.28570   0.12786   0.64869   0.60186   0.82664   0.12855   0.38883   0.14342   0.10686   0.47055   0.51571   0.47855   0.63446   0.43519   0.34099   0.12368   0.00303   0.00509   0.13344   0.54798   0.17952   1.38371   0.11867   1.22051   0.12464   0.32867   0.13580   0.16017   0.44248   0.05419   0.06522   0.35041   0.31273   0.22231   0.24378   0.17963   0.12187   0.52042   0.48351   1.04094   0.10893   0.67896   0.09606   0.54613   0.07944   1.29567   0.24687   0.11308   0.36317   0.38147   0.18158   0.29790   0.07331   0.40108   0.56250   1.91973   1.98914  -1.76453   0.02289  24.45544  
 86  0.6984 155899.800408  x:  2.24530   0.39607   0.30867   0.39636   0.36452   0.09973   0.67259   0.18860   0.38779   0.42733   0.85887   1.84576   1.28362   0.12823   0.64653   0.60121   0.83172   0.12894   0.39045   0.14249   0.10841   0.47009   0.51520   0.48013   0.63414   0.43633   0.33998   0.12453   0.00303   0.00527   0.13343   0.54894   0.18130   1.38602   0.11944   1.21752   0.12491   0.32878   0.13632   0.16032   0.44175   0.05487   0.06538   0.35039   0.31231   0.22200   0.24372   0.18038   0.12201   0.52005   0.48386   1.03713   0.10901   0.68032   0.09504   0.54499   0.08025   1.29146   0.24549   0.11373   0.36229   0.38092   0.18234   0.29791   0.07365   0.40237   0.56041   1.91921   1.99979  -1.74944   0.02289  26.45665  
 87  0.9057 155899.622005  x:  2.24227   0.40008   0.30930   0.39917   0.36406   0.09852   0.67422   0.18909   0.38755   0.42872   0.86381   1.84685   1.28664   0.12909   0.64279   0.60355   0.82353   0.13103   0.39126   0.14466   0.10930   0.47014   0.51654   0.47861   0.63453   0.43715   0.34058   0.12380   0.00310   0.00524   0.13437   0.54824   0.18175   1.38667   0.11938   1.21667   0.12436   0.32832   0.13726   0.16037   0.44146   0.05441   0.06560   0.35001   0.31186   0.22244   0.24319   0.17931   0.12158   0.52013   0.48399   1.04450   0.10837   0.67913   0.09353   0.54439   0.07788   1.29178   0.24616   0.11347   0.36309   0.38121   0.18115   0.29848   0.07371   0.40096   0.56010   1.91806   2.00143  -1.74074   0.02289  32.06854  
 88  0.8359 155899.200140  x:  2.23605   0.40172   0.30811   0.39713   0.36561   0.09881   0.67083   0.18882   0.38902   0.42679   0.85467   1.83348   1.28054   0.12786   0.64893   0.59881   0.83906   0.13032   0.39111   0.14328   0.10560   0.47140   0.51417   0.48051   0.63541   0.43633   0.34014   0.12416   0.00333   0.00446   0.13333   0.54887   0.18096   1.38334   0.11853   1.21801   0.12453   0.32927   0.13540   0.16003   0.44195   0.05360   0.06573   0.35101   0.31217   0.22261   0.24328   0.18105   0.12229   0.51767   0.48373   1.03651   0.10707   0.67882   0.09450   0.54368   0.07934   1.29445   0.24488   0.11334   0.36362   0.38184   0.18123   0.29909   0.07254   0.40216   0.56097   1.91755   1.98448  -1.76244   0.02290  44.61054  
 89  2.6209 155898.902282  x:  2.23397   0.39818   0.30813   0.39700   0.36372   0.09928   0.67299   0.18844   0.38756   0.42717   0.86281   1.84212   1.28615   0.12452   0.64605   0.60329   0.82492   0.12897   0.38969   0.14316   0.10793   0.46909   0.51531   0.47895   0.63320   0.43698   0.34029   0.12389   0.00345   0.00418   0.13336   0.54842   0.18069   1.38565   0.11974   1.21863   0.12536   0.32810   0.13620   0.16003   0.44177   0.05492   0.06532   0.35007   0.31181   0.22158   0.24375   0.17982   0.12185   0.52069   0.48396   1.04007   0.10915   0.67964   0.09488   0.54460   0.08065   1.29179   0.24615   0.11379   0.36154   0.38066   0.18232   0.29755   0.07375   0.40260   0.55969   1.91805   2.01813  -1.73463   0.02290  60.32797  
 90  6.6153 155898.747751  x:  2.23293   0.39691   0.30904   0.39823   0.36489   0.09847   0.67296   0.18913   0.38799   0.42809   0.85706   1.84446   1.28501   0.12162   0.64750   0.59989   0.83139   0.12905   0.39065   0.14274   0.10908   0.47077   0.51603   0.47924   0.63491   0.43475   0.34012   0.12396   0.00343   0.00439   0.13335   0.54812   0.18184   1.38332   0.11963   1.21814   0.12461   0.32880   0.13661   0.16085   0.44159   0.05443   0.06518   0.34977   0.31254   0.22243   0.24343   0.17942   0.12161   0.51869   0.48284   1.03761   0.10935   0.67977   0.09561   0.54463   0.07884   1.29333   0.24605   0.11313   0.36358   0.38123   0.18165   0.29772   0.07376   0.40122   0.56115   1.91834   1.99095  -1.76637   0.02288  81.51240  
 91  7.3482 155898.599435  x:  2.24008   0.39709   0.30808   0.39607   0.36453   0.09925   0.67221   0.18951   0.38698   0.42731   0.85950   1.84421   1.28387   0.12409   0.64754   0.60180   0.82798   0.13005   0.38950   0.14285   0.10851   0.46997   0.51452   0.47961   0.63333   0.43749   0.34066   0.12402   0.00346   0.00425   0.13328   0.54848   0.18268   1.38574   0.11928   1.21949   0.12462   0.32909   0.13509   0.16071   0.44152   0.05405   0.06564   0.35047   0.31140   0.22121   0.24429   0.18050   0.12170   0.52134   0.48378   1.03879   0.10834   0.67821   0.09435   0.54582   0.07948   1.29157   0.24492   0.11392   0.36195   0.38058   0.18237   0.29816   0.07303   0.40145   0.56082   1.91857   2.01845  -1.74167   0.02288  116.40336  
 92  9.8383 155898.496365  x:  2.23940   0.39645   0.30881   0.39774   0.36440   0.09934   0.67372   0.18813   0.38816   0.42774   0.85971   1.84450   1.28732   0.12292   0.64623   0.60163   0.82908   0.12951   0.39015   0.14355   0.10760   0.46961   0.51618   0.47901   0.63409   0.43452   0.34020   0.12391   0.00338   0.00442   0.13342   0.54832   0.18170   1.38444   0.11948   1.21628   0.12518   0.32775   0.13711   0.15970   0.44172   0.05467   0.06526   0.34986   0.31249   0.22254   0.24299   0.17937   0.12198   0.51924   0.48340   1.03872   0.10884   0.68065   0.09457   0.54376   0.07978   1.29190   0.24643   0.11325   0.36267   0.38117   0.18132   0.29756   0.07358   0.40184   0.56034   1.91857   1.99902  -1.76295   0.02289  160.09141  
 93 16.8128 155898.419789  x:  2.23832   0.39833   0.30807   0.39716   0.36463   0.09893   0.67216   0.18906   0.38714   0.42752   0.85853   1.84074   1.28310   0.12346   0.64731   0.60103   0.82989   0.12914   0.39018   0.14308   0.10824   0.47062   0.51456   0.47916   0.63428   0.43721   0.34055   0.12374   0.00337   0.00442   0.13348   0.54777   0.18168   1.38694   0.11936   1.22001   0.12445   0.32962   0.13527   0.16074   0.44196   0.05439   0.06539   0.35028   0.31150   0.22153   0.24370   0.18020   0.12161   0.51991   0.48374   1.03847   0.10881   0.67760   0.09572   0.54571   0.07935   1.29352   0.24542   0.11335   0.36248   0.38073   0.18248   0.29807   0.07356   0.40140   0.56110   1.91858   2.00543  -1.75520   0.02288  236.81769  
 94 22.6486 155898.368742  x:  2.23807   0.39822   0.30845   0.39721   0.36440   0.09910   0.67305   0.18867   0.38828   0.42739   0.85965   1.84351   1.28757   0.12288   0.64690   0.60207   0.82898   0.12954   0.39007   0.14337   0.10804   0.46961   0.51573   0.47950   0.63350   0.43559   0.34024   0.12419   0.00342   0.00434   0.13328   0.54882   0.18178   1.38204   0.11963   1.21714   0.12550   0.32797   0.13673   0.16020   0.44151   0.05438   0.06544   0.35006   0.31232   0.22220   0.24354   0.17989   0.12196   0.51982   0.48361   1.03959   0.10913   0.68056   0.09501   0.54391   0.07990   1.29188   0.24605   0.11379   0.36248   0.38111   0.18155   0.29768   0.07338   0.40214   0.56002   1.91821   2.00766  -1.74806   0.02289  328.79865  
 95 35.6822 155898.333593  x:  2.23446   0.39770   0.30858   0.39770   0.36433   0.09903   0.67283   0.18872   0.38746   0.42768   0.86001   1.84188   1.28269   0.12216   0.64636   0.60123   0.82940   0.12944   0.39020   0.14305   0.10813   0.47038   0.51536   0.47897   0.63484   0.43624   0.34018   0.12363   0.00339   0.00440   0.13365   0.54791   0.18150   1.38861   0.11936   1.21900   0.12457   0.32896   0.13615   0.16030   0.44184   0.05458   0.06535   0.35006   0.31197   0.22201   0.24344   0.17968   0.12179   0.51940   0.48335   1.03812   0.10882   0.67887   0.09497   0.54493   0.07947   1.29275   0.24587   0.11320   0.36270   0.38095   0.18206   0.29793   0.07355   0.40163   0.56085   1.91859   2.00230  -1.75325   0.02289  476.49571  
 96 49.0597 155898.309711  x:  2.23673   0.39757   0.30850   0.39713   0.36476   0.09892   0.67268   0.18897   0.38781   0.42754   0.85865   1.84345   1.28691   0.12272   0.64794   0.60127   0.82896   0.12944   0.39037   0.14310   0.10810   0.47005   0.51522   0.47949   0.63379   0.43618   0.34042   0.12414   0.00340   0.00437   0.13325   0.54856   0.18190   1.38174   0.11955   1.21790   0.12496   0.32855   0.13590   0.16049   0.44171   0.05435   0.06539   0.35029   0.31197   0.22190   0.24368   0.18014   0.12174   0.52013   0.48378   1.03927   0.10862   0.67955   0.09495   0.54479   0.07956   1.29289   0.24563   0.11364   0.36258   0.38103   0.18187   0.29804   0.07353   0.40181   0.56057   1.91804   2.00829  -1.74675   0.02289  652.38194  
 97 69.1590 155898.290235  x:  2.23756   0.39741   0.30850   0.39736   0.36425   0.09911   0.67309   0.18867   0.38785   0.42766   0.86039   1.84327   1.28424   0.12235   0.64595   0.60181   0.82955   0.12948   0.38972   0.14342   0.10795   0.46987   0.51564   0.47923   0.63409   0.43556   0.34028   0.12387   0.00340   0.00436   0.13345   0.54852   0.18209   1.38813   0.11938   1.21841   0.12511   0.32823   0.13656   0.16006   0.44157   0.05447   0.06534   0.34997   0.31228   0.22217   0.24351   0.17961   0.12200   0.51974   0.48312   1.03857   0.10901   0.67987   0.09481   0.54448   0.07983   1.29190   0.24610   0.11348   0.36251   0.38095   0.18178   0.29760   0.07334   0.40178   0.56072   1.91875   2.00583  -1.75168   0.02289  999.00000  
 98 101.5632 155898.285667  x:  2.23703   0.39751   0.30848   0.39732   0.36450   0.09902   0.67286   0.18877   0.38774   0.42760   0.85943   1.84298   1.28536   0.12257   0.64692   0.60146   0.82920   0.12943   0.39012   0.14319   0.10807   0.47006   0.51539   0.47926   0.63412   0.43600   0.34032   0.12392   0.00340   0.00437   0.13342   0.54834   0.18187   1.38499   0.11948   1.21818   0.12495   0.32857   0.13618   0.16031   0.44173   0.05445   0.06538   0.35012   0.31203   0.22200   0.24354   0.17988   0.12182   0.51982   0.48355   1.03883   0.10882   0.67949   0.09497   0.54469   0.07962   1.29248   0.24584   0.11348   0.36256   0.38098   0.18189   0.29786   0.07348   0.40174   0.56061   1.91840   2.00576  -1.75130   0.02289  999.00000  
 99  0.0041 155898.285637  x:  2.23721   0.39760   0.30846   0.39731   0.36450   0.09904   0.67284   0.18877   0.38773   0.42758   0.85937   1.84285   1.28533   0.12254   0.64692   0.60148   0.82923   0.12944   0.39013   0.14321   0.10807   0.47005   0.51536   0.47926   0.63406   0.43601   0.34033   0.12393   0.00340   0.00438   0.13341   0.54833   0.18186   1.38496   0.11948   1.21816   0.12495   0.32858   0.13618   0.16032   0.44172   0.05444   0.06538   0.35012   0.31203   0.22200   0.24353   0.17989   0.12182   0.51980   0.48355   1.03884   0.10885   0.67943   0.09502   0.54469   0.07962   1.29248   0.24584   0.11349   0.36255   0.38097   0.18188   0.29786   0.07348   0.40174   0.56061   1.91843   2.00587  -1.75154   0.02289  999.00000  
100  0.0003 155898.285633  x:  2.23726   0.39762   0.30846   0.39731   0.36449   0.09905   0.67285   0.18877   0.38774   0.42757   0.85938   1.84287   1.28534   0.12255   0.64693   0.60148   0.82923   0.12946   0.39013   0.14321   0.10808   0.47005   0.51537   0.47926   0.63407   0.43601   0.34032   0.12393   0.00340   0.00438   0.13342   0.54832   0.18185   1.38495   0.11948   1.21817   0.12495   0.32858   0.13619   0.16032   0.44172   0.05445   0.06538   0.35012   0.31203   0.22200   0.24353   0.17988   0.12182   0.51979   0.48355   1.03883   0.10885   0.67943   0.09501   0.54468   0.07962   1.29248   0.24584   0.11348   0.36255   0.38097   0.18189   0.29786   0.07348   0.40175   0.56060   1.91842   2.00582  -1.75169   0.02289  999.00000  
101  0.0001 155898.285633  x:  2.23726   0.39762   0.30846   0.39731   0.36449   0.09905   0.67285   0.18877   0.38774   0.42757   0.85938   1.84289   1.28533   0.12255   0.64693   0.60148   0.82922   0.12946   0.39013   0.14321   0.10808   0.47005   0.51537   0.47926   0.63407   0.43601   0.34032   0.12393   0.00340   0.00438   0.13341   0.54832   0.18185   1.38495   0.11948   1.21817   0.12495   0.32858   0.13619   0.16031   0.44172   0.05445   0.06538   0.35012   0.31203   0.22200   0.24353   0.17988   0.12182   0.51980   0.48355   1.03883   0.10885   0.67943   0.09501   0.54468   0.07962   1.29248   0.24584   0.11348   0.36255   0.38097   0.18188   0.29786   0.07348   0.40175   0.56060   1.91842   2.00582  -1.75170   0.02289  999.00000  