

TREE # 1

  0  0.0000 177621.050634  x:  1.93008   0.38762   0.31616   0.40622   0.36157   0.10063   0.76570   0.18691   0.50595   0.41567   0.82710   1.65034   1.15308   0.44253   0.60335   0.59829   0.79141   0.14567   0.39396   0.13702   0.12211   0.45131   0.53418   0.46895   0.61484   0.44119   0.34474   0.13164   0.00343   0.00448   0.13101   0.52479   0.22332   1.26404   0.13132   1.18031   0.13010   0.34248   0.14101   0.16779   0.44159   0.05445   0.06636   0.35148   0.30752   0.22266   0.24627   0.18051   0.11955   0.50518   0.53216   1.01344   0.12459   0.66048   0.09885   0.53839   0.08353   1.24556   0.25896   0.11185   0.36294   0.37832   0.17904   0.29025   0.07521   0.39852   0.54566   2.00000   1.23017   0.18200   0.27548   2.81083  
  1 99.0000 158888.860912  x:  1.92821   0.38531   0.31432   0.40479   0.36044   0.09869   0.76370   0.18517   0.50406   0.41433   0.82519   1.64854   1.15098   0.44043   0.60134   0.59649   0.78956   0.14340   0.39194   0.13560   0.12048   0.44980   0.53264   0.46746   0.61341   0.43919   0.34330   0.13188   0.00616   0.00579   0.13112   0.52350   0.22086   1.26232   0.12897   1.17866   0.12802   0.34058   0.13982   0.16724   0.44115   0.05486   0.06713   0.35149   0.30767   0.22273   0.24663   0.18120   0.11946   0.50469   0.53115   1.01219   0.12308   0.65950   0.09784   0.53758   0.08256   1.24415   0.25780   0.11197   0.36222   0.37777   0.17875   0.29067   0.07587   0.39883   0.54580   2.00577   1.22480   0.18763   0.03562   2.81081  
  2 77486.2178 158614.951167  x:  1.92920   0.38663   0.31716   0.40909   0.36586   0.10147   0.76526   0.18856   0.50578   0.41885   0.82723   1.64989   1.15193   0.44173   0.60301   0.59921   0.79197   0.14478   0.39355   0.13978   0.12399   0.45382   0.53662   0.47113   0.61739   0.44098   0.34704   0.14229   0.00602   0.00741   0.14114   0.52816   0.22204   1.26440   0.13077   1.18102   0.13046   0.33576   0.14384   0.17306   0.44825   0.06479   0.07836   0.36055   0.31734   0.23216   0.25702   0.19302   0.12826   0.51176   0.53586   1.01614   0.12581   0.66432   0.10327   0.54309   0.08827   1.24716   0.26180   0.12058   0.36869   0.38475   0.18668   0.30085   0.08734   0.40856   0.55478   2.00689   1.27779   0.13646   0.02622   2.81050  
  3 5612.7292 158290.909822  x:  1.90389   0.35412   0.29474   0.39625   0.36049   0.07626   0.73732   0.16842   0.47891   0.40802   0.80291   1.62668   1.12279   0.41224   0.57620   0.57802   0.76947   0.11242   0.36568   0.12689   0.10535   0.43972   0.52167   0.45591   0.60441   0.41409   0.33325   0.15951   0.03644   0.00000   0.15578   0.51930   0.18667   1.24374   0.09841   1.16185   0.10297   0.29005   0.13266   0.17363   0.45657   0.08235   0.10420   0.37928   0.33924   0.25002   0.28192   0.22406   0.14384   0.52039   0.53056   1.00693   0.10613   0.66105   0.09658   0.54283   0.08335   1.23312   0.25095   0.13854   0.37140   0.39123   0.19612   0.32788   0.11547   0.43451   0.57744   2.09835   1.33124   0.09204   0.02769   2.80936  
  4 2514.1216 158179.066572  x:  1.87483   0.31783   0.27122   0.38234   0.35502   0.05207   0.70591   0.14819   0.44887   0.39670   0.77575   1.60015   1.08946   0.37987   0.54637   0.55442   0.74416   0.07844   0.33509   0.11431   0.08682   0.42464   0.50539   0.43975   0.59040   0.38446   0.31815   0.17276   0.02841   0.06731   0.16614   0.50985   0.14847   1.22055   0.06550   1.14039   0.07552   0.23741   0.12108   0.17216   0.46443   0.09487   0.12384   0.39711   0.35996   0.26503   0.30405   0.25097   0.15926   0.52928   0.52419   0.99663   0.08710   0.65770   0.09063   0.54260   0.07840   1.21713   0.23860   0.15493   0.37343   0.39742   0.20369   0.35357   0.13891   0.46040   0.60064   2.19764   1.38975   0.04367   0.02956   2.80805  
  5 13364.8949 158092.733253  x:  1.86598   0.30791   0.26643   0.37901   0.35414   0.05038   0.69706   0.14519   0.44065   0.39445   0.76830   1.59221   1.07946   0.37181   0.53831   0.54803   0.73703   0.07224   0.32733   0.11279   0.08424   0.42124   0.50138   0.43619   0.58708   0.37685   0.31437   0.17142   0.00000   0.06275   0.16430   0.50772   0.13982   1.21408   0.06102   1.13443   0.07222   0.22164   0.11916   0.17028   0.46563   0.09334   0.12283   0.39976   0.36297   0.26558   0.30598   0.25284   0.16217   0.53128   0.52212   0.99386   0.08529   0.65719   0.09065   0.54272   0.07773   1.21247   0.23513   0.15677   0.37327   0.39841   0.20359   0.35743   0.13976   0.46535   0.60557   2.22292   1.40641   0.02989   0.02960   2.80764  
  6 4070.5721 157850.865368  x:  1.77687   0.23741   0.25997   0.35566   0.34807   0.12316   0.62245   0.16828   0.38064   0.38574   0.71043   1.51442   0.98281   0.33951   0.48192   0.49932   0.67654   0.13200   0.28734   0.13159   0.10910   0.40348   0.47288   0.41889   0.56445   0.33507   0.29153   0.16969   0.00000   0.06581   0.14861   0.49384   0.13948   1.15782   0.14915   1.08157   0.14171   0.11004   0.14244   0.13912   0.45282   0.04125   0.05319   0.37474   0.33688   0.22419   0.25734   0.19377   0.15409   0.52579   0.49089   0.96782   0.13110   0.65051   0.09835   0.53337   0.07779   1.16503   0.20524   0.12753   0.35058   0.38222   0.16629   0.33071   0.07160   0.45457   0.60328   2.38882   1.54169  -0.08704   0.02915   2.80453  
  7 1593.8047 157810.845861  x:  1.73431   0.22485   0.25905   0.35113   0.34679   0.11930   0.59525   0.17382   0.36889   0.38739   0.69522   1.47840   0.93903   0.33447   0.46552   0.48830   0.65805   0.14947   0.28614   0.13667   0.11134   0.40099   0.46547   0.41525   0.55684   0.33228   0.29016   0.13641   0.00000   0.06553   0.12125   0.49188   0.15027   1.13098   0.15049   1.05669   0.14152   0.12205   0.16279   0.14540   0.44636   0.08604   0.08373   0.35908   0.32264   0.22595   0.24212   0.18173   0.14304   0.51450   0.47532   0.95682   0.13080   0.64479   0.09122   0.52427   0.08256   1.14375   0.20460   0.12177   0.34259   0.37233   0.16242   0.30945   0.05456   0.43257   0.58430   2.41010   1.57773  -0.12272   0.02916   2.80467  
  8 850.3841 157757.357444  x:  1.63313   0.21773   0.25930   0.34498   0.34321   0.08825   0.54324   0.17935   0.35659   0.39246   0.67241   1.39453   0.83892   0.32959   0.43759   0.47493   0.62583   0.17163   0.29445   0.13933   0.10543   0.39833   0.45334   0.40848   0.54041   0.33754   0.29382   0.14526   0.00000   0.05968   0.15513   0.48935   0.17721   1.06870   0.12737   0.99930   0.11897   0.15466   0.17924   0.13868   0.41583   0.07589   0.08145   0.32046   0.28417   0.21690   0.23663   0.18577   0.11736   0.48420   0.44469   0.92937   0.10915   0.62807   0.07497   0.50049   0.08903   1.09488   0.21254   0.12472   0.33174   0.35298   0.17542   0.27955   0.08585   0.38717   0.53766   2.41154   1.64007  -0.18871   0.02924   2.80579  
  9 864.1189 157726.759139  x:  1.54948   0.24094   0.26846   0.34399   0.33707   0.08257   0.52864   0.18134   0.36322   0.39142   0.67200   1.32945   0.76623   0.33478   0.43299   0.48133   0.61734   0.17067   0.30733   0.13205   0.09945   0.39882   0.45117   0.40586   0.53031   0.34885   0.29509   0.12597   0.00000   0.06059   0.12264   0.48393   0.19753   1.02413   0.11345   0.96052   0.11080   0.15900   0.16085   0.14285   0.39986   0.04439   0.07387   0.32706   0.29453   0.21824   0.24659   0.19150   0.13369   0.46975   0.43964   0.90631   0.10070   0.61362   0.09312   0.48438   0.07705   1.05798   0.21429   0.12000   0.32805   0.34487   0.17490   0.27786   0.09094   0.36968   0.50831   2.34826   1.66359  -0.21753   0.02907   2.80687  
 10 619.8547 157699.606001  x:  1.44328   0.26047   0.27224   0.33979   0.32749   0.08852   0.51831   0.17790   0.36389   0.38236   0.66821   1.24948   0.68097   0.33384   0.42685   0.48655   0.60777   0.15431   0.31034   0.12265   0.09601   0.39514   0.44702   0.40055   0.51840   0.35058   0.28974   0.15238   0.00000   0.05841   0.13300   0.47284   0.20518   0.97212   0.10887   0.91725   0.11515   0.13860   0.13531   0.14779   0.39935   0.06774   0.07178   0.34114   0.31164   0.22072   0.24033   0.17766   0.15113   0.46119   0.43826   0.87863   0.10428   0.59667   0.10284   0.47067   0.06713   1.01474   0.20919   0.11280   0.32495   0.34178   0.16537   0.28421   0.07709   0.37109   0.49404   2.27195   1.68224  -0.24074   0.02932   2.80775  
 11 934.4046 157682.364410  x:  1.35583   0.26489   0.26380   0.33923   0.32456   0.08913   0.52541   0.17086   0.36216   0.37319   0.66384   1.19063   0.62915   0.33082   0.42721   0.49059   0.60600   0.13408   0.30411   0.12497   0.10251   0.39138   0.44650   0.39916   0.51673   0.34370   0.28366   0.13916   0.00000   0.05926   0.13088   0.46508   0.19709   0.94023   0.12075   0.89468   0.13144   0.13866   0.13885   0.13707   0.40602   0.07219   0.06558   0.33665   0.30258   0.21627   0.23459   0.18099   0.13931   0.46289   0.44218   0.86417   0.11946   0.58854   0.08551   0.47341   0.09033   0.99047   0.21158   0.12502   0.32925   0.35068   0.17008   0.29745   0.08422   0.39639   0.51297   2.19655   1.68508  -0.24971   0.02945   2.80881  
 12 552.2804 157676.412585  x:  1.31254   0.25634   0.25598   0.34113   0.32840   0.08693   0.53379   0.16983   0.36090   0.37341   0.65970   1.16762   0.61985   0.32827   0.42895   0.48983   0.60655   0.13040   0.29768   0.12804   0.10115   0.38911   0.44674   0.39861   0.52061   0.33709   0.28378   0.13903   0.00000   0.05910   0.13700   0.46638   0.18537   0.93217   0.12397   0.89175   0.13257   0.13989   0.15141   0.13783   0.40945   0.05909   0.07860   0.33341   0.29829   0.21804   0.24086   0.18881   0.13323   0.47050   0.44605   0.86410   0.11539   0.59079   0.08302   0.48029   0.08344   0.98641   0.20587   0.11808   0.32802   0.35194   0.16344   0.28995   0.06947   0.39908   0.52558   2.16535   1.68623  -0.25475   0.02946   2.80946  
 13 303.4502 157672.324815  x:  1.26977   0.24330   0.25144   0.34217   0.33274   0.08781   0.54273   0.17145   0.36050   0.37731   0.65643   1.15129   0.62711   0.32751   0.43200   0.48682   0.60794   0.13682   0.29246   0.12797   0.09667   0.38755   0.44723   0.39775   0.52624   0.33161   0.28580   0.13991   0.00000   0.05935   0.13324   0.47122   0.17433   0.93151   0.12312   0.89579   0.12633   0.13820   0.15903   0.14343   0.41328   0.06204   0.07163   0.32972   0.29622   0.21543   0.23732   0.17826   0.13141   0.47873   0.44780   0.86891   0.10422   0.59743   0.09147   0.48907   0.07446   0.99029   0.20450   0.11604   0.32689   0.35074   0.16706   0.28613   0.07854   0.39348   0.53364   2.14166   1.68418  -0.25795   0.02945   2.81033  
 14 209.9107 157668.591572  x:  1.21460   0.22927   0.25338   0.33849   0.33251   0.09348   0.54502   0.17134   0.35768   0.38019   0.65528   1.13600   0.64867   0.32764   0.43254   0.47980   0.60767   0.14746   0.28878   0.12447   0.09861   0.38746   0.44728   0.39708   0.53047   0.32744   0.28489   0.14219   0.00000   0.05929   0.13154   0.47576   0.16984   0.93646   0.12312   0.90551   0.12210   0.13183   0.15089   0.13725   0.41085   0.06463   0.07145   0.33519   0.30367   0.21896   0.24072   0.18636   0.12985   0.48038   0.44334   0.87592   0.10626   0.60476   0.08906   0.49366   0.08224   1.00065   0.21003   0.12102   0.32633   0.34821   0.17354   0.28490   0.07723   0.38012   0.52886   2.13142   1.67926  -0.26152   0.02951   2.81174  
 15 155.3813 157664.895885  x:  1.15480   0.22648   0.25713   0.33623   0.33104   0.08865   0.54058   0.16756   0.35652   0.38020   0.66080   1.12427   0.67836   0.32775   0.43070   0.47472   0.60838   0.14642   0.28950   0.12298   0.10113   0.38923   0.44742   0.39818   0.53231   0.32772   0.28172   0.13822   0.00000   0.05911   0.13569   0.47785   0.17303   0.94602   0.12099   0.91898   0.12326   0.14061   0.14638   0.13979   0.40783   0.06170   0.07317   0.33799   0.30529   0.21787   0.23689   0.18181   0.14050   0.47816   0.44111   0.88410   0.11727   0.60839   0.07995   0.48936   0.07699   1.01303   0.20674   0.11684   0.32709   0.34785   0.16732   0.29217   0.08085   0.38449   0.52354   2.13352   1.67503  -0.27020   0.02952   2.81396  
 16 169.0813 157661.595760  x:  1.10711   0.23769   0.26027   0.33903   0.33082   0.08613   0.53572   0.16965   0.35954   0.37830   0.67132   1.11901   0.70404   0.32808   0.42952   0.47618   0.61098   0.13740   0.29448   0.12523   0.09807   0.39049   0.44676   0.39962   0.53087   0.33269   0.28015   0.13943   0.00000   0.05904   0.13463   0.47667   0.17970   0.95607   0.11925   0.92951   0.12382   0.13881   0.14573   0.14066   0.40876   0.06540   0.06926   0.33091   0.29547   0.21598   0.24000   0.18468   0.13588   0.47166   0.44126   0.88815   0.11076   0.60581   0.09177   0.48362   0.07997   1.02233   0.20650   0.11915   0.32960   0.35159   0.16325   0.29155   0.07275   0.39618   0.52135   2.14150   1.66862  -0.27843   0.02950   2.81646  
 17 156.5530 157659.268923  x:  1.08532   0.24735   0.25919   0.34196   0.33064   0.09153   0.53416   0.17497   0.36183   0.37674   0.67744   1.11949   0.71328   0.32799   0.43032   0.48131   0.61271   0.13482   0.29783   0.12734   0.09810   0.39060   0.44644   0.40025   0.52750   0.33669   0.28211   0.14252   0.00000   0.05885   0.13183   0.47413   0.18198   0.96106   0.12173   0.93160   0.12397   0.13081   0.15051   0.13950   0.41003   0.06054   0.07946   0.33247   0.29899   0.21721   0.23669   0.17972   0.12975   0.47001   0.44465   0.88632   0.10354   0.59950   0.08762   0.48021   0.07961   1.02342   0.20613   0.12092   0.32843   0.35190   0.16799   0.28870   0.07835   0.39897   0.52407   2.15059   1.66185  -0.28487   0.02952   2.81870  
 18 100.1534 157652.028725  x:  1.05070   0.26613   0.24546   0.34742   0.32959   0.09431   0.53506   0.18048   0.36575   0.37383   0.68785   1.13103   0.72205   0.32672   0.43686   0.50060   0.61730   0.13439   0.30331   0.12866   0.10114   0.39047   0.44788   0.40078   0.51679   0.34464   0.29270   0.14324   0.00000   0.05838   0.13289   0.46622   0.17753   0.97077   0.12451   0.92816   0.12147   0.13189   0.17359   0.14559   0.41922   0.06505   0.06524   0.33919   0.31242   0.22038   0.24277   0.18903   0.13387   0.47867   0.46019   0.87536   0.11474   0.58471   0.08347   0.48200   0.08025   1.01708   0.20679   0.11708   0.32146   0.34849   0.17959   0.27835   0.08083   0.38698   0.53449   2.17480   1.63566  -0.30806   0.02962   2.82717  
 19 108.3345 157628.672859  x:  1.01242   0.27941   0.23104   0.35216   0.33441   0.07652   0.55246   0.16601   0.37146   0.38166   0.69945   1.18353   0.72401   0.33353   0.46064   0.54015   0.62760   0.14929   0.31092   0.13187   0.10695   0.39745   0.46088   0.40585   0.50982   0.35475   0.31590   0.12988   0.00000   0.05747   0.14993   0.45768   0.16529   0.99350   0.11848   0.91387   0.11334   0.13453   0.15694   0.12145   0.42179   0.06017   0.07916   0.34421   0.30779   0.22256   0.23260   0.16886   0.12662   0.49777   0.47241   0.84833   0.13300   0.57878   0.11141   0.50903   0.08554   0.99617   0.21912   0.11660   0.33415   0.35552   0.17766   0.29540   0.07214   0.36336   0.55212   2.20136   1.55438  -0.39635   0.02960   2.85646  
 20 158.4385 157560.153315  x:  0.95843   0.27094   0.25880   0.35069   0.34712   0.10146   0.59867   0.15388   0.37078   0.40472   0.70942   1.32512   0.70885   0.35565   0.50468   0.59690   0.63836   0.17881   0.31425   0.13774   0.10116   0.41004   0.48233   0.41464   0.51611   0.35890   0.34346   0.13075   0.00000   0.05397   0.13807   0.44871   0.15460   1.04476   0.11956   0.88321   0.11917   0.11066   0.11335   0.13521   0.41534   0.08002   0.07857   0.32648   0.26636   0.21800   0.25195   0.20351   0.13268   0.52367   0.46280   0.80299   0.11348   0.58645   0.07072   0.54816   0.05446   0.94779   0.22108   0.10742   0.36192   0.36487   0.14309   0.33342   0.08431   0.36462   0.57188   2.23126   1.32639  -0.65758   0.02953   2.94090  
 21 590.8752 157380.361196  x:  0.89934   0.20508   0.33995   0.32814   0.35619   0.11541   0.68239   0.15030   0.34836   0.43064   0.71715   1.69073   0.65818   0.39525   0.56423   0.64722   0.63863   0.15079   0.29620   0.12462   0.05421   0.42027   0.49787   0.42262   0.55977   0.33663   0.33897   0.19762   0.00000   0.04341   0.10816   0.44843   0.15258   1.16011   0.09698   0.84632   0.15410   0.11557   0.18246   0.22907   0.38565   0.04298   0.09663   0.34756   0.31849   0.20146   0.24304   0.19623   0.18211   0.52457   0.40828   0.77722   0.08973   0.66537   0.09498   0.59731   0.13979   0.87761   0.24701   0.15066   0.38566   0.37614   0.13926   0.34351   0.06466   0.44636   0.55740   2.21898   0.65497  -1.40592   0.02964   3.18608  
 22 1389.0897 157199.854017  x:  0.91058   0.18859   0.35844   0.33370   0.36255   0.07488   0.71041   0.15804   0.35119   0.43330   0.73253   1.91553   0.63850   0.41395   0.57998   0.64282   0.63793   0.10336   0.29973   0.12808   0.10224   0.43152   0.50246   0.43793   0.59781   0.33453   0.32248   0.16992   0.00000   0.03757   0.12951   0.47448   0.16819   1.22450   0.08236   0.85720   0.15643   0.03457   0.21298   0.22068   0.39806   0.05049   0.07495   0.36352   0.34861   0.22570   0.25169   0.18796   0.16833   0.50823   0.39865   0.81483   0.09095   0.71590   0.09527   0.58948   0.12223   0.87758   0.23900   0.15062   0.36978   0.37120   0.15807   0.31561   0.06603   0.47697   0.53621   2.14578   0.18787  -1.94382   0.02917   3.35974  
 23 2799.1942 157008.192064  x:  0.94235   0.18190   0.36868   0.34914   0.36882   0.10123   0.73222   0.19151   0.35137   0.42121   0.75182   2.19280   0.61244   0.41531   0.58074   0.61303   0.63171   0.02280   0.29204   0.12619   0.15284   0.43354   0.49353   0.44839   0.63918   0.32138   0.28792   0.15941   0.00000   0.02948   0.13255   0.51143   0.16219   1.29612   0.08318   0.88550   0.15215   0.07663   0.18126   0.14219   0.44434   0.06526   0.02791   0.40789   0.40620   0.26606   0.26546   0.17047   0.11070   0.49532   0.41209   0.88119   0.06100   0.76780   0.10129   0.56739   0.06331   0.90031   0.21300   0.15090   0.34141   0.37210   0.19489   0.27983   0.05296   0.51533   0.53794   2.05889  -0.43046  -2.69187   0.02843   3.59609  
 24 6842.9722 156774.181690  x:  1.03855   0.24733   0.30491   0.37786   0.35372   0.13989   0.68276   0.20571   0.35481   0.36042   0.78141   2.44597   0.58859   0.37584   0.53252   0.51209   0.62330   0.14709   0.28872   0.09048   0.07179   0.39730   0.43349   0.42378   0.65093   0.31963   0.22973   0.17242   0.00000   0.01581   0.11991   0.55219   0.13499   1.32579   0.09276   0.96447   0.12027   0.06374   0.13645   0.07264   0.52692   0.07045   0.05424   0.41615   0.40780   0.26144   0.27985   0.20411   0.11437   0.50008   0.51216   1.00850   0.09644   0.77769   0.14630   0.49815   0.04539   1.00756   0.17641   0.13783   0.30895   0.39857   0.21823   0.28916   0.07521   0.57518   0.60206   1.92992  -1.24232  -3.66810   0.02798   3.90595  
 25 3290.2250 156645.117120  x:  1.13677   0.29395   0.24009   0.39207   0.34374   0.18609   0.63275   0.19427   0.38131   0.35762   0.79221   2.49935   0.61435   0.33797   0.49085   0.45601   0.64531   0.12713   0.29248   0.11211   0.09388   0.40066   0.43322   0.42279   0.63999   0.33022   0.25025   0.17383   0.00000   0.01005   0.12382   0.57818   0.11473   1.30139   0.10913   1.03544   0.08710   0.05763   0.07506   0.15970   0.54953   0.04756   0.05641   0.41191   0.38644   0.24011   0.26193   0.19211   0.13986   0.53561   0.56897   1.07923   0.05659   0.73646   0.11954   0.48917   0.09600   1.11281   0.20879   0.14229   0.33586   0.41764   0.21750   0.31821   0.03820   0.51970   0.64242   1.85191  -1.66981  -4.17303   0.02753   4.06784  
 26 2225.9515 156643.056034  x:  1.13868   0.29475   0.23900   0.39228   0.34358   0.18703   0.63182   0.19402   0.38179   0.35767   0.79236   2.50001   0.61492   0.33730   0.49010   0.45506   0.64580   0.12659   0.29253   0.11246   0.09420   0.40077   0.43330   0.42278   0.63974   0.33040   0.25070   0.17397   0.00255   0.00994   0.12380   0.57861   0.11443   1.30080   0.10940   1.03679   0.08661   0.05748   0.07422   0.16108   0.54978   0.04721   0.05650   0.41185   0.38605   0.23974   0.26167   0.19196   0.14023   0.53626   0.56987   1.08049   0.05607   0.73564   0.11920   0.48913   0.09673   1.11480   0.20937   0.14239   0.33646   0.41798   0.21737   0.31885   0.03768   0.51861   0.64315   1.85056  -1.67763  -4.18222   0.02752   4.07079  
 27 10804.1326 156556.270173  x:  1.23669   0.30905   0.22563   0.38645   0.34425   0.24491   0.59455   0.17295   0.39808   0.38876   0.78465   2.43818   0.66337   0.32006   0.46695   0.44149   0.68765   0.05848   0.28753   0.11408   0.08193   0.41779   0.45924   0.42360   0.61751   0.33311   0.28412   0.20893   0.00337   0.00643   0.09740   0.58051   0.12431   1.24035   0.11016   1.10058   0.10150   0.04285   0.12224   0.15315   0.51421   0.05310   0.07442   0.41517   0.37471   0.23383   0.27398   0.20455   0.12490   0.55664   0.56466   1.11298   0.09310   0.68784   0.14930   0.52304   0.06807   1.20403   0.22578   0.15284   0.38730   0.42912   0.18049   0.37103   0.06280   0.45649   0.66516   1.82377  -1.95507  -4.49436   0.02762   4.17334  
 28 1447.9596 156481.088321  x:  1.35521   0.31011   0.24248   0.38064   0.36264   0.25180   0.59627   0.16314   0.38781   0.40698   0.77331   2.26823   0.73639   0.33863   0.48789   0.49076   0.75234   0.10304   0.29331   0.12189   0.09432   0.43556   0.49566   0.44022   0.60075   0.33723   0.29927   0.19093   0.00437   0.00268   0.11770   0.54952   0.14626   1.15301   0.08025   1.16311   0.12019   0.04530   0.15354   0.12548   0.47999   0.06688   0.04961   0.44229   0.42164   0.24684   0.28552   0.20146   0.13262   0.57241   0.53005   1.11678   0.03861   0.63685   0.14779   0.56857   0.06813   1.28695   0.21915   0.15976   0.40769   0.43192   0.15655   0.38553   0.04918   0.50020   0.70036   1.83939  -2.17128  -4.73191   0.02758   4.25228  
 29 837.5555 156427.057364  x:  1.46447   0.30568   0.27612   0.39128   0.39232   0.24475   0.63441   0.19793   0.38062   0.42467   0.76756   2.08167   0.80780   0.36295   0.52488   0.54836   0.80353   0.10352   0.30543   0.13566   0.08118   0.44235   0.51414   0.45570   0.60399   0.34573   0.31113   0.19180   0.00502   0.00054   0.11941   0.52803   0.14038   1.09074   0.07830   1.20268   0.09291   0.04433   0.10929   0.15629   0.47708   0.06298   0.05263   0.43483   0.43184   0.25913   0.29237   0.19617   0.11780   0.57947   0.49450   1.10262   0.08984   0.63093   0.15120   0.60144   0.06142   1.33994   0.21700   0.16049   0.39851   0.42564   0.18139   0.34265   0.05053   0.55335   0.71873   1.87314  -2.32395  -4.89810   0.02764   4.30777  
 30 998.0992 156409.453272  x:  1.49569   0.30618   0.28778   0.39351   0.39400   0.24016   0.64938   0.19947   0.37908   0.42734   0.77281   2.01538   0.82723   0.36946   0.53779   0.55963   0.80724   0.09069   0.31040   0.12805   0.07861   0.44433   0.51233   0.45912   0.61299   0.35262   0.31462   0.18964   0.00517   0.00000   0.12274   0.53268   0.13205   1.09363   0.09754   1.20515   0.09786   0.04372   0.10895   0.14407   0.48967   0.06401   0.06018   0.43315   0.42290   0.25421   0.28740   0.20335   0.14073   0.58256   0.50329   1.09062   0.08038   0.65365   0.15433   0.60090   0.06502   1.34129   0.22237   0.15367   0.39190   0.42751   0.19126   0.33937   0.05502   0.55289   0.70946   1.88892  -2.35201  -4.92709   0.02770   4.31773  
 31 426.5379 156397.779758  x:  1.53089   0.31230   0.31028   0.40363   0.40279   0.26810   0.65716   0.21042   0.37745   0.43783   0.78620   1.94005   0.84339   0.37048   0.54738   0.56982   0.80486   0.08268   0.31898   0.12853   0.07747   0.45409   0.51264   0.46995   0.63020   0.36552   0.32117   0.17330   0.00501   0.00073   0.14113   0.54657   0.11589   1.10935   0.07626   1.20348   0.10141   0.04297   0.11573   0.13435   0.50664   0.06455   0.06805   0.43433   0.41579   0.24068   0.28206   0.21023   0.15819   0.58692   0.51962   1.07955   0.07966   0.68903   0.15781   0.59767   0.07279   1.33799   0.22723   0.14543   0.39264   0.43901   0.19694   0.33584   0.05926   0.55482   0.69793   1.90234  -2.38260  -4.94309   0.02782   4.32599  
 32 589.8174 156382.288733  x:  1.57828   0.31961   0.30751   0.40974   0.39900   0.27501   0.66465   0.19267   0.37941   0.44202   0.81395   1.82715   0.86306   0.37332   0.55946   0.57332   0.78766   0.09872   0.32203   0.12956   0.09248   0.46655   0.51078   0.48183   0.65816   0.37652   0.31923   0.18547   0.00514   0.00033   0.13219   0.56917   0.12219   1.16925   0.05499   1.18848   0.09979   0.04473   0.13125   0.15160   0.53019   0.05889   0.06312   0.44510   0.41849   0.24256   0.28843   0.20677   0.12986   0.58728   0.54379   1.06354   0.08361   0.74182   0.15128   0.58787   0.06665   1.31350   0.22313   0.15572   0.40744   0.46412   0.19655   0.35750   0.05071   0.55365   0.68769   1.92122  -2.39522  -4.94570   0.02788   4.32895  
 33 307.9226 156373.553486  x:  1.60531   0.31921   0.29594   0.41540   0.40301   0.27698   0.65666   0.18964   0.38278   0.45142   0.83432   1.76301   0.87092   0.37156   0.55877   0.57402   0.77374   0.09900   0.31891   0.13277   0.06894   0.47472   0.51436   0.48730   0.66965   0.37747   0.31865   0.17168   0.00516   0.00046   0.14515   0.58096   0.13679   1.22592   0.07354   1.17630   0.10063   0.04454   0.12652   0.16308   0.52477   0.06166   0.05853   0.45194   0.43573   0.25398   0.29966   0.20422   0.11452   0.59145   0.54796   1.06401   0.08089   0.75772   0.15329   0.59357   0.07488   1.29244   0.22219   0.15142   0.41583   0.46843   0.18084   0.35716   0.06168   0.55442   0.68993   1.92662  -2.38860  -4.93248   0.02794   4.32599  
 34 246.6565 156359.379074  x:  1.65317   0.31578   0.27097   0.41800   0.40798   0.26361   0.64581   0.20884   0.39157   0.45700   0.87354   1.67077   0.88825   0.36796   0.55609   0.58036   0.75872   0.09864   0.31305   0.13648   0.08110   0.48126   0.53004   0.49124   0.67149   0.37068   0.31167   0.19196   0.00509   0.00054   0.12650   0.58222   0.14225   1.34486   0.06276   1.15989   0.10083   0.04653   0.11658   0.14447   0.49026   0.06735   0.06095   0.43202   0.43752   0.25774   0.29313   0.20699   0.14229   0.60152   0.54052   1.08243   0.08373   0.74196   0.15020   0.61421   0.07937   1.25340   0.23073   0.15322   0.41622   0.45098   0.17261   0.33946   0.06459   0.56343   0.70885   1.91206  -2.34016  -4.88767   0.02789   4.31102  
 35 200.4515 156348.284870  x:  1.68744   0.30875   0.28368   0.40778   0.40317   0.25625   0.64669   0.21152   0.38587   0.44550   0.89606   1.61807   0.90508   0.37456   0.55992   0.58991   0.76268   0.09732   0.31629   0.12034   0.06817   0.47051   0.53091   0.48216   0.65741   0.37138   0.31709   0.18161   0.00504   0.00063   0.13499   0.57110   0.12913   1.42143   0.06646   1.15599   0.10152   0.04580   0.12146   0.14895   0.48377   0.06634   0.06114   0.43177   0.42900   0.24510   0.28367   0.20929   0.14292   0.59610   0.52096   1.09945   0.08418   0.71143   0.14500   0.62102   0.05770   1.23270   0.23678   0.16813   0.41085   0.43976   0.20138   0.35567   0.04327   0.55748   0.71191   1.89322  -2.27419  -4.83899   0.02771   4.29241  
 36 215.2430 156334.874760  x:  1.72021   0.29117   0.31092   0.39216   0.39151   0.24801   0.66233   0.19609   0.37451   0.42397   0.90452   1.57161   0.92442   0.38816   0.56891   0.59801   0.77898   0.09624   0.32185   0.12406   0.09226   0.45034   0.52054   0.46830   0.63646   0.37062   0.32365   0.18415   0.00506   0.00072   0.13277   0.54767   0.11210   1.47816   0.07003   1.15800   0.10018   0.04946   0.12302   0.16082   0.50714   0.06193   0.06912   0.44413   0.41283   0.24121   0.29149   0.21210   0.13166   0.58368   0.50525   1.11052   0.08182   0.67582   0.16210   0.61776   0.07305   1.22071   0.23044   0.14356   0.39059   0.42999   0.19452   0.36694   0.05998   0.54588   0.70774   1.87885  -2.17243  -4.75565   0.02765   4.26215  
 37 264.8531 156313.412484  x:  1.76021   0.26696   0.32989   0.39332   0.38623   0.21731   0.71383   0.16999   0.39101   0.42179   0.89073   1.53380   0.95856   0.41523   0.59319   0.60524   0.81665   0.08491   0.32881   0.14445   0.06472   0.42972   0.49974   0.45198   0.61533   0.37205   0.33547   0.19956   0.00498   0.00093   0.11296   0.52033   0.13422   1.49960   0.06368   1.17192   0.09533   0.04947   0.12520   0.14180   0.54198   0.05671   0.05952   0.44922   0.39646   0.25111   0.28679   0.19714   0.14148   0.57822   0.52404   1.10532   0.08558   0.65769   0.13412   0.59478   0.08933   1.22683   0.22022   0.15067   0.39181   0.45003   0.17877   0.34787   0.05611   0.52035   0.69080   1.86218  -1.98818  -4.59902   0.02728   4.20638  
 38 300.1399 156281.113167  x:  1.80025   0.26409   0.31875   0.40663   0.37737   0.16943   0.78773   0.16441   0.41576   0.42509   0.84878   1.49686   0.99934   0.42795   0.62042   0.59097   0.85884   0.09422   0.32197   0.13611   0.10262   0.43954   0.49337   0.44917   0.59874   0.36851   0.33498   0.20913   0.00481   0.00164   0.10749   0.50159   0.14979   1.45677   0.10893   1.19313   0.11035   0.05991   0.11970   0.15771   0.53472   0.05815   0.07239   0.42444   0.40578   0.24587   0.27926   0.21753   0.15548   0.57037   0.55522   1.06697   0.08343   0.67920   0.15000   0.55677   0.06109   1.24729   0.22341   0.19019   0.40810   0.47207   0.18871   0.34240   0.06445   0.52171   0.66633   1.87354  -1.68694  -4.30256   0.02738   4.10847  
 39 490.1933 156257.552786  x:  1.83067   0.31542   0.29762   0.40420   0.36108   0.13253   0.84201   0.16969   0.41896   0.40910   0.83436   1.48788   1.04363   0.43167   0.64980   0.58195   0.87750   0.09038   0.32822   0.10613   0.09157   0.45542   0.50883   0.45860   0.61893   0.38095   0.33264   0.22935   0.00469   0.00194   0.08508   0.52793   0.14078   1.39926   0.12152   1.21061   0.10837   0.06245   0.12817   0.15570   0.50318   0.06182   0.06526   0.40997   0.40550   0.24906   0.27715   0.21211   0.13616   0.56387   0.55897   1.03131   0.08065   0.72155   0.12602   0.56177   0.07164   1.26808   0.24531   0.15382   0.38193   0.43626   0.19167   0.37682   0.05118   0.52729   0.65543   1.87212  -1.45574  -4.09468   0.02705   4.03639  
 40 551.1222 156251.284617  x:  1.83811   0.34859   0.29021   0.38920   0.35210   0.13467   0.85191   0.15879   0.40788   0.39043   0.83882   1.49113   1.06804   0.43374   0.66143   0.57711   0.86297   0.08878   0.33006   0.12897   0.08929   0.44266   0.50755   0.45955   0.64519   0.37991   0.31873   0.22817   0.00468   0.00203   0.08743   0.54326   0.14814   1.37090   0.12569   1.20930   0.10809   0.06387   0.13121   0.15657   0.49937   0.06121   0.06762   0.41738   0.39002   0.25737   0.28115   0.20902   0.14995   0.56432   0.54345   1.01891   0.08051   0.73027   0.12659   0.58258   0.06741   1.26433   0.23716   0.16910   0.38015   0.41924   0.19751   0.37280   0.05277   0.51936   0.66036   1.87020  -1.38046  -4.02173   0.02705   4.01181  
 41 215.7198 156247.547686  x:  1.84390   0.36986   0.28972   0.38966   0.36142   0.13163   0.85278   0.15680   0.41386   0.39695   0.84540   1.49955   1.09596   0.43666   0.67109   0.57645   0.83915   0.08735   0.32499   0.10262   0.09559   0.43007   0.50399   0.45050   0.65705   0.37557   0.30965   0.22539   0.00469   0.00203   0.08933   0.55054   0.15426   1.34913   0.12462   1.20332   0.10887   0.06468   0.13188   0.15928   0.50889   0.05947   0.06834   0.42314   0.38541   0.25027   0.27621   0.21069   0.15071   0.56289   0.52863   1.01604   0.08087   0.72606   0.12281   0.59563   0.07203   1.25245   0.22817   0.17416   0.38481   0.42099   0.18942   0.36209   0.05553   0.51120   0.66698   1.86252  -1.31871  -3.96525   0.02698   3.99200  
 42 140.0681 156241.338845  x:  1.85329   0.37480   0.29584   0.39285   0.36557   0.11533   0.84140   0.16185   0.42229   0.41397   0.84810   1.52277   1.15478   0.43823   0.68171   0.58009   0.78395   0.08990   0.32504   0.12570   0.09074   0.43346   0.49929   0.44314   0.66647   0.37121   0.30931   0.22616   0.00472   0.00197   0.08856   0.54986   0.14326   1.31161   0.12729   1.18403   0.11522   0.06715   0.13439   0.15659   0.51632   0.06064   0.06831   0.41450   0.40086   0.23973   0.27424   0.21592   0.14970   0.55949   0.52175   1.02331   0.08231   0.70806   0.12048   0.58884   0.07074   1.21743   0.24116   0.16236   0.38430   0.43592   0.19122   0.37297   0.05434   0.50785   0.66616   1.83841  -1.18557  -3.83193   0.02694   3.94716  
 43 135.2916 156233.763383  x:  1.86177   0.35777   0.29827   0.39393   0.35547   0.12548   0.82822   0.16081   0.41209   0.40139   0.84394   1.55458   1.21165   0.44147   0.68547   0.59272   0.74596   0.08934   0.32553   0.10891   0.08917   0.44952   0.50782   0.45169   0.65550   0.37531   0.32480   0.21889   0.00479   0.00194   0.09563   0.54544   0.14962   1.28080   0.12492   1.16135   0.11106   0.07004   0.13891   0.15917   0.50592   0.05827   0.06945   0.40047   0.38825   0.26634   0.28320   0.20563   0.15443   0.56665   0.54406   1.03801   0.08637   0.70132   0.12187   0.57449   0.07562   1.18204   0.24636   0.16231   0.38515   0.43806   0.19357   0.37197   0.05515   0.51441   0.66252   1.80766  -1.00286  -3.64921   0.02689   3.88569  
 44 255.7833 156223.892077  x:  1.86615   0.33994   0.28269   0.39978   0.35577   0.12291   0.81404   0.15082   0.41273   0.39052   0.84295   1.59611   1.23737   0.44085   0.67631   0.61396   0.76290   0.08608   0.33827   0.11297   0.07942   0.45283   0.51782   0.47474   0.64221   0.39238   0.32580   0.21348   0.00486   0.00182   0.09895   0.54085   0.15952   1.27167   0.11760   1.14686   0.11599   0.07331   0.13376   0.16443   0.48558   0.06450   0.07345   0.42230   0.38118   0.22863   0.26663   0.22312   0.14281   0.56918   0.56605   1.05697   0.08746   0.72048   0.12111   0.57143   0.07934   1.16763   0.23202   0.16609   0.38409   0.41597   0.18914   0.36104   0.06100   0.51379   0.65420   1.77738  -0.74691  -3.39634   0.02672   3.80045  
 45 286.9539 156199.569644  x:  1.85723   0.35083   0.28262   0.39868   0.37557   0.10631   0.78537   0.18830   0.45606   0.42885   0.86413   1.69508   1.18955   0.42795   0.63205   0.62964   0.88282   0.10119   0.35465   0.12114   0.07591   0.42999   0.51425   0.47692   0.63357   0.41221   0.29662   0.19517   0.00507   0.00161   0.11963   0.54430   0.15418   1.29899   0.11458   1.14350   0.12157   0.08610   0.15114   0.17065   0.48145   0.06559   0.07689   0.41799   0.36210   0.24721   0.29398   0.20610   0.16142   0.55080   0.55684   1.08801   0.09507   0.76385   0.10411   0.59063   0.08808   1.19873   0.23949   0.16916   0.39377   0.40529   0.18558   0.38491   0.06491   0.49610   0.63448   1.73934  -0.07295  -2.68919   0.02664   3.57038  
 46 473.1420 156179.070283  x:  1.84378   0.38147   0.31233   0.40289   0.38637   0.09226   0.77261   0.15770   0.43985   0.42487   0.89288   1.77389   1.10497   0.43999   0.61612   0.61255   0.96395   0.10758   0.36083   0.12196   0.06969   0.46056   0.52995   0.46518   0.66175   0.41482   0.33571   0.18615   0.00524   0.00150   0.12792   0.58406   0.17898   1.34002   0.11053   1.17138   0.11152   0.09620   0.15853   0.17121   0.49386   0.06323   0.07705   0.38117   0.38468   0.25540   0.26160   0.22604   0.17272   0.55318   0.52945   1.11199   0.10427   0.76252   0.09716   0.60821   0.08209   1.25589   0.26590   0.14874   0.39806   0.43533   0.18953   0.36553   0.07221   0.48934   0.63887   1.72050   0.47614  -2.10741   0.02649   3.38339  
 47 855.1763 156171.808266  x:  1.83602   0.38693   0.32068   0.40827   0.37675   0.07867   0.78538   0.16801   0.43196   0.43526   0.90084   1.79715   1.05127   0.46085   0.64044   0.58921   0.95654   0.10565   0.36654   0.11653   0.06576   0.48318   0.54153   0.47363   0.68629   0.41141   0.34578   0.18240   0.00530   0.00144   0.13226   0.58967   0.19261   1.36074   0.10625   1.20616   0.11332   0.09979   0.15981   0.17070   0.48802   0.06813   0.08359   0.39226   0.37593   0.22810   0.29005   0.21350   0.17627   0.57031   0.53156   1.12105   0.10899   0.73481   0.09463   0.60167   0.08629   1.28979   0.26720   0.14864   0.39790   0.43900   0.19551   0.36237   0.07362   0.48328   0.64168   1.72475   0.66776  -1.90129   0.02648   3.31936  
 48 378.5567 156168.402752  x:  1.83200   0.38564   0.32024   0.41483   0.37727   0.07861   0.79693   0.17159   0.43820   0.44722   0.90358   1.80622   1.01678   0.47363   0.66768   0.57869   0.93360   0.10346   0.37449   0.11649   0.06203   0.48483   0.54450   0.48414   0.69695   0.41469   0.34039   0.17927   0.00534   0.00140   0.13660   0.58305   0.19215   1.37270   0.10281   1.23550   0.11044   0.10115   0.16373   0.17537   0.48006   0.06747   0.08128   0.39986   0.36697   0.24281   0.27090   0.22437   0.17510   0.57515   0.53588   1.12672   0.11039   0.71795   0.09911   0.59561   0.08881   1.31194   0.26385   0.14874   0.39878   0.42951   0.19347   0.37099   0.07433   0.48118   0.63906   1.72996   0.75795  -1.80549   0.02649   3.29090  
 49 245.1164 156167.195402  x:  1.83122   0.38418   0.31638   0.41536   0.38433   0.08400   0.79826   0.16079   0.44238   0.44460   0.90523   1.80937   1.00066   0.47472   0.68489   0.58583   0.91351   0.10175   0.37947   0.11647   0.06325   0.47667   0.54350   0.48667   0.69159   0.42422   0.34031   0.17822   0.00535   0.00139   0.13744   0.57941   0.18672   1.37797   0.10413   1.25548   0.10671   0.10148   0.16503   0.17464   0.47640   0.06836   0.08196   0.38928   0.37373   0.23993   0.27619   0.22104   0.17655   0.56829   0.53639   1.13046   0.11123   0.72048   0.09721   0.59789   0.08815   1.32430   0.26623   0.15058   0.40339   0.42467   0.19022   0.36976   0.07477   0.48213   0.63476   1.73028   0.78942  -1.77489   0.02647   3.28350  
 50 78.9008 156166.589183  x:  1.83106   0.38238   0.31357   0.40873   0.38221   0.08092   0.79438   0.16915   0.44227   0.44049   0.90589   1.81089   0.99173   0.47111   0.69177   0.59781   0.89870   0.10168   0.37705   0.11810   0.06287   0.47592   0.54423   0.48265   0.68214   0.42818   0.34599   0.17844   0.00535   0.00139   0.13709   0.58005   0.18991   1.37981   0.10237   1.26996   0.11073   0.10165   0.16358   0.17599   0.47911   0.06793   0.08210   0.39185   0.37205   0.24057   0.27500   0.22233   0.17683   0.56445   0.53516   1.13186   0.11060   0.72902   0.09630   0.60331   0.08660   1.33199   0.26781   0.14984   0.40497   0.42903   0.18873   0.36903   0.07595   0.48126   0.63504   1.72916   0.80203  -1.76093   0.02646   3.28309  
 51 39.5914 156166.109292  x:  1.83140   0.38210   0.31867   0.41253   0.38485   0.08114   0.78842   0.16668   0.44300   0.44364   0.90743   1.81242   0.98730   0.46735   0.69011   0.60925   0.89029   0.10212   0.37342   0.12029   0.06444   0.47984   0.54597   0.48014   0.67697   0.42512   0.34418   0.17974   0.00535   0.00142   0.13626   0.57875   0.19641   1.38026   0.10573   1.27891   0.10280   0.10177   0.16529   0.17524   0.47982   0.06781   0.08261   0.39562   0.36795   0.23937   0.27514   0.22243   0.17826   0.56684   0.53427   1.13124   0.11057   0.73512   0.09594   0.60518   0.08696   1.33561   0.26647   0.14855   0.40002   0.42933   0.19258   0.37200   0.07435   0.48164   0.63692   1.72781   0.80813  -1.75262   0.02646   3.28716  
 52 22.3493 156164.571564  x:  1.83519   0.38210   0.32768   0.41849   0.37825   0.07676   0.78371   0.15842   0.44239   0.44994   0.91354   1.81523   0.98600   0.46124   0.67463   0.63109   0.88196   0.10342   0.37525   0.11781   0.06248   0.48027   0.54570   0.48482   0.68015   0.41614   0.33934   0.18031   0.00535   0.00144   0.13507   0.57898   0.19528   1.38066   0.10170   1.29728   0.11885   0.10185   0.16101   0.17822   0.48331   0.06639   0.08343   0.38797   0.36883   0.24342   0.27630   0.22086   0.17475   0.57830   0.53472   1.12546   0.10991   0.73753   0.09634   0.60100   0.08794   1.33780   0.26286   0.15036   0.39593   0.42169   0.19715   0.36936   0.07560   0.47496   0.63834   1.72675   0.82550  -1.73814   0.02641   3.31032  
 53 19.2021 156157.807318  x:  1.85407   0.37493   0.33358   0.41344   0.35496   0.07452   0.79634   0.17371   0.43684   0.44730   0.93209   1.82427   0.99577   0.46254   0.62146   0.67704   0.86951   0.10746   0.39206   0.11294   0.06783   0.46972   0.53883   0.49614   0.70557   0.40328   0.34019   0.17563   0.00539   0.00143   0.13708   0.58601   0.18802   1.38241   0.11267   1.34086   0.09317   0.10225   0.16860   0.17326   0.47974   0.06730   0.08068   0.38220   0.37589   0.23728   0.26971   0.22208   0.17111   0.58927   0.53378   1.10293   0.11268   0.73142   0.09494   0.58474   0.08967   1.33326   0.26353   0.15618   0.41259   0.42145   0.17704   0.36701   0.07659   0.46902   0.63333   1.72514   0.89640  -1.68434   0.02612   3.41881  
 54 68.0305 156135.945024  x:  1.90832   0.34075   0.28701   0.42905   0.41801   0.08963   0.83062   0.17020   0.43724   0.43003   0.96562   1.84660   1.03780   0.49241   0.52318   0.70637   0.85328   0.11559   0.40819   0.11161   0.07606   0.46891   0.53294   0.48641   0.74450   0.41933   0.36058   0.16760   0.00549   0.00153   0.13986   0.59953   0.19998   1.38413   0.10892   1.41819   0.11307   0.10437   0.16932   0.17714   0.46898   0.06829   0.07939   0.41056   0.34889   0.24376   0.27590   0.21657   0.17787   0.55827   0.53025   1.06275   0.11824   0.70664   0.09700   0.57991   0.08615   1.30718   0.28969   0.13216   0.41026   0.43273   0.19648   0.36558   0.07765   0.46968   0.61648   1.74580   1.11471  -1.50426   0.02551   3.78406  
 55 197.9674 156079.808609  x:  2.04483   0.33565   0.29865   0.36935   0.38734   0.11142   0.82360   0.17284   0.47523   0.47277   1.02345   1.89651   1.15445   0.54145   0.53784   0.64542   0.88081   0.11807   0.38978   0.12884   0.08978   0.52868   0.58142   0.48445   0.71581   0.50166   0.34880   0.13153   0.00568   0.00168   0.16094   0.58508   0.22610   1.39147   0.10824   1.47341   0.11292   0.10646   0.16958   0.17808   0.50224   0.06108   0.08498   0.35952   0.35684   0.23139   0.26564   0.21537   0.17038   0.52684   0.56454   1.07063   0.12550   0.72121   0.09444   0.63414   0.09476   1.26600   0.25233   0.13575   0.35789   0.41559   0.20188   0.35154   0.07854   0.44484   0.62914   1.80509   1.66549  -1.06476   0.02367   4.71380  
 56 419.2184 156042.400171  x:  2.13613   0.36863   0.35131   0.44156   0.40100   0.07912   0.75786   0.19349   0.42763   0.45917   1.04251   1.93154   1.23081   0.53080   0.63108   0.60894   0.91375   0.12889   0.39782   0.14461   0.10831   0.51683   0.58019   0.52073   0.67589   0.52631   0.36426   0.13041   0.00581   0.00188   0.15307   0.59543   0.19735   1.40291   0.13325   1.45211   0.12796   0.10857   0.18014   0.17553   0.49021   0.06089   0.07446   0.38508   0.33863   0.24761   0.26283   0.20433   0.16339   0.56204   0.55220   1.11799   0.13043   0.75041   0.08071   0.63290   0.09645   1.27440   0.26104   0.13232   0.41065   0.41084   0.19114   0.32478   0.08218   0.42485   0.62144   1.83969   2.02847  -0.75687   0.02243   5.35074  
 57 766.3772 156033.006271  x:  2.15685   0.37131   0.32500   0.43701   0.39318   0.09717   0.74168   0.19513   0.43277   0.47085   1.01444   1.93817   1.25190   0.51754   0.68173   0.63631   0.92339   0.12261   0.42128   0.14147   0.11818   0.48207   0.55471   0.53047   0.68824   0.49145   0.38396   0.12249   0.00585   0.00195   0.15864   0.61159   0.23448   1.41621   0.12631   1.40276   0.13348   0.10850   0.17988   0.17485   0.48905   0.06032   0.07900   0.37697   0.33670   0.24150   0.26319   0.20697   0.16309   0.58792   0.53250   1.14410   0.13236   0.75421   0.08652   0.60896   0.09372   1.31228   0.27744   0.12047   0.39200   0.41492   0.19770   0.33653   0.08025   0.43259   0.61818   1.85159   2.11768  -0.68291   0.02216   5.50930  
 58 218.4170 156030.231584  x:  2.16266   0.38017   0.32293   0.42428   0.40723   0.09687   0.74178   0.19446   0.43491   0.46680   0.98416   1.93971   1.25872   0.50120   0.68812   0.66287   0.91391   0.12344   0.44190   0.13805   0.11671   0.50584   0.56488   0.52318   0.70670   0.47670   0.38154   0.12317   0.00586   0.00197   0.15731   0.61401   0.22539   1.43019   0.13079   1.36062   0.13720   0.10858   0.18046   0.17550   0.49337   0.05952   0.07843   0.37884   0.33328   0.24282   0.26293   0.20549   0.16508   0.57125   0.53712   1.15599   0.13323   0.74454   0.08591   0.60366   0.09600   1.35324   0.26603   0.12791   0.39150   0.41450   0.19326   0.33509   0.08097   0.42817   0.61293   1.85304   2.14105  -0.66460   0.02206   5.55520  
 59 78.0056 156029.450005  x:  2.16398   0.38680   0.33155   0.42747   0.40115   0.09505   0.75004   0.19369   0.43608   0.46601   0.96363   1.93914   1.26266   0.50443   0.67580   0.66693   0.90077   0.12304   0.43816   0.13816   0.11796   0.49998   0.56509   0.52370   0.70750   0.48351   0.37666   0.12234   0.00587   0.00197   0.15820   0.61021   0.23050   1.43978   0.12933   1.33915   0.13881   0.10862   0.18054   0.17611   0.49133   0.05987   0.07842   0.37886   0.33421   0.24180   0.26256   0.20584   0.16416   0.56804   0.54435   1.15457   0.13329   0.74229   0.08584   0.61271   0.09440   1.37585   0.26906   0.11980   0.39963   0.41299   0.19856   0.33352   0.08049   0.42830   0.61673   1.85292   2.14429  -0.66302   0.02205   5.56678  
 60 34.8421 156029.143984  x:  2.16472   0.39216   0.33250   0.43163   0.40125   0.09392   0.75354   0.19427   0.43458   0.46711   0.95375   1.93879   1.26479   0.50964   0.66833   0.66702   0.89427   0.12300   0.43400   0.13917   0.11841   0.49731   0.56521   0.52581   0.70418   0.49057   0.38080   0.12226   0.00587   0.00197   0.15821   0.61082   0.22835   1.44468   0.12933   1.33141   0.13974   0.10863   0.18069   0.17586   0.49160   0.05980   0.07821   0.37894   0.33500   0.24210   0.26266   0.20558   0.16430   0.57118   0.54139   1.15215   0.13346   0.74260   0.08585   0.61328   0.09382   1.38472   0.26864   0.12633   0.39105   0.41337   0.19329   0.33501   0.08060   0.42886   0.61619   1.85183   2.14295  -0.66508   0.02205   5.57039  
 61 24.6719 156028.787562  x:  2.16625   0.40014   0.32664   0.42702   0.40119   0.09582   0.75321   0.19221   0.43412   0.47126   0.94441   1.93886   1.26770   0.51846   0.66487   0.66726   0.89164   0.12329   0.42950   0.14016   0.11780   0.50048   0.56602   0.52740   0.69851   0.49338   0.38206   0.12234   0.00587   0.00197   0.15775   0.60900   0.22303   1.44974   0.12976   1.32990   0.13945   0.10850   0.18117   0.17450   0.49298   0.05962   0.07798   0.37961   0.33401   0.24271   0.26276   0.20527   0.16457   0.57751   0.53201   1.14865   0.13336   0.74544   0.08627   0.60665   0.09533   1.38806   0.26305   0.12343   0.39604   0.41364   0.19702   0.33254   0.08056   0.43110   0.61301   1.84949   2.13611  -0.67434   0.02204   5.57259  
 62 12.0673 156026.691858  x:  2.17485   0.42314   0.32437   0.42282   0.41361   0.09939   0.74234   0.19937   0.42439   0.45970   0.90556   1.93613   1.28105   0.54543   0.67207   0.66780   0.89536   0.11964   0.42348   0.14256   0.11756   0.50638   0.55999   0.52284   0.69274   0.47426   0.36715   0.11896   0.00587   0.00195   0.16057   0.59869   0.22264   1.46472   0.12454   1.34305   0.13992   0.10719   0.18044   0.17689   0.49035   0.05944   0.07774   0.37398   0.33863   0.24056   0.26169   0.20518   0.16109   0.57823   0.53703   1.13693   0.13250   0.75467   0.08733   0.59743   0.09402   1.37920   0.27210   0.12424   0.39530   0.41167   0.19079   0.33360   0.08193   0.42051   0.61958   1.84673   2.07912  -0.74539   0.02203   5.57998  
 63 16.6579 156020.623901  x:  2.19543   0.45175   0.33416   0.42373   0.39922   0.10315   0.70787   0.19249   0.43934   0.47110   0.82639   1.92952   1.30585   0.55359   0.68626   0.66233   0.90153   0.12363   0.43534   0.14332   0.12339   0.49751   0.55379   0.52361   0.69610   0.45289   0.38795   0.12057   0.00584   0.00201   0.15758   0.61605   0.20745   1.48645   0.12916   1.37347   0.14002   0.10561   0.17793   0.17637   0.48216   0.06069   0.07417   0.38726   0.33484   0.24374   0.26239   0.20195   0.15734   0.55790   0.55577   1.12790   0.13321   0.75204   0.08830   0.61351   0.09191   1.34789   0.26933   0.12752   0.39027   0.41150   0.19259   0.32024   0.08055   0.43726   0.61929   1.85247   1.89830  -0.95184   0.02213   5.60002  
 64 96.2622 156011.074773  x:  2.22716   0.45214   0.32699   0.44986   0.39847   0.10906   0.72288   0.21036   0.41880   0.45855   0.79111   1.92136   1.33588   0.50087   0.70196   0.65902   0.90277   0.12361   0.44625   0.14455   0.12721   0.49186   0.57149   0.53289   0.70140   0.47727   0.38041   0.12460   0.00576   0.00215   0.15312   0.61348   0.23223   1.49187   0.13430   1.38077   0.14012   0.10245   0.17548   0.17130   0.50472   0.05700   0.07450   0.36909   0.34752   0.24235   0.26227   0.20194   0.15721   0.56771   0.53883   1.15035   0.13118   0.74051   0.09367   0.62549   0.09986   1.32554   0.23535   0.12159   0.39626   0.41930   0.20211   0.33825   0.07747   0.43036   0.60063   1.87099   1.60608  -1.27992   0.02234   5.63234  
 65 171.0046 156001.186721  x:  2.26246   0.44785   0.33114   0.43434   0.39100   0.11877   0.75967   0.19731   0.41632   0.46317   0.83056   1.91488   1.36368   0.44271   0.71685   0.65864   0.89706   0.13096   0.43356   0.14550   0.13106   0.50236   0.57376   0.52829   0.69627   0.50378   0.36021   0.12305   0.00569   0.00224   0.15219   0.59206   0.23526   1.48225   0.13873   1.35642   0.14448   0.09914   0.17635   0.17016   0.50313   0.05605   0.06955   0.38791   0.33931   0.24249   0.26117   0.19636   0.14671   0.58437   0.52349   1.17780   0.13048   0.74300   0.09720   0.59745   0.08683   1.33749   0.27937   0.12477   0.38963   0.41956   0.18663   0.31373   0.08058   0.43290   0.60840   1.89286   1.30877  -1.62644   0.02245   5.66760  
 66 314.3097 155995.029907  x:  2.28550   0.42889   0.33983   0.42430   0.40293   0.11809   0.76571   0.20269   0.41586   0.46157   0.91395   1.91369   1.37809   0.46001   0.72470   0.66172   0.88853   0.13038   0.40645   0.15398   0.13835   0.50019   0.54655   0.52224   0.68648   0.48860   0.38478   0.12366   0.00566   0.00230   0.15014   0.59563   0.22873   1.46322   0.14133   1.31420   0.15076   0.09706   0.17307   0.16960   0.47673   0.05996   0.06692   0.38257   0.34408   0.24340   0.26092   0.19473   0.14106   0.57672   0.53982   1.18132   0.12979   0.75145   0.10070   0.58300   0.09340   1.37980   0.25174   0.12541   0.39334   0.40733   0.19086   0.31863   0.07747   0.42695   0.62032   1.90586   1.12533  -1.83796   0.02254   5.69253  
 67 189.3879 155992.886835  x:  2.29365   0.40684   0.32685   0.43549   0.39237   0.12249   0.74332   0.20494   0.41310   0.45947   0.95533   1.91666   1.38253   0.49093   0.72766   0.66299   0.88495   0.12986   0.41145   0.15238   0.13692   0.50253   0.55402   0.53316   0.68122   0.47441   0.37480   0.12557   0.00563   0.00236   0.14787   0.59254   0.22036   1.45373   0.14396   1.29171   0.15169   0.09634   0.17369   0.16986   0.49017   0.05749   0.06752   0.38234   0.34315   0.24315   0.26086   0.19462   0.14075   0.57254   0.54124   1.16984   0.12908   0.75118   0.09969   0.59878   0.08824   1.40854   0.25761   0.12552   0.39142   0.41250   0.18923   0.31617   0.07836   0.43152   0.60897   1.90790   1.06333  -1.90861   0.02258   5.70419  
 68 94.0647 155992.698574  x:  2.29453   0.39972   0.32857   0.43484   0.39304   0.12202   0.73662   0.20580   0.41570   0.45723   0.95714   1.91739   1.38376   0.49297   0.72899   0.66061   0.88441   0.12897   0.41937   0.15187   0.13749   0.50059   0.55767   0.52847   0.68184   0.48003   0.37195   0.12600   0.00563   0.00237   0.14752   0.59521   0.22018   1.45396   0.14447   1.28974   0.15206   0.09633   0.17384   0.16976   0.48900   0.05760   0.06734   0.38228   0.34378   0.24366   0.26111   0.19461   0.14062   0.57609   0.53930   1.16104   0.12915   0.75204   0.10036   0.59537   0.08843   1.41231   0.25636   0.12527   0.39092   0.41381   0.18993   0.31577   0.07786   0.43111   0.61594   1.90698   1.06056  -1.91163   0.02259   5.70851  
 69 15.2553 155992.457215  x:  2.29719   0.39704   0.32825   0.43399   0.39470   0.12177   0.73347   0.20695   0.41306   0.45843   0.95802   1.91884   1.38802   0.48532   0.73342   0.65740   0.88557   0.12943   0.41484   0.15295   0.13768   0.49986   0.55779   0.52343   0.68148   0.48106   0.37227   0.12511   0.00563   0.00236   0.14806   0.59709   0.22231   1.45765   0.14390   1.29041   0.15155   0.09643   0.17416   0.16927   0.49159   0.05727   0.06744   0.38166   0.34413   0.24282   0.26078   0.19468   0.13935   0.57758   0.54201   1.14481   0.12953   0.74737   0.10094   0.59433   0.08786   1.41636   0.25724   0.12616   0.39230   0.40705   0.18914   0.31540   0.07785   0.43465   0.61026   1.90258   1.06914  -1.90657   0.02258   5.72578  
 70  6.2145 155991.820896  x:  2.30333   0.39744   0.32687   0.43533   0.39145   0.12268   0.73360   0.20590   0.41144   0.45734   0.95894   1.92188   1.39571   0.47238   0.74028   0.65368   0.88814   0.13002   0.40862   0.15288   0.13660   0.49967   0.55504   0.53022   0.68011   0.47965   0.36875   0.12364   0.00562   0.00235   0.14897   0.59365   0.22127   1.46442   0.14318   1.29358   0.15100   0.09643   0.17424   0.16987   0.48203   0.05836   0.06679   0.38064   0.34331   0.24253   0.26022   0.19390   0.13956   0.57052   0.54013   1.12372   0.12964   0.74321   0.10129   0.59349   0.08830   1.42088   0.25229   0.12313   0.38586   0.41958   0.19111   0.31219   0.07887   0.43123   0.60737   1.89585   1.09820  -1.88711   0.02256   5.77870  
 71 22.9223 155987.154675  x:  2.33237   0.40118   0.32697   0.44357   0.38778   0.11996   0.73826   0.20731   0.42550   0.45075   0.94583   1.93395   1.41798   0.46390   0.73810   0.63803   0.88911   0.13546   0.41497   0.15171   0.13338   0.51815   0.54169   0.56166   0.67142   0.47204   0.38475   0.12365   0.00551   0.00242   0.14904   0.58278   0.23361   1.47763   0.14397   1.30831   0.14714   0.09745   0.17618   0.16668   0.49766   0.05621   0.06739   0.37815   0.34267   0.24011   0.26150   0.19305   0.14723   0.53974   0.51615   1.10361   0.13092   0.74823   0.10366   0.58468   0.08644   1.41577   0.25725   0.12373   0.39092   0.39890   0.18888   0.31360   0.07808   0.42356   0.63066   1.89339   1.30383  -1.70937   0.02273   6.18262  
 72 59.3592 155974.652538  x:  2.40405   0.43728   0.33269   0.42038   0.40224   0.10786   0.74079   0.20663   0.42511   0.45296   0.91838   1.96450   1.46087   0.49035   0.72247   0.63146   0.89903   0.14344   0.44131   0.15467   0.13835   0.51714   0.54211   0.53767   0.66906   0.47941   0.38118   0.12794   0.00522   0.00267   0.14561   0.57077   0.24310   1.49759   0.15172   1.34866   0.14373   0.09869   0.17816   0.16705   0.47702   0.05728   0.06821   0.36703   0.33884   0.23799   0.25913   0.19169   0.13401   0.56370   0.52922   1.12632   0.13279   0.74919   0.10490   0.60011   0.08238   1.39136   0.26016   0.12206   0.38287   0.40848   0.18927   0.30977   0.08122   0.42796   0.59341   1.90370   1.84325  -1.23881   0.02314   7.24518  
 73 422.9782 155973.412388  x:  2.41131   0.43826   0.32678   0.43350   0.38971   0.11030   0.74136   0.20495   0.41798   0.45964   0.91374   1.96722   1.46480   0.50018   0.72736   0.64387   0.90585   0.14389   0.42551   0.15763   0.13795   0.51062   0.55899   0.52165   0.67411   0.48614   0.37489   0.12707   0.00519   0.00269   0.14636   0.58332   0.24072   1.49865   0.15138   1.35293   0.14372   0.09874   0.17750   0.16758   0.47343   0.05778   0.06842   0.36598   0.33720   0.23753   0.25908   0.19151   0.13600   0.54899   0.52874   1.13408   0.13338   0.74646   0.10648   0.58627   0.08328   1.38740   0.26071   0.12235   0.38422   0.40670   0.18816   0.30976   0.08166   0.42435   0.59634   1.90641   1.89884  -1.19179   0.02317   7.35407  
 74 126.1476 155973.350047  x:  2.41144   0.43691   0.32800   0.43134   0.39151   0.10975   0.73874   0.20519   0.42081   0.45728   0.91267   1.96746   1.46438   0.50141   0.72821   0.64663   0.90703   0.14401   0.41988   0.15733   0.13765   0.51081   0.55838   0.52606   0.67624   0.48937   0.37256   0.12749   0.00518   0.00270   0.14604   0.58734   0.24056   1.49827   0.15180   1.35309   0.14347   0.09878   0.17753   0.16758   0.47439   0.05766   0.06855   0.36591   0.33699   0.23745   0.25907   0.19157   0.13605   0.54975   0.52913   1.13508   0.13352   0.74350   0.10671   0.58536   0.08326   1.38704   0.26154   0.12219   0.38428   0.40720   0.18831   0.31001   0.08164   0.42401   0.59612   1.90719   1.90061  -1.18985   0.02317   7.35950  
 75  9.2276 155973.232754  x:  2.41249   0.43526   0.32627   0.43303   0.38918   0.11009   0.73603   0.20515   0.41816   0.45903   0.91191   1.96814   1.46474   0.50261   0.72904   0.64927   0.90834   0.14344   0.41934   0.15634   0.13825   0.51647   0.54798   0.52399   0.67956   0.49553   0.37078   0.12791   0.00517   0.00271   0.14566   0.58670   0.24025   1.49817   0.15203   1.35337   0.14334   0.09873   0.17729   0.16759   0.47354   0.05765   0.06855   0.36570   0.33695   0.23764   0.25898   0.19155   0.13628   0.54980   0.52832   1.13578   0.13343   0.74234   0.10664   0.58760   0.08299   1.38716   0.26126   0.12258   0.38442   0.40683   0.18797   0.31012   0.08146   0.42423   0.59695   1.90705   1.90031  -1.19185   0.02316   7.36915  
 76  1.9599 155965.052137  x:  2.48884   0.43272   0.32258   0.42336   0.38424   0.10178   0.70757   0.20446   0.42220   0.44682   0.92560   1.99246   1.50111   0.50830   0.70644   0.64225   0.90648   0.15306   0.39703   0.15406   0.12995   0.49631   0.56085   0.50642   0.70600   0.49700   0.38303   0.13743   0.00450   0.00309   0.13686   0.53070   0.24610   1.49533   0.15931   1.35432   0.13459   0.09707   0.17345   0.16115   0.46323   0.05851   0.06940   0.35970   0.33540   0.23413   0.25754   0.19035   0.13332   0.54217   0.52120   1.13413   0.13018   0.74340   0.10853   0.57566   0.07670   1.38802   0.25986   0.12587   0.37842   0.40256   0.18790   0.31402   0.07996   0.42517   0.58694   1.93680   1.84765  -1.37392   0.02239   8.02877  
 77  8.4222 155961.886309  x:  2.51872   0.43006   0.32258   0.41642   0.38508   0.09932   0.72569   0.20106   0.41179   0.45266   0.93055   2.00019   1.51662   0.51162   0.69689   0.63929   0.90175   0.15605   0.41198   0.15747   0.12674   0.50001   0.55231   0.50553   0.65917   0.48466   0.35634   0.13999   0.00424   0.00321   0.13506   0.57374   0.25095   1.49466   0.16066   1.35333   0.13140   0.09638   0.17294   0.16030   0.45783   0.05864   0.07010   0.35749   0.33508   0.23193   0.25672   0.19018   0.13273   0.53668   0.52079   1.13097   0.12987   0.72785   0.11046   0.57449   0.07482   1.38529   0.26050   0.12724   0.37799   0.40271   0.18729   0.31521   0.07921   0.42605   0.58597   1.95071   1.82673  -1.44444   0.02210   8.28674  
 78 160.1658 155961.861337  x:  2.51899   0.42991   0.32271   0.41823   0.38369   0.09973   0.72668   0.20103   0.41523   0.44981   0.93048   2.00002   1.51685   0.51161   0.69706   0.63919   0.90164   0.15620   0.41148   0.15787   0.12663   0.50129   0.55175   0.50352   0.65848   0.48362   0.35600   0.13955   0.00424   0.00320   0.13545   0.57445   0.25048   1.49467   0.16029   1.35326   0.13154   0.09637   0.17310   0.16030   0.45721   0.05873   0.07012   0.35746   0.33506   0.23175   0.25673   0.19013   0.13252   0.53783   0.51968   1.13091   0.12987   0.72773   0.11043   0.57493   0.07495   1.38518   0.26020   0.12732   0.37809   0.40246   0.18702   0.31521   0.07936   0.42613   0.58470   1.95116   1.82698  -1.44509   0.02209   8.28904  
 79  7.3734 155956.171354  x:  2.53434   0.42561   0.33097   0.41405   0.37998   0.11474   0.69901   0.19792   0.40575   0.44962   0.92416   1.98251   1.48417   0.49029   0.66122   0.62856   0.88316   0.16325   0.41334   0.14928   0.10624   0.49132   0.54190   0.50558   0.66356   0.47487   0.35894   0.12641   0.00378   0.00339   0.13355   0.57689   0.26002   1.45334   0.15278   1.32111   0.13375   0.10050   0.16573   0.15731   0.46019   0.05814   0.07068   0.36433   0.32419   0.22766   0.25023   0.18764   0.13891   0.53918   0.50790   1.12277   0.12593   0.71485   0.10199   0.57356   0.08144   1.38861   0.24991   0.12823   0.38127   0.39853   0.17911   0.31236   0.07606   0.41071   0.57928   1.94928   2.07964  -1.32196   0.02212   9.24967  
 80  0.6355 155951.384837  x:  2.47497   0.40737   0.31606   0.40911   0.37479   0.10785   0.69794   0.19212   0.39773   0.43801   0.90294   1.91985   1.39276   0.47617   0.66209   0.61123   0.85581   0.15991   0.39573   0.14023   0.09727   0.47256   0.52612   0.48754   0.65692   0.45762   0.34130   0.12726   0.00347   0.00360   0.13118   0.57150   0.24993   1.40346   0.14021   1.25916   0.13517   0.09765   0.15386   0.15894   0.45006   0.05597   0.06762   0.35511   0.32298   0.23025   0.24603   0.18451   0.13919   0.53034   0.50407   1.11568   0.11583   0.70506   0.09637   0.55135   0.08349   1.36492   0.24837   0.12090   0.36968   0.39196   0.17498   0.30337   0.07291   0.41356   0.57147   1.92900   1.79164  -1.75520   0.02248   9.52164  
 81  0.3243 155947.858606  x:  2.38938   0.40309   0.30894   0.40171   0.36900   0.09568   0.68493   0.18909   0.39546   0.42957   0.85946   1.87305   1.29430   0.46434   0.65372   0.58902   0.83961   0.15604   0.39076   0.13741   0.10041   0.47273   0.51748   0.48630   0.64047   0.45261   0.33829   0.13002   0.00356   0.00372   0.13344   0.55581   0.23774   1.38831   0.13302   1.25956   0.13031   0.09927   0.15132   0.15674   0.44164   0.05462   0.06713   0.34378   0.32172   0.22382   0.24529   0.18332   0.13673   0.51559   0.49529   1.08288   0.11181   0.69896   0.09959   0.54728   0.07902   1.30982   0.24676   0.11902   0.36263   0.38474   0.17501   0.30042   0.07319   0.40835   0.56207   1.90755   2.02312  -1.63746   0.02267  10.45445  
 82  0.6078 155946.444457  x:  2.32833   0.39409   0.31033   0.39780   0.36517   0.10196   0.66961   0.18988   0.38829   0.43002   0.86243   1.85139   1.25687   0.46623   0.64113   0.59635   0.83192   0.15063   0.38792   0.14167   0.10937   0.47040   0.52131   0.48204   0.63332   0.45133   0.33935   0.12542   0.00375   0.00380   0.13294   0.55310   0.22806   1.37564   0.13392   1.24657   0.12908   0.09907   0.15530   0.15227   0.44199   0.05543   0.06672   0.34717   0.31676   0.21985   0.24326   0.18199   0.13222   0.51814   0.49325   1.07554   0.11314   0.69447   0.10051   0.54979   0.07653   1.29326   0.24170   0.12242   0.36384   0.38382   0.17535   0.30036   0.07247   0.40098   0.55839   1.91588   1.96203  -1.75306   0.02277  10.72220  
 83  0.2251 155945.914122  x:  2.29307   0.39133   0.30810   0.39834   0.36786   0.10022   0.67790   0.19008   0.38925   0.42865   0.86648   1.84878   1.27027   0.46380   0.63983   0.60291   0.83356   0.14633   0.38896   0.14378   0.11122   0.46986   0.51954   0.48184   0.63447   0.44706   0.34030   0.12481   0.00368   0.00393   0.13201   0.55160   0.23157   1.37106   0.13460   1.23108   0.12688   0.09970   0.16001   0.15225   0.44167   0.05579   0.06730   0.34610   0.31701   0.22279   0.24260   0.18181   0.13278   0.51708   0.49037   1.07051   0.11642   0.69004   0.09805   0.54714   0.07747   1.29730   0.24334   0.11964   0.36164   0.38384   0.17512   0.29927   0.07293   0.40442   0.56089   1.92174   2.01061  -1.73344   0.02278  10.90755  
 84  0.1196 155945.695143  x:  2.26481   0.39340   0.30834   0.39813   0.36570   0.10119   0.67647   0.18864   0.38863   0.42882   0.86663   1.84518   1.28364   0.46285   0.64407   0.59841   0.83176   0.14193   0.38684   0.14284   0.10862   0.46843   0.51816   0.48044   0.63316   0.44868   0.33867   0.12692   0.00347   0.00404   0.13104   0.54975   0.23138   1.37016   0.13326   1.23725   0.12784   0.10021   0.15884   0.15315   0.44080   0.05527   0.06751   0.34596   0.31652   0.22139   0.24283   0.18157   0.13197   0.51668   0.49181   1.06635   0.11743   0.69042   0.09717   0.54719   0.07728   1.29290   0.24367   0.12004   0.36172   0.38327   0.17451   0.29879   0.07358   0.40159   0.55966   1.92041   1.99049  -1.78231   0.02277  10.92454  
 85  0.0356 155945.655204  x:  2.25709   0.39421   0.30838   0.39757   0.36588   0.09991   0.67452   0.18902   0.38884   0.42812   0.86478   1.84574   1.28797   0.46333   0.64319   0.59829   0.83204   0.14173   0.38808   0.14182   0.10779   0.46845   0.51865   0.48124   0.63292   0.44885   0.33889   0.12551   0.00347   0.00408   0.13131   0.54999   0.23055   1.37334   0.13346   1.23793   0.12800   0.10050   0.15801   0.15329   0.44057   0.05519   0.06694   0.34548   0.31690   0.22128   0.24238   0.18160   0.13260   0.51599   0.49057   1.06968   0.11742   0.69058   0.09784   0.54655   0.07736   1.29318   0.24259   0.12053   0.36164   0.38270   0.17476   0.29850   0.07314   0.40261   0.55853   1.91976   1.99483  -1.78354   0.02277  10.89126  
 86  0.0278 155945.645795  x:  2.25403   0.39389   0.30870   0.39769   0.36581   0.10017   0.67485   0.18934   0.38866   0.42824   0.86519   1.84538   1.28956   0.46329   0.64183   0.59832   0.83220   0.14216   0.38826   0.14171   0.10784   0.46879   0.51873   0.48114   0.63336   0.44855   0.33907   0.12575   0.00349   0.00410   0.13159   0.55071   0.23069   1.37483   0.13366   1.23814   0.12790   0.10062   0.15777   0.15295   0.44064   0.05520   0.06687   0.34567   0.31628   0.22133   0.24240   0.18138   0.13260   0.51592   0.49066   1.06996   0.11720   0.69075   0.09820   0.54631   0.07742   1.29583   0.24308   0.12001   0.36155   0.38281   0.17447   0.29904   0.07285   0.40224   0.55851   1.91942   1.99657  -1.78104   0.02277  10.83989  
 87  0.0278 155945.635041  x:  2.24941   0.39285   0.30830   0.39774   0.36590   0.10018   0.67480   0.18939   0.38876   0.42834   0.86661   1.84380   1.29023   0.46294   0.64168   0.59761   0.83209   0.14329   0.38757   0.14191   0.10807   0.46855   0.51824   0.48091   0.63355   0.44838   0.33839   0.12561   0.00350   0.00417   0.13171   0.55062   0.23094   1.37414   0.13381   1.23947   0.12739   0.10069   0.15750   0.15298   0.44045   0.05529   0.06711   0.34514   0.31654   0.22121   0.24241   0.18150   0.13257   0.51596   0.49079   1.06997   0.11652   0.69051   0.09813   0.54628   0.07746   1.29577   0.24309   0.12035   0.36174   0.38304   0.17462   0.29818   0.07283   0.40252   0.55880   1.91959   1.99342  -1.78350   0.02277  10.71122  
 88  0.0400 155945.620061  x:  2.24647   0.39381   0.30833   0.39773   0.36612   0.10017   0.67440   0.18896   0.38895   0.42848   0.86498   1.84341   1.29138   0.46293   0.64298   0.59739   0.83213   0.14430   0.38800   0.14228   0.10829   0.46856   0.51858   0.48102   0.63308   0.44856   0.33886   0.12580   0.00342   0.00430   0.13152   0.55053   0.23080   1.37397   0.13386   1.23872   0.12772   0.10097   0.15756   0.15314   0.44081   0.05524   0.06699   0.34610   0.31685   0.22148   0.24252   0.18171   0.13222   0.51631   0.49070   1.07043   0.11605   0.69088   0.09766   0.54652   0.07757   1.29510   0.24267   0.12035   0.36164   0.38295   0.17438   0.29934   0.07313   0.40228   0.55862   1.91946   1.99785  -1.77409   0.02279  10.43943  
 89  0.0838 155945.599743  x:  2.24879   0.39445   0.30882   0.39773   0.36568   0.10073   0.67496   0.18914   0.38851   0.42788   0.86429   1.84519   1.29045   0.46330   0.64214   0.59876   0.83209   0.14426   0.38805   0.14200   0.10784   0.46880   0.51887   0.48134   0.63291   0.44854   0.33917   0.12582   0.00327   0.00449   0.13137   0.55037   0.23068   1.37455   0.13309   1.23711   0.12812   0.10164   0.15738   0.15319   0.44048   0.05517   0.06712   0.34522   0.31627   0.22123   0.24250   0.18134   0.13279   0.51591   0.49079   1.06895   0.11634   0.69013   0.09785   0.54663   0.07733   1.29518   0.24282   0.12026   0.36170   0.38253   0.17475   0.29851   0.07324   0.40229   0.55895   1.91967   1.99938  -1.77022   0.02279   9.98046  
 90  0.1425 155945.584698  x:  2.25272   0.39388   0.30881   0.39799   0.36614   0.10027   0.67567   0.18941   0.38918   0.42865   0.86686   1.84624   1.28838   0.46381   0.64248   0.59920   0.83292   0.14345   0.38837   0.14198   0.10792   0.46920   0.51896   0.48143   0.63389   0.44912   0.33917   0.12565   0.00323   0.00462   0.13188   0.55087   0.23084   1.37498   0.13287   1.23881   0.12787   0.10230   0.15735   0.15318   0.44094   0.05526   0.06693   0.34585   0.31701   0.22138   0.24264   0.18166   0.13263   0.51635   0.49123   1.06917   0.11690   0.69060   0.09832   0.54686   0.07736   1.29493   0.24320   0.12014   0.36207   0.38339   0.17461   0.29905   0.07302   0.40293   0.55914   1.91920   1.99512  -1.77107   0.02278   9.56810  
 91  0.2208 155945.578131  x:  2.25539   0.39401   0.30845   0.39785   0.36610   0.09991   0.67475   0.18932   0.38897   0.42858   0.86621   1.84649   1.28818   0.46300   0.64275   0.59819   0.83243   0.14284   0.38819   0.14206   0.10790   0.46866   0.51860   0.48108   0.63320   0.44874   0.33887   0.12570   0.00325   0.00467   0.13181   0.55054   0.23081   1.37471   0.13287   1.23809   0.12756   0.10264   0.15720   0.15305   0.44072   0.05521   0.06691   0.34574   0.31653   0.22137   0.24243   0.18151   0.13226   0.51638   0.49071   1.06935   0.11697   0.69061   0.09797   0.54638   0.07752   1.29483   0.24299   0.12021   0.36173   0.38304   0.17448   0.29890   0.07285   0.40232   0.55865   1.91966   1.99835  -1.77151   0.02278   9.37286  
 92  0.1220 155945.572139  x:  2.25750   0.39422   0.30875   0.39809   0.36610   0.10039   0.67470   0.18934   0.38899   0.42843   0.86516   1.84607   1.28896   0.46264   0.64248   0.59784   0.83198   0.14233   0.38796   0.14220   0.10796   0.46900   0.51896   0.48152   0.63346   0.44863   0.33891   0.12585   0.00328   0.00470   0.13168   0.55097   0.23071   1.37473   0.13298   1.23846   0.12750   0.10310   0.15700   0.15330   0.44083   0.05528   0.06717   0.34575   0.31659   0.22148   0.24278   0.18157   0.13231   0.51625   0.49093   1.07035   0.11684   0.69099   0.09790   0.54688   0.07757   1.29618   0.24297   0.12048   0.36201   0.38290   0.17476   0.29875   0.07313   0.40248   0.55914   1.91942   2.00128  -1.76742   0.02278   9.12918  
 93  0.0994 155945.552808  x:  2.25959   0.39223   0.30810   0.39723   0.36543   0.10086   0.67491   0.18882   0.38852   0.42778   0.86409   1.84309   1.29082   0.46263   0.64061   0.59684   0.83185   0.14127   0.38732   0.14195   0.10830   0.46870   0.51822   0.48062   0.63391   0.44800   0.33839   0.12557   0.00325   0.00470   0.13153   0.55105   0.22922   1.37385   0.13321   1.23942   0.12721   0.10442   0.15618   0.15330   0.44094   0.05528   0.06669   0.34586   0.31720   0.22116   0.24218   0.18166   0.13227   0.51574   0.49074   1.06854   0.11595   0.68978   0.09767   0.54601   0.07755   1.29606   0.24309   0.11980   0.36151   0.38296   0.17468   0.29896   0.07337   0.40282   0.55882   1.91918   2.00139  -1.77015   0.02279   8.33147  
 94  0.1453 155945.513681  x:  2.25696   0.39134   0.30815   0.39735   0.36599   0.10036   0.67490   0.18916   0.38863   0.42816   0.86564   1.84209   1.29105   0.46177   0.64059   0.59663   0.83249   0.14074   0.38759   0.14179   0.10886   0.46822   0.51811   0.48074   0.63323   0.44717   0.33877   0.12580   0.00322   0.00462   0.13164   0.55062   0.22855   1.37422   0.13339   1.23883   0.12708   0.10701   0.15510   0.15327   0.44109   0.05511   0.06677   0.34581   0.31665   0.22127   0.24252   0.18152   0.13271   0.51687   0.49038   1.06826   0.11504   0.68987   0.09794   0.54603   0.07756   1.29502   0.24299   0.12013   0.36168   0.38316   0.17492   0.29910   0.07314   0.40271   0.55897   1.91956   2.00728  -1.76171   0.02280   6.95405  
 95  0.4544 155945.493078  x:  2.25123   0.39248   0.30849   0.39776   0.36623   0.10004   0.67458   0.18941   0.38878   0.42855   0.86613   1.84324   1.28914   0.46178   0.64185   0.59758   0.83202   0.14161   0.38758   0.14179   0.10837   0.46838   0.51846   0.48103   0.63284   0.44769   0.33888   0.12577   0.00330   0.00439   0.13172   0.55027   0.22927   1.37404   0.13316   1.23725   0.12718   0.10731   0.15498   0.15319   0.44084   0.05509   0.06690   0.34583   0.31633   0.22135   0.24266   0.18139   0.13252   0.51675   0.49036   1.06786   0.11522   0.69006   0.09805   0.54652   0.07753   1.29445   0.24290   0.12024   0.36186   0.38295   0.17469   0.29885   0.07278   0.40239   0.55901   1.92010   2.00497  -1.76657   0.02279   7.03399  
 96  0.0725 155945.485951  x:  2.25136   0.39314   0.30853   0.39780   0.36607   0.10016   0.67456   0.18933   0.38877   0.42851   0.86562   1.84420   1.28858   0.46205   0.64226   0.59788   0.83169   0.14194   0.38752   0.14190   0.10805   0.46861   0.51860   0.48103   0.63303   0.44813   0.33874   0.12569   0.00333   0.00440   0.13169   0.55042   0.22965   1.37391   0.13292   1.23691   0.12708   0.10818   0.15468   0.15321   0.44078   0.05515   0.06689   0.34587   0.31645   0.22136   0.24258   0.18142   0.13218   0.51637   0.49047   1.06743   0.11533   0.68998   0.09793   0.54659   0.07754   1.29475   0.24295   0.12013   0.36188   0.38284   0.17461   0.29876   0.07278   0.40238   0.55897   1.92018   2.00668  -1.76540   0.02279   6.62344  
 97  0.5183 155945.483352  x:  2.25194   0.39359   0.30845   0.39767   0.36585   0.10028   0.67463   0.18921   0.38870   0.42826   0.86517   1.84481   1.28799   0.46240   0.64230   0.59792   0.83167   0.14242   0.38776   0.14201   0.10784   0.46865   0.51856   0.48096   0.63316   0.44834   0.33869   0.12570   0.00336   0.00441   0.13156   0.55054   0.23019   1.37367   0.13283   1.23695   0.12704   0.10813   0.15474   0.15317   0.44075   0.05520   0.06689   0.34578   0.31651   0.22136   0.24249   0.18145   0.13199   0.51614   0.49048   1.06707   0.11564   0.68984   0.09783   0.54635   0.07752   1.29480   0.24297   0.12006   0.36176   0.38280   0.17469   0.29875   0.07290   0.40241   0.55878   1.92004   2.00540  -1.76819   0.02279   6.71692  
 98  0.0966 155945.482679  x:  2.25190   0.39345   0.30838   0.39758   0.36582   0.10026   0.67458   0.18919   0.38867   0.42812   0.86519   1.84417   1.28779   0.46228   0.64195   0.59776   0.83177   0.14261   0.38784   0.14201   0.10794   0.46851   0.51841   0.48093   0.63301   0.44817   0.33872   0.12573   0.00336   0.00440   0.13153   0.55043   0.23022   1.37341   0.13296   1.23693   0.12703   0.10849   0.15460   0.15313   0.44074   0.05517   0.06688   0.34572   0.31646   0.22132   0.24248   0.18143   0.13208   0.51618   0.49038   1.06680   0.11562   0.68965   0.09782   0.54615   0.07753   1.29446   0.24293   0.12005   0.36166   0.38279   0.17473   0.29877   0.07297   0.40236   0.55871   1.91993   2.00510  -1.76962   0.02279   6.60094  
 99  0.0765 155945.482310  x:  2.25229   0.39341   0.30838   0.39763   0.36585   0.10025   0.67450   0.18922   0.38870   0.42818   0.86516   1.84369   1.28792   0.46220   0.64183   0.59779   0.83172   0.14273   0.38771   0.14199   0.10804   0.46850   0.51841   0.48088   0.63296   0.44818   0.33866   0.12570   0.00335   0.00441   0.13159   0.55034   0.23018   1.37332   0.13314   1.23687   0.12711   0.10862   0.15458   0.15315   0.44072   0.05514   0.06688   0.34575   0.31645   0.22130   0.24247   0.18143   0.13213   0.51613   0.49043   1.06691   0.11564   0.68963   0.09781   0.54618   0.07754   1.29440   0.24291   0.12005   0.36167   0.38275   0.17467   0.29872   0.07299   0.40230   0.55873   1.91986   2.00635  -1.76863   0.02279   6.62983  
100  0.0132 155945.482023  x:  2.25237   0.39339   0.30837   0.39764   0.36585   0.10030   0.67461   0.18925   0.38869   0.42820   0.86513   1.84408   1.28793   0.46229   0.64212   0.59779   0.83168   0.14266   0.38775   0.14196   0.10800   0.46852   0.51846   0.48091   0.63303   0.44818   0.33866   0.12570   0.00335   0.00442   0.13159   0.55045   0.23017   1.37342   0.13317   1.23674   0.12709   0.10896   0.15446   0.15318   0.44078   0.05517   0.06690   0.34575   0.31646   0.22136   0.24250   0.18144   0.13202   0.51619   0.49042   1.06692   0.11559   0.68974   0.09779   0.54621   0.07752   1.29457   0.24292   0.12004   0.36170   0.38278   0.17473   0.29874   0.07294   0.40236   0.55875   1.91991   2.00762  -1.76657   0.02279   6.56767  
101  0.0204 155945.481949  x:  2.25215   0.39335   0.30840   0.39763   0.36585   0.10028   0.67463   0.18923   0.38869   0.42816   0.86520   1.84409   1.28791   0.46227   0.64201   0.59780   0.83172   0.14260   0.38772   0.14198   0.10799   0.46853   0.51843   0.48092   0.63303   0.44816   0.33867   0.12573   0.00335   0.00441   0.13156   0.55042   0.23013   1.37345   0.13312   1.23681   0.12707   0.10903   0.15443   0.15316   0.44076   0.05516   0.06687   0.34576   0.31648   0.22133   0.24249   0.18144   0.13204   0.51618   0.49043   1.06690   0.11553   0.68971   0.09781   0.54621   0.07753   1.29445   0.24291   0.12005   0.36168   0.38279   0.17470   0.29875   0.07295   0.40238   0.55877   1.91992   2.00794  -1.76600   0.02279   6.56983  
102  0.0014 155945.481941  x:  2.25220   0.39338   0.30839   0.39763   0.36585   0.10028   0.67461   0.18922   0.38870   0.42818   0.86521   1.84407   1.28798   0.46226   0.64202   0.59781   0.83172   0.14259   0.38774   0.14199   0.10800   0.46852   0.51844   0.48091   0.63302   0.44818   0.33866   0.12572   0.00335   0.00441   0.13156   0.55041   0.23015   1.37347   0.13309   1.23678   0.12707   0.10905   0.15443   0.15316   0.44077   0.05515   0.06687   0.34577   0.31647   0.22134   0.24249   0.18144   0.13205   0.51619   0.49043   1.06689   0.11553   0.68970   0.09782   0.54620   0.07753   1.29447   0.24292   0.12005   0.36170   0.38279   0.17471   0.29875   0.07296   0.40238   0.55876   1.91992   2.00802  -1.76584   0.02279   6.56582  
103  0.0030 155945.481940  x:  2.25223   0.39340   0.30839   0.39763   0.36585   0.10028   0.67461   0.18923   0.38870   0.42817   0.86521   1.84405   1.28800   0.46226   0.64202   0.59781   0.83171   0.14259   0.38774   0.14200   0.10801   0.46852   0.51844   0.48092   0.63302   0.44818   0.33866   0.12573   0.00335   0.00441   0.13156   0.55042   0.23015   1.37346   0.13307   1.23679   0.12707   0.10905   0.15443   0.15316   0.44077   0.05516   0.06687   0.34577   0.31647   0.22134   0.24249   0.18144   0.13205   0.51618   0.49043   1.06690   0.11552   0.68970   0.09782   0.54620   0.07753   1.29448   0.24291   0.12005   0.36169   0.38279   0.17470   0.29875   0.07295   0.40238   0.55876   1.91992   2.00803  -1.76586   0.02279   6.56536  
104  0.0003 155945.481940  x:  2.25223   0.39339   0.30839   0.39763   0.36585   0.10028   0.67461   0.18923   0.38870   0.42817   0.86521   1.84405   1.28800   0.46226   0.64202   0.59781   0.83171   0.14259   0.38774   0.14199   0.10801   0.46852   0.51844   0.48091   0.63302   0.44818   0.33866   0.12573   0.00335   0.00441   0.13156   0.55042   0.23015   1.37346   0.13307   1.23679   0.12707   0.10905   0.15443   0.15316   0.44077   0.05516   0.06687   0.34577   0.31647   0.22134   0.24249   0.18144   0.13205   0.51618   0.49043   1.06690   0.11552   0.68970   0.09782   0.54620   0.07753   1.29448   0.24291   0.12005   0.36169   0.38279   0.17471   0.29875   0.07295   0.40238   0.55876   1.91992   2.00803  -1.76587   0.02279   6.56571  
105  0.0003 155945.481940  x:  2.25223   0.39339   0.30839   0.39763   0.36585   0.10028   0.67461   0.18923   0.38870   0.42818   0.86521   1.84405   1.28800   0.46226   0.64202   0.59781   0.83172   0.14259   0.38774   0.14199   0.10801   0.46852   0.51844   0.48091   0.63302   0.44818   0.33866   0.12573   0.00335   0.00441   0.13156   0.55042   0.23015   1.37346   0.13307   1.23679   0.12707   0.10905   0.15443   0.15316   0.44077   0.05516   0.06687   0.34577   0.31647   0.22134   0.24249   0.18144   0.13205   0.51618   0.49043   1.06690   0.11552   0.68970   0.09782   0.54620   0.07753   1.29448   0.24291   0.12005   0.36169   0.38279   0.17470   0.29875   0.07295   0.40238   0.55876   1.91992   2.00803  -1.76588   0.02279   6.56556  
106  0.0001 155945.481940  x:  2.25223   0.39339   0.30839   0.39763   0.36585   0.10028   0.67461   0.18923   0.38870   0.42818   0.86521   1.84405   1.28800   0.46226   0.64202   0.59781   0.83172   0.14259   0.38774   0.14199   0.10801   0.46852   0.51844   0.48091   0.63302   0.44818   0.33866   0.12573   0.00335   0.00441   0.13156   0.55042   0.23015   1.37346   0.13307   1.23679   0.12707   0.10905   0.15443   0.15316   0.44077   0.05516   0.06687   0.34577   0.31647   0.22134   0.24249   0.18144   0.13205   0.51618   0.49043   1.06690   0.11552   0.68970   0.09782   0.54620   0.07753   1.29448   0.24291   0.12005   0.36169   0.38279   0.17470   0.29875   0.07295   0.40238   0.55876   1.91992   2.00803  -1.76588   0.02279   6.56551  
107  0.0000 155945.481940  x:  2.25223   0.39339   0.30839   0.39763   0.36585   0.10028   0.67461   0.18923   0.38870   0.42818   0.86521   1.84405   1.28800   0.46226   0.64202   0.59781   0.83172   0.14259   0.38774   0.14199   0.10801   0.46852   0.51844   0.48091   0.63302   0.44818   0.33866   0.12573   0.00335   0.00441   0.13156   0.55042   0.23015   1.37346   0.13307   1.23679   0.12707   0.10905   0.15443   0.15316   0.44077   0.05516   0.06687   0.34577   0.31647   0.22134   0.24249   0.18144   0.13205   0.51618   0.49043   1.06690   0.11552   0.68970   0.09782   0.54620   0.07753   1.29448   0.24291   0.12005   0.36169   0.38279   0.17470   0.29875   0.07295   0.40238   0.55876   1.91992   2.00803  -1.76588   0.02279   6.56553  