

TREE # 1

  0  0.0000 178361.153167  x:  1.93008   0.38762   0.31616   0.40622   0.36157   0.10063   0.76570   0.18691   0.50595   0.41567   0.82710   1.65034   1.15308   0.44253   0.60335   0.59829   0.79141   0.14567   0.39396   0.13702   0.12211   0.45131   0.53418   0.46895   0.61484   0.44119   0.34474   0.13164   0.00343   0.00448   0.13101   0.52479   0.22332   1.26404   0.13132   1.18031   0.13010   0.34248   0.14101   0.16779   0.44159   0.05445   0.06636   0.35148   0.30752   0.22266   0.24627   0.18051   0.11955   0.50518   0.53216   1.01344   0.12459   0.66048   0.09885   0.53839   0.08353   1.24556   0.25896   0.11185   0.36294   0.37832   0.17904   0.29025   0.07521   0.39852   0.54566   2.00000   1.35403   0.10703   0.27940  
  1 99.0000 158351.395131  x:  1.92808   0.38509   0.31406   0.40452   0.36017   0.09841   0.76346   0.18490   0.50379   0.41406   0.82498   1.64840   1.15083   0.44019   0.60112   0.59625   0.78934   0.14314   0.39171   0.13534   0.12021   0.44955   0.53238   0.46720   0.61316   0.43896   0.34306   0.13159   0.00589   0.00550   0.13083   0.52325   0.22062   1.26215   0.12871   1.17846   0.12773   0.34060   0.13946   0.16696   0.44090   0.05456   0.06684   0.35124   0.30741   0.22248   0.24638   0.18092   0.11911   0.50444   0.53089   1.01193   0.12270   0.65926   0.09751   0.53733   0.08226   1.24394   0.25754   0.11173   0.36197   0.37752   0.17848   0.29042   0.07558   0.39859   0.54556   2.00619   1.34784   0.11362   0.03379  
  2 77793.2266 158154.343645  x:  1.92905   0.38626   0.31650   0.40824   0.36487   0.10081   0.76470   0.18775   0.50500   0.41791   0.82679   1.64965   1.15173   0.44130   0.60258   0.59860   0.79144   0.14423   0.39311   0.13892   0.12310   0.45305   0.53580   0.47038   0.61661   0.44052   0.34623   0.14057   0.00554   0.00713   0.13966   0.52731   0.22164   1.26160   0.12967   1.18050   0.12986   0.34255   0.14263   0.17191   0.44701   0.06324   0.07641   0.35921   0.31580   0.23082   0.25552   0.19124   0.12636   0.51058   0.53468   1.01519   0.12495   0.66327   0.10182   0.54197   0.08706   1.24653   0.26074   0.11915   0.36760   0.38357   0.18540   0.29930   0.08556   0.40708   0.55339   2.00628   1.39296   0.07159   0.02603  
  3 4851.3276 157991.845822  x:  1.91747   0.37078   0.30559   0.40192   0.36214   0.08860   0.75099   0.17779   0.49129   0.41242   0.81528   1.63894   1.13820   0.42703   0.58972   0.58839   0.78067   0.12847   0.37967   0.13256   0.11380   0.44623   0.52848   0.46295   0.61036   0.42755   0.33941   0.14900   0.01734   0.00000   0.14703   0.52300   0.20474   1.24733   0.11289   1.17131   0.11656   0.33213   0.13589   0.17179   0.45080   0.07183   0.08879   0.36843   0.32633   0.23984   0.26781   0.20637   0.13279   0.51467   0.53134   1.01018   0.11459   0.66121   0.09773   0.54150   0.08449   1.23972   0.25493   0.12764   0.36890   0.38659   0.19003   0.31241   0.09936   0.41967   0.56429   2.04853   1.42417   0.04837   0.02668  
  4 2382.1903 157778.571614  x:  1.88225   0.32380   0.27256   0.38267   0.35377   0.05180   0.70937   0.14768   0.44968   0.39575   0.78033   1.60640   1.09708   0.38376   0.55070   0.55738   0.74793   0.08078   0.33894   0.11331   0.08572   0.42552   0.50624   0.44041   0.59132   0.38820   0.31864   0.17381   0.04927   0.02034   0.16856   0.50984   0.15358   1.20403   0.06222   1.14338   0.07643   0.30054   0.11541   0.17109   0.46197   0.09695   0.12515   0.39585   0.35768   0.26646   0.30423   0.25118   0.15188   0.52679   0.52106   0.99491   0.08334   0.65484   0.08534   0.53996   0.07659   1.21896   0.23719   0.15284   0.37261   0.39548   0.20361   0.35149   0.14009   0.45727   0.59691   2.17636   1.51737  -0.02062   0.02900  
  5 100432.0405 157657.116879  x:  1.86845   0.30751   0.26443   0.37694   0.35215   0.04902   0.69433   0.14235   0.43504   0.39167   0.76816   1.59389   1.08124   0.36999   0.53733   0.54671   0.73614   0.06973   0.32592   0.11057   0.08105   0.41979   0.49937   0.43427   0.58573   0.37538   0.31209   0.17106   0.00000   0.01892   0.16526   0.50615   0.13924   1.18751   0.05280   1.13349   0.07102   0.29121   0.11022   0.16772   0.46372   0.09475   0.12377   0.40062   0.36276   0.26779   0.30781   0.25462   0.15588   0.53020   0.51677   0.98953   0.07983   0.65338   0.08494   0.53987   0.07534   1.21116   0.23093   0.15604   0.37237   0.39707   0.20372   0.35830   0.14227   0.46578   0.60530   2.21693   1.55142  -0.04411   0.02914  
  6 3234.1502 157464.355643  x:  1.80642   0.24716   0.25367   0.36069   0.35305   0.09635   0.63390   0.15284   0.37958   0.38623   0.72232   1.53895   1.01173   0.32816   0.48876   0.50742   0.68922   0.07010   0.28508   0.12321   0.09383   0.40681   0.47841   0.42075   0.57041   0.33349   0.29195   0.11393   0.00849   0.01838   0.10787   0.49742   0.11121   1.11588   0.07529   1.09451   0.10366   0.26641   0.10419   0.14021   0.45958   0.03563   0.05179   0.39343   0.35170   0.23403   0.27511   0.20720   0.15726   0.53827   0.49597   0.96866   0.10834   0.65159   0.10321   0.54118   0.07944   1.17787   0.20749   0.13951   0.36301   0.39460   0.18060   0.34881   0.09063   0.47325   0.62044   2.35040   1.70543  -0.14482   0.02851  
  7 1906.0618 157398.733584  x:  1.76500   0.22199   0.25160   0.35120   0.35022   0.10977   0.59936   0.16271   0.35557   0.38519   0.69990   1.50281   0.96733   0.31806   0.46694   0.48894   0.66368   0.10231   0.27551   0.13084   0.10139   0.40102   0.46666   0.41476   0.56131   0.32182   0.28632   0.14903   0.00568   0.01805   0.14839   0.49301   0.12211   1.06968   0.09980   1.06860   0.11867   0.25852   0.11376   0.13570   0.45290   0.06150   0.05010   0.37587   0.33283   0.22005   0.24475   0.17373   0.14634   0.53125   0.47684   0.95435   0.11033   0.64486   0.09611   0.53297   0.07710   1.15464   0.19677   0.11906   0.34954   0.38203   0.16126   0.32304   0.04660   0.45440   0.60807   2.39825   1.77476  -0.17799   0.02859  
  8 1373.1621 157351.228601  x:  1.70615   0.21515   0.25541   0.34337   0.34442   0.10229   0.56310   0.17445   0.34623   0.38877   0.68404   1.45275   0.90798   0.32232   0.45147   0.47787   0.63993   0.14425   0.28505   0.13537   0.10412   0.39808   0.45611   0.41035   0.55057   0.32812   0.28720   0.12024   0.00290   0.01841   0.12210   0.48935   0.15807   1.00558   0.12047   1.03295   0.11930   0.25833   0.12839   0.13943   0.43253   0.07877   0.09561   0.34527   0.30268   0.22301   0.23574   0.18356   0.12553   0.50898   0.45036   0.93378   0.09524   0.63067   0.07668   0.51460   0.08038   1.12245   0.20169   0.11174   0.33476   0.36165   0.16465   0.29286   0.06699   0.41712   0.57373   2.40470   1.84570  -0.19495   0.02863  
  9 799.7067 157320.616981  x:  1.64859   0.22537   0.26017   0.34038   0.33916   0.08679   0.54024   0.17731   0.34916   0.39087   0.67850   1.40512   0.85358   0.32622   0.44335   0.47667   0.62644   0.15129   0.29678   0.13169   0.09904   0.39697   0.45050   0.40661   0.54068   0.33850   0.29028   0.13523   0.00172   0.01811   0.13470   0.48594   0.17822   0.94517   0.11867   1.00061   0.10960   0.26210   0.12806   0.13924   0.41051   0.04442   0.07371   0.32384   0.28235   0.21378   0.24285   0.19443   0.12020   0.48911   0.43575   0.91359   0.09128   0.61777   0.08255   0.49892   0.08384   1.09265   0.21179   0.12267   0.33017   0.35054   0.17894   0.28188   0.09322   0.38810   0.54072   2.37655   1.90166  -0.19638   0.02861  
 10 786.6579 157286.097079  x:  1.54999   0.25411   0.26711   0.34072   0.33208   0.07423   0.52337   0.17197   0.35935   0.38713   0.67794   1.32651   0.76833   0.32681   0.43697   0.48411   0.61599   0.11954   0.30872   0.12073   0.09050   0.39627   0.44751   0.40190   0.52677   0.35012   0.29102   0.12710   0.00281   0.01766   0.12368   0.47757   0.18347   0.85051   0.09829   0.95249   0.09837   0.26916   0.11707   0.15505   0.40080   0.07419   0.05068   0.33196   0.29909   0.21499   0.24223   0.17559   0.14289   0.47027   0.43211   0.88224   0.10389   0.59806   0.10306   0.47858   0.07379   1.04538   0.21452   0.12482   0.32893   0.34415   0.17845   0.27892   0.08162   0.36365   0.50145   2.28956   1.97929  -0.17873   0.02864  
 11 700.6386 157265.474443  x:  1.47137   0.26762   0.26751   0.34124   0.32815   0.08696   0.52463   0.16811   0.36021   0.37885   0.67585   1.26763   0.71057   0.32551   0.43620   0.48986   0.61233   0.09579   0.30829   0.12086   0.09596   0.39493   0.44759   0.40077   0.52158   0.34950   0.28721   0.13002   0.00262   0.01765   0.13009   0.46989   0.17702   0.79145   0.10246   0.92299   0.11270   0.26889   0.10703   0.13938   0.39693   0.05212   0.07817   0.34636   0.31172   0.22024   0.23744   0.17342   0.13811   0.46425   0.43536   0.86140   0.10386   0.58395   0.09243   0.47123   0.07176   1.01403   0.20878   0.11123   0.32783   0.34519   0.16532   0.28889   0.07410   0.37960   0.50246   2.21023   2.02947  -0.15166   0.02874  
 12 675.4704 157253.534781  x:  1.40984   0.26360   0.25745   0.34012   0.32697   0.08808   0.53306   0.16388   0.35470   0.37182   0.66969   1.22612   0.67835   0.32483   0.43850   0.49099   0.61129   0.10049   0.30060   0.12330   0.09687   0.39101   0.44670   0.39905   0.52230   0.34136   0.28276   0.12870   0.00240   0.01768   0.12951   0.46548   0.16750   0.76415   0.11564   0.90792   0.12404   0.26410   0.11614   0.13480   0.40794   0.06698   0.06120   0.34008   0.29962   0.21576   0.23791   0.18559   0.13073   0.47064   0.44055   0.85276   0.09365   0.57891   0.08026   0.47673   0.08260   0.99792   0.20600   0.11324   0.32969   0.35204   0.16475   0.29803   0.07804   0.40356   0.52409   2.15102   2.06243  -0.12161   0.02885  
 13 474.7934 157248.140740  x:  1.36722   0.25017   0.24793   0.33933   0.32960   0.07924   0.54091   0.16311   0.35186   0.37321   0.66319   1.20302   0.67158   0.32469   0.43977   0.48784   0.61146   0.11516   0.29232   0.12190   0.09094   0.38745   0.44564   0.39672   0.52600   0.33276   0.28241   0.12969   0.00262   0.01763   0.12773   0.46745   0.16101   0.76453   0.11708   0.90520   0.11821   0.25995   0.12249   0.14368   0.41371   0.05858   0.07174   0.33666   0.29756   0.21558   0.23949   0.18198   0.13212   0.48098   0.44382   0.85414   0.09601   0.58502   0.09544   0.48752   0.08177   0.99577   0.20535   0.12163   0.33060   0.35531   0.17074   0.29186   0.07038   0.40339   0.53744   2.12234   2.08610  -0.09615   0.02892  
 14 247.7879 157242.973819  x:  1.31154   0.23423   0.25000   0.33969   0.33520   0.08609   0.54903   0.16767   0.35347   0.38107   0.65891   1.17988   0.68003   0.32439   0.43827   0.48151   0.61297   0.12054   0.28521   0.12129   0.09383   0.38751   0.44726   0.39710   0.53300   0.32461   0.28442   0.12926   0.00287   0.01756   0.12924   0.47479   0.15969   0.78442   0.11019   0.91050   0.10513   0.25606   0.11577   0.14483   0.41526   0.05791   0.06587   0.33859   0.30407   0.21805   0.24360   0.17970   0.12947   0.48967   0.44193   0.86158   0.09579   0.59487   0.08553   0.49529   0.06557   1.00237   0.20219   0.11435   0.32719   0.35078   0.17120   0.28627   0.07983   0.38998   0.54304   2.10345   2.12504  -0.05965   0.02893  
 15 195.9260 157237.342016  x:  1.24034   0.22515   0.25522   0.33697   0.33552   0.08729   0.54974   0.16324   0.35311   0.38357   0.66018   1.15565   0.70048   0.32191   0.43422   0.47453   0.61488   0.10904   0.28334   0.11916   0.09468   0.38869   0.44756   0.39769   0.53797   0.32100   0.28314   0.12956   0.00305   0.01756   0.13087   0.48043   0.16281   0.82027   0.10522   0.92314   0.10932   0.25835   0.11136   0.13699   0.41083   0.06312   0.06662   0.34188   0.30781   0.21941   0.23984   0.18360   0.12701   0.48933   0.43617   0.87190   0.10088   0.60450   0.08492   0.49966   0.08740   1.01584   0.21155   0.11459   0.32689   0.34798   0.17320   0.28803   0.08019   0.37808   0.53694   2.09740   2.18039  -0.00241   0.02902  
 16 261.2272 157231.081941  x:  1.16692   0.23341   0.25827   0.33575   0.33169   0.08079   0.54399   0.15825   0.35250   0.37878   0.67072   1.13680   0.72896   0.32122   0.43431   0.47437   0.61843   0.10361   0.29281   0.11994   0.09159   0.39094   0.44692   0.39990   0.53921   0.32858   0.27985   0.13059   0.00298   0.01753   0.12801   0.48111   0.16840   0.86220   0.10414   0.93877   0.11817   0.26452   0.12032   0.14194   0.40664   0.05978   0.06832   0.33972   0.30029   0.21497   0.23678   0.18326   0.13802   0.48297   0.43618   0.88224   0.09194   0.60506   0.08216   0.48991   0.07382   1.02962   0.20550   0.11965   0.33272   0.35235   0.16817   0.29666   0.07433   0.38952   0.52922   2.10422   2.25569   0.07089   0.02901  
 17 301.9852 157226.752176  x:  1.13277   0.24883   0.25637   0.33986   0.33003   0.08698   0.54028   0.16838   0.35459   0.37465   0.68118   1.13461   0.74659   0.32193   0.44004   0.48160   0.62071   0.11471   0.30012   0.12136   0.09332   0.39173   0.44644   0.40118   0.53421   0.33697   0.27930   0.12881   0.00283   0.01762   0.13010   0.47555   0.16482   0.88156   0.09978   0.94424   0.10737   0.26025   0.11309   0.13976   0.41184   0.06286   0.06845   0.33791   0.29859   0.21738   0.24381   0.18185   0.12868   0.47604   0.44029   0.88132   0.09632   0.59841   0.09733   0.48317   0.07589   1.03461   0.20374   0.11546   0.33063   0.35380   0.16494   0.29464   0.07609   0.40735   0.53013   2.11740   2.31755   0.13772   0.02905  
 18 223.3882 157220.806294  x:  1.12299   0.26202   0.24732   0.34740   0.33314   0.08457   0.53984   0.17462   0.36001   0.37665   0.69050   1.14980   0.76232   0.32438   0.45042   0.49498   0.62363   0.11945   0.29938   0.12331   0.09780   0.39326   0.44874   0.40253   0.52563   0.34076   0.28690   0.12972   0.00285   0.01758   0.12913   0.46906   0.15795   0.89103   0.10311   0.94547   0.09804   0.25708   0.11543   0.14618   0.42029   0.05702   0.06636   0.34244   0.30888   0.21957   0.23853   0.17834   0.12985   0.47948   0.45213   0.87357   0.10090   0.58476   0.07623   0.48137   0.08621   1.03464   0.20916   0.12148   0.32873   0.35626   0.17647   0.28461   0.07069   0.40645   0.53599   2.13359   2.41518   0.24319   0.02904  
 19 219.6856 157207.459852  x:  1.14445   0.26702   0.24011   0.35246   0.33890   0.08388   0.54680   0.16796   0.36465   0.38567   0.69893   1.20190   0.78515   0.33086   0.46773   0.51510   0.62744   0.10682   0.28762   0.12740   0.09583   0.39554   0.45446   0.40388   0.51586   0.33664   0.30477   0.13322   0.00224   0.01783   0.13132   0.46283   0.15365   0.89854   0.12031   0.94592   0.11860   0.26299   0.12878   0.14617   0.42599   0.06080   0.06658   0.34528   0.31379   0.22119   0.23977   0.19557   0.13194   0.49366   0.46547   0.85627   0.10968   0.57405   0.09249   0.49413   0.07285   1.02730   0.20925   0.10762   0.32466   0.35275   0.17908   0.28431   0.08424   0.38183   0.55012   2.15750   2.65306   0.50702   0.02916  
 20 469.3850 157190.556909  x:  1.20363   0.25484   0.25685   0.34633   0.34021   0.09337   0.56329   0.15963   0.36212   0.39165   0.69975   1.27012   0.79975   0.33952   0.47720   0.52094   0.62996   0.10262   0.28827   0.13285   0.09220   0.39913   0.46143   0.40803   0.52595   0.33489   0.31024   0.12948   0.00317   0.01768   0.13245   0.46797   0.16028   0.90268   0.10284   0.94483   0.11161   0.26771   0.12177   0.13393   0.41847   0.06625   0.07248   0.34370   0.30125   0.21668   0.24060   0.17355   0.12453   0.50171   0.45860   0.84791   0.07880   0.58665   0.09833   0.51210   0.07276   1.02343   0.21414   0.12443   0.34183   0.36025   0.17476   0.30336   0.08149   0.37634   0.55849   2.16169   2.95294   0.82491   0.02907  
 21 813.4318 157177.650491  x:  1.26569   0.23697   0.26856   0.33796   0.33634   0.08658   0.57313   0.15939   0.35623   0.38771   0.69380   1.31747   0.79857   0.34100   0.47241   0.50836   0.62916   0.11015   0.29817   0.12768   0.09198   0.39937   0.46151   0.40946   0.54253   0.33634   0.29683   0.13067   0.00347   0.01762   0.13068   0.47669   0.16802   0.91161   0.08730   0.94625   0.10279   0.27315   0.11819   0.14479   0.41147   0.06247   0.07024   0.34345   0.29726   0.22088   0.25499   0.19057   0.13272   0.49891   0.44389   0.85646   0.10056   0.61004   0.08364   0.51486   0.07893   1.02581   0.21065   0.11981   0.34493   0.35927   0.15817   0.30629   0.06539   0.39714   0.55294   2.15159   3.18146   1.06714   0.02900  
 22 925.9880 157171.268240  x:  1.30533   0.23016   0.26777   0.33883   0.33554   0.07996   0.57255   0.16490   0.35601   0.38246   0.68886   1.33270   0.78764   0.33520   0.46104   0.49247   0.62832   0.11188   0.30335   0.11929   0.09369   0.39761   0.45715   0.40800   0.55116   0.33704   0.28280   0.13319   0.00325   0.01767   0.13135   0.48327   0.16893   0.92529   0.09565   0.95062   0.10495   0.26933   0.11649   0.15025   0.41347   0.06245   0.06913   0.34748   0.30825   0.22134   0.24125   0.17994   0.13664   0.49179   0.43797   0.87140   0.10694   0.62336   0.08506   0.50681   0.07906   1.03207   0.20880   0.11949   0.33906   0.35729   0.16661   0.30451   0.08414   0.41632   0.54503   2.14051   3.29071   1.18439   0.02902  
 23 572.5784 157166.759082  x:  1.33912   0.23358   0.26202   0.34543   0.33774   0.08284   0.56689   0.16905   0.36084   0.37971   0.68635   1.33225   0.77053   0.32600   0.44810   0.47886   0.62986   0.10919   0.30384   0.11629   0.09525   0.39639   0.45260   0.40649   0.55498   0.33694   0.27551   0.13206   0.00330   0.01762   0.13180   0.48999   0.16418   0.94387   0.10337   0.95721   0.10592   0.26075   0.11530   0.14445   0.41983   0.06232   0.06676   0.34929   0.31506   0.22388   0.24510   0.18987   0.13408   0.48631   0.44176   0.89000   0.09124   0.62800   0.09054   0.49537   0.07547   1.04198   0.20766   0.12247   0.33324   0.35848   0.17593   0.29394   0.07434   0.41706   0.53599   2.12935   3.36036   1.25462   0.02899  
 24 337.1136 157162.392912  x:  1.37778   0.24666   0.25186   0.34843   0.33645   0.08734   0.55473   0.16212   0.36552   0.37872   0.68470   1.31145   0.74152   0.31711   0.43738   0.47274   0.63586   0.11029   0.29854   0.12312   0.09237   0.39611   0.44978   0.40542   0.55197   0.33606   0.28028   0.13236   0.00362   0.01754   0.13189   0.49493   0.15735   0.97223   0.09218   0.96666   0.10219   0.25893   0.12006   0.14088   0.42503   0.06245   0.07214   0.34257   0.30358   0.21971   0.24926   0.18266   0.13465   0.48703   0.45575   0.91343   0.09836   0.62177   0.08716   0.48606   0.07951   1.05785   0.20585   0.11744   0.33272   0.36112   0.17043   0.29895   0.07927   0.40667   0.53814   2.12058   3.41440   1.30617   0.02896  
 25 168.6508 157157.401293  x:  1.41972   0.25423   0.25397   0.34033   0.33094   0.08368   0.54885   0.16475   0.36112   0.37986   0.67889   1.26624   0.70757   0.32428   0.44193   0.48229   0.64415   0.11959   0.29302   0.12115   0.09503   0.39763   0.45378   0.40583   0.54065   0.33442   0.28609   0.13231   0.00317   0.01762   0.13109   0.48677   0.17045   1.00870   0.09332   0.97569   0.10405   0.26189   0.10311   0.14629   0.41685   0.06306   0.06825   0.34935   0.30988   0.22390   0.24193   0.18882   0.12995   0.48936   0.45462   0.92747   0.10123   0.60702   0.08920   0.49174   0.07504   1.07376   0.20650   0.12590   0.34271   0.36099   0.16489   0.30727   0.07689   0.40268   0.54989   2.12262   3.45178   1.34636   0.02897  
 26 123.7624 157152.149081  x:  1.45584   0.25270   0.26721   0.34324   0.33827   0.08718   0.55635   0.17339   0.35788   0.38379   0.67280   1.21481   0.68737   0.33303   0.45335   0.49535   0.64716   0.10930   0.29727   0.12296   0.09464   0.39845   0.45857   0.40832   0.53617   0.33576   0.28702   0.13237   0.00320   0.01762   0.13241   0.47598   0.17502   1.03592   0.08991   0.97959   0.09885   0.26980   0.12115   0.15194   0.41238   0.06117   0.06741   0.35121   0.31464   0.22297   0.24975   0.18463   0.13750   0.49196   0.44611   0.92770   0.09135   0.60121   0.09253   0.50379   0.08080   1.08271   0.21127   0.11677   0.33865   0.35448   0.16778   0.30135   0.07680   0.41344   0.55391   2.13175   3.47287   1.37224   0.02902  
 27 137.5473 157143.863560  x:  1.49848   0.24615   0.27238   0.35301   0.34874   0.07858   0.57434   0.16656   0.36199   0.38895   0.67062   1.14768   0.68842   0.34174   0.47144   0.50777   0.64346   0.09686   0.31428   0.13032   0.09347   0.40048   0.46313   0.41357   0.54487   0.34480   0.29110   0.13318   0.00303   0.01762   0.13183   0.47464   0.16792   1.05800   0.09019   0.98029   0.10316   0.27112   0.11885   0.13302   0.42350   0.06650   0.07124   0.34513   0.30609   0.22246   0.25351   0.18135   0.13171   0.49369   0.43870   0.90985   0.10894   0.61126   0.08706   0.51086   0.06805   1.08429   0.20922   0.12460   0.33652   0.36246   0.18416   0.29273   0.07346   0.42284   0.54501   2.14282   3.49044   1.38844   0.02904  
 28 141.1077 157124.758321  x:  1.57053   0.24519   0.26277   0.35355   0.34049   0.08929   0.60423   0.14871   0.37439   0.38890   0.68341   1.03686   0.73751   0.35070   0.49575   0.51291   0.62891   0.10953   0.33496   0.12022   0.08962   0.40415   0.46390   0.41653   0.56641   0.35973   0.30016   0.13250   0.00219   0.01757   0.13325   0.49172   0.15217   1.07488   0.09294   0.97580   0.10830   0.25576   0.10321   0.14988   0.44580   0.05889   0.07038   0.34590   0.30408   0.22217   0.23489   0.19255   0.14777   0.50097   0.45374   0.86570   0.09147   0.64401   0.08916   0.50602   0.08267   1.07626   0.20594   0.11070   0.33336   0.37514   0.16903   0.30045   0.07916   0.41487   0.52442   2.14942   3.50972   1.39663   0.02899  
 29 186.9564 157087.542719  x:  1.67711   0.26383   0.24126   0.34086   0.31604   0.10572   0.61781   0.17687   0.37705   0.37453   0.72181   0.89689   0.87746   0.34596   0.49751   0.49674   0.61305   0.11577   0.31311   0.10080   0.10959   0.41045   0.45799   0.41508   0.58319   0.35026   0.28576   0.13178   0.00000   0.01771   0.13503   0.51294   0.15844   1.07052   0.09594   0.96815   0.11050   0.26943   0.15984   0.15372   0.42743   0.06190   0.06577   0.36355   0.33245   0.22315   0.26333   0.18230   0.10942   0.48836   0.47830   0.82502   0.10457   0.67734   0.08793   0.47867   0.07931   1.05496   0.20622   0.14441   0.35375   0.37167   0.15559   0.32362   0.08139   0.39329   0.53668   2.12214   3.51913   1.38681   0.02897  
 30 242.0982 157087.542719  x:  1.67711   0.26383   0.24126   0.34086   0.31604   0.10572   0.61781   0.17687   0.37705   0.37453   0.72181   0.89689   0.87746   0.34596   0.49751   0.49674   0.61305   0.11577   0.31311   0.10080   0.10959   0.41045   0.45799   0.41508   0.58319   0.35026   0.28576   0.13178   0.00000   0.01771   0.13503   0.51294   0.15844   1.07052   0.09594   0.96815   0.11050   0.26943   0.15984   0.15372   0.42743   0.06190   0.06577   0.36355   0.33245   0.22315   0.26333   0.18230   0.10942   0.48836   0.47830   0.82502   0.10457   0.67734   0.08793   0.47867   0.07931   1.05496   0.20622   0.14441   0.35375   0.37167   0.15559   0.32362   0.08139   0.39329   0.53668   2.12214   3.51913   1.38681   0.02897  
 31 352.1916 157060.958673  x:  1.67712   0.26386   0.24130   0.34090   0.31609   0.10573   0.61782   0.17689   0.37708   0.37456   0.72184   0.89695   0.87749   0.34598   0.49753   0.49678   0.61309   0.11579   0.31314   0.10084   0.10961   0.41048   0.45802   0.41511   0.58322   0.35029   0.28579   0.13181   0.00008   0.01748   0.13506   0.51296   0.15847   1.07054   0.09596   0.96818   0.11053   0.26945   0.15984   0.15375   0.42746   0.06192   0.06580   0.36357   0.33247   0.22318   0.26335   0.18233   0.10947   0.48839   0.47832   0.82506   0.10458   0.67735   0.08796   0.47871   0.07935   1.05499   0.20625   0.14443   0.35377   0.37170   0.15563   0.32364   0.08142   0.39333   0.53672   2.12207   3.51935   1.38659   0.03200  
 32 17965.2055 156997.584155  x:  1.67810   0.26590   0.24405   0.34392   0.31963   0.10694   0.61909   0.17842   0.37890   0.37718   0.72367   0.90101   0.87941   0.34791   0.49921   0.49920   0.61586   0.11731   0.31502   0.10409   0.11094   0.41262   0.46036   0.41735   0.58496   0.35224   0.28798   0.13429   0.00579   0.00000   0.13736   0.51480   0.16094   1.07147   0.09788   0.97030   0.11273   0.27124   0.16010   0.15554   0.42963   0.06380   0.06795   0.36529   0.33383   0.22562   0.26491   0.18526   0.11298   0.49096   0.47996   0.82800   0.10592   0.67834   0.09011   0.48154   0.08177   1.05715   0.20862   0.14526   0.35544   0.37355   0.15859   0.32512   0.08378   0.39634   0.53949   2.11704   3.53555   1.37037   0.03176  
 33 2688.4149 156997.584155  x:  1.67810   0.26590   0.24405   0.34392   0.31963   0.10694   0.61909   0.17842   0.37890   0.37718   0.72367   0.90101   0.87941   0.34791   0.49921   0.49920   0.61586   0.11731   0.31502   0.10409   0.11094   0.41262   0.46036   0.41735   0.58496   0.35224   0.28798   0.13429   0.00579   0.00000   0.13736   0.51480   0.16094   1.07147   0.09788   0.97030   0.11273   0.27124   0.16010   0.15554   0.42963   0.06380   0.06795   0.36529   0.33383   0.22562   0.26491   0.18526   0.11298   0.49096   0.47996   0.82800   0.10592   0.67834   0.09011   0.48154   0.08177   1.05715   0.20862   0.14526   0.35544   0.37355   0.15859   0.32512   0.08378   0.39634   0.53949   2.11704   3.53555   1.37037   0.03176  
 34 9121.2180 156984.917751  x:  1.67812   0.26594   0.24409   0.34397   0.31968   0.10696   0.61911   0.17845   0.37893   0.37722   0.72370   0.90108   0.87945   0.34794   0.49924   0.49924   0.61590   0.11733   0.31505   0.10414   0.11095   0.41265   0.46040   0.41739   0.58499   0.35227   0.28801   0.13433   0.00613   0.00448   0.13739   0.51483   0.16098   1.07149   0.09791   0.97033   0.11276   0.27127   0.16010   0.15557   0.42967   0.06382   0.06798   0.36531   0.33385   0.22565   0.26493   0.18530   0.11303   0.49100   0.47999   0.82805   0.10594   0.67836   0.09015   0.48159   0.08181   1.05719   0.20866   0.14527   0.35547   0.37358   0.15864   0.32515   0.08381   0.39639   0.53953   2.11695   3.53581   1.37011   0.03165  
 35 20064.1242 156952.424721  x:  1.67895   0.26761   0.24628   0.34634   0.32246   0.10787   0.62014   0.17964   0.38037   0.37929   0.72521   0.90445   0.88105   0.34951   0.50062   0.50122   0.61818   0.11852   0.31658   0.10663   0.11193   0.41437   0.46227   0.41918   0.58638   0.35385   0.28976   0.13568   0.00000   0.00516   0.13869   0.51631   0.16297   1.07226   0.09939   0.97208   0.11446   0.27270   0.16025   0.15686   0.43134   0.06503   0.06937   0.36659   0.33483   0.22741   0.26602   0.18739   0.11562   0.49302   0.48126   0.83046   0.10692   0.67913   0.09173   0.48384   0.08356   1.05896   0.21047   0.14582   0.35678   0.37502   0.16085   0.32622   0.08543   0.39870   0.54171   2.11276   3.54866   1.35724   0.03308  
 36 2189.8659 156952.424721  x:  1.67895   0.26761   0.24628   0.34634   0.32246   0.10787   0.62014   0.17964   0.38037   0.37929   0.72521   0.90445   0.88105   0.34951   0.50062   0.50122   0.61818   0.11852   0.31658   0.10663   0.11193   0.41437   0.46227   0.41918   0.58638   0.35385   0.28976   0.13568   0.00000   0.00516   0.13869   0.51631   0.16297   1.07226   0.09939   0.97208   0.11446   0.27270   0.16025   0.15686   0.43134   0.06503   0.06937   0.36659   0.33483   0.22741   0.26602   0.18739   0.11562   0.49302   0.48126   0.83046   0.10692   0.67913   0.09173   0.48384   0.08356   1.05896   0.21047   0.14582   0.35678   0.37502   0.16085   0.32622   0.08543   0.39870   0.54171   2.11276   3.54866   1.35724   0.03308  
 37 38312.5368 156938.032840  x:  1.67896   0.26764   0.24632   0.34639   0.32252   0.10788   0.62016   0.17966   0.38040   0.37933   0.72524   0.90452   0.88108   0.34954   0.50064   0.50126   0.61823   0.11855   0.31661   0.10668   0.11195   0.41440   0.46230   0.41921   0.58641   0.35388   0.28980   0.13570   0.00180   0.00563   0.13872   0.51634   0.16301   1.07227   0.09941   0.97211   0.11449   0.27273   0.16025   0.15689   0.43137   0.06505   0.06940   0.36661   0.33485   0.22745   0.26604   0.18743   0.11567   0.49306   0.48129   0.83050   0.10694   0.67915   0.09176   0.48388   0.08359   1.05900   0.21051   0.14583   0.35680   0.37505   0.16089   0.32624   0.08546   0.39874   0.54175   2.11268   3.54890   1.35699   0.03114  
 38 11853.4299 156934.527634  x:  1.67902   0.26776   0.24647   0.34655   0.32270   0.10794   0.62023   0.17974   0.38049   0.37948   0.72535   0.90475   0.88119   0.34965   0.50074   0.50140   0.61839   0.11863   0.31671   0.10684   0.11201   0.41452   0.46243   0.41934   0.58650   0.35399   0.28992   0.13579   0.00331   0.00595   0.13880   0.51644   0.16314   1.07233   0.09951   0.97223   0.11460   0.27282   0.16026   0.15697   0.43148   0.06512   0.06947   0.36670   0.33491   0.22756   0.26611   0.18756   0.11584   0.49319   0.48137   0.83067   0.10700   0.67920   0.09186   0.48404   0.08371   1.05912   0.21063   0.14586   0.35689   0.37514   0.16103   0.32631   0.08556   0.39889   0.54190   2.11238   3.54978   1.35611   0.03210  
 39 3265.2008 156842.065159  x:  1.68115   0.27198   0.25183   0.35233   0.32947   0.11007   0.62280   0.18262   0.38401   0.38458   0.72917   0.91336   0.88528   0.35361   0.50423   0.50637   0.62416   0.12156   0.32053   0.11276   0.11428   0.41877   0.46704   0.42377   0.58994   0.35794   0.29421   0.13861   0.00508   0.00000   0.14155   0.52012   0.16808   1.07429   0.10306   0.97664   0.11869   0.27636   0.16050   0.15989   0.43549   0.06758   0.07234   0.36967   0.33714   0.23155   0.26850   0.19224   0.12183   0.49810   0.48447   0.83672   0.10926   0.68109   0.09550   0.48958   0.08768   1.06361   0.21497   0.14698   0.36005   0.37862   0.16619   0.32874   0.08907   0.40440   0.54719   2.10167   3.58131   1.32450   0.03171  
 40 3477.3323 156315.798285  x:  1.70576   0.32082   0.31392   0.41925   0.40772   0.13471   0.65250   0.21587   0.42473   0.44368   0.77348   1.01304   0.93267   0.39946   0.54466   0.56392   0.69101   0.15551   0.36473   0.18122   0.14046   0.46796   0.52036   0.47508   0.62973   0.40372   0.34393   0.17108   0.00159   0.00681   0.17330   0.56272   0.22526   1.09703   0.14408   1.02775   0.16600   0.31726   0.16324   0.19361   0.48189   0.09593   0.10534   0.40411   0.36295   0.27762   0.29616   0.24625   0.19114   0.55485   0.52025   0.90675   0.13543   0.70302   0.13752   0.55370   0.13363   1.11556   0.26521   0.15982   0.39667   0.41886   0.22582   0.35688   0.12958   0.46813   0.60844   1.97759   3.94624   0.95862   0.02559  
 41 136689.4173 156192.703533  x:  1.72522   0.34382   0.32366   0.42628   0.41310   0.12368   0.66352   0.21376   0.42651   0.45347   0.79656   1.07755   0.96363   0.42114   0.56654   0.58778   0.72552   0.16353   0.38051   0.18009   0.12909   0.47999   0.53406   0.48665   0.63976   0.42254   0.35444   0.10833   0.00188   0.00682   0.11375   0.57346   0.24266   1.11044   0.14672   1.05549   0.16495   0.33104   0.15533   0.17064   0.47565   0.04387   0.04877   0.38613   0.34027   0.24242   0.25656   0.19281   0.16705   0.55852   0.52146   0.93947   0.12693   0.70502   0.11627   0.56747   0.10881   1.14372   0.26381   0.12681   0.39212   0.41564   0.20483   0.32952   0.08055   0.45482   0.60974   1.92151   4.02406   0.87753   0.02430  
 42 1131.5146 156152.234462  x:  1.74168   0.35679   0.32205   0.42067   0.40401   0.10876   0.66819   0.20497   0.41936   0.45146   0.81127   1.12821   0.98742   0.43334   0.58021   0.59990   0.74770   0.16236   0.38656   0.16701   0.11376   0.48191   0.53666   0.48822   0.64172   0.43128   0.35514   0.14104   0.00172   0.00672   0.14777   0.57520   0.24822   1.11979   0.14056   1.07492   0.15479   0.33488   0.14923   0.15552   0.46819   0.04002   0.04626   0.37128   0.32619   0.22453   0.23826   0.16742   0.13782   0.55270   0.51490   0.96071   0.11501   0.70253   0.09388   0.57045   0.08224   1.16353   0.25625   0.10331   0.38305   0.40674   0.18439   0.30804   0.04915   0.43570   0.60218   1.89105   4.05612   0.84199   0.02385  
 43 989.7630 156123.350534  x:  1.76501   0.36874   0.31343   0.40557   0.38274   0.08863   0.67076   0.18972   0.40381   0.44148   0.82724   1.19636   1.01864   0.44421   0.59459   0.60913   0.77199   0.15353   0.38846   0.14307   0.09426   0.47835   0.53323   0.48471   0.63965   0.43660   0.34833   0.12801   0.00178   0.00671   0.13707   0.57111   0.24785   1.13118   0.12687   1.09888   0.13614   0.33338   0.14292   0.14898   0.45813   0.07149   0.08409   0.35648   0.31704   0.22153   0.24464   0.17974   0.10433   0.54023   0.50189   0.98471   0.10228   0.69654   0.07489   0.56960   0.05780   1.18810   0.24710   0.09488   0.37168   0.39419   0.17150   0.29577   0.06066   0.41365   0.58921   1.86345   4.07821   0.81420   0.02350  
 44 744.4268 156103.233147  x:  1.79443   0.37638   0.30159   0.38645   0.35620   0.07854   0.67039   0.17599   0.38451   0.42656   0.84138   1.27781   1.05474   0.45026   0.60679   0.61158   0.79358   0.13688   0.38438   0.11987   0.08750   0.47005   0.52384   0.47772   0.63450   0.43558   0.33459   0.13245   0.00176   0.00668   0.14156   0.56101   0.23958   1.14382   0.11136   1.12542   0.11801   0.32628   0.13697   0.15217   0.44170   0.05299   0.06901   0.34144   0.30740   0.21326   0.25427   0.19151   0.09667   0.52615   0.48865   1.00694   0.10542   0.68831   0.08958   0.56650   0.07294   1.21512   0.24621   0.11837   0.36419   0.38420   0.17968   0.29984   0.09255   0.39636   0.57286   1.84579   4.08730   0.79685   0.02325  
 45 533.5748 156090.082120  x:  1.82923   0.37677   0.29436   0.37698   0.34201   0.09441   0.66722   0.17699   0.37320   0.41587   0.85091   1.36785   1.09289   0.44985   0.61470   0.60473   0.80804   0.12077   0.37585   0.11861   0.10603   0.46073   0.51140   0.47116   0.62973   0.42817   0.31949   0.13129   0.00177   0.00670   0.13848   0.54858   0.22492   1.15752   0.10594   1.15227   0.11264   0.31654   0.13776   0.17384   0.43563   0.06193   0.07078   0.34882   0.31880   0.22561   0.24614   0.17853   0.13027   0.51812   0.48131   1.02415   0.11479   0.67628   0.09849   0.55611   0.08201   1.24025   0.24114   0.12599   0.35797   0.37654   0.17955   0.30015   0.07577   0.38632   0.55730   1.84405   4.08224   0.79055   0.02306  
 46 376.2933 156079.238915  x:  1.87509   0.36819   0.29129   0.38735   0.35407   0.10989   0.66084   0.18984   0.37970   0.41822   0.85562   1.47643   1.13652   0.44471   0.61960   0.58840   0.81524   0.12106   0.36646   0.13871   0.11976   0.45259   0.49810   0.46544   0.62573   0.41811   0.31410   0.13311   0.00178   0.00669   0.13991   0.54074   0.20867   1.17424   0.11580   1.18087   0.12212   0.30750   0.13535   0.15949   0.43578   0.04952   0.06493   0.36293   0.32755   0.23523   0.25539   0.19420   0.13179   0.51125   0.47748   1.03484   0.11397   0.66186   0.08678   0.54025   0.07013   1.26448   0.23384   0.11499   0.36017   0.37814   0.17753   0.31165   0.07712   0.40635   0.55765   1.86369   4.06276   0.79274   0.02295  
 47 301.0644 156072.295789  x:  1.91550   0.35812   0.29102   0.39925   0.36984   0.10540   0.65571   0.19510   0.39173   0.42661   0.85667   1.56284   1.16932   0.44041   0.62177   0.57454   0.81630   0.13392   0.36329   0.14832   0.11314   0.45208   0.49462   0.46307   0.62280   0.41421   0.32269   0.13294   0.00180   0.00670   0.14133   0.54333   0.20234   1.18716   0.12217   1.20011   0.12755   0.30720   0.13874   0.15102   0.44659   0.06846   0.06456   0.36252   0.32377   0.22812   0.24778   0.18166   0.12244   0.51405   0.48159   1.03828   0.11306   0.65818   0.09774   0.53714   0.08240   1.28054   0.24157   0.11849   0.36947   0.38851   0.18453   0.31543   0.08073   0.42237   0.56608   1.88374   4.03779   0.80059   0.02286  
 48 325.9324 156067.676576  x:  1.95158   0.35091   0.29690   0.40420   0.37796   0.09650   0.65516   0.19403   0.40084   0.43456   0.85685   1.62823   1.19192   0.43877   0.62226   0.56748   0.81432   0.14693   0.36748   0.14757   0.10545   0.46093   0.50409   0.46759   0.62301   0.41771   0.33790   0.13358   0.00182   0.00669   0.14188   0.55356   0.20747   1.19671   0.12180   1.21069   0.12555   0.31639   0.14566   0.16288   0.45508   0.05712   0.07651   0.35893   0.32128   0.22693   0.25744   0.19236   0.12735   0.52720   0.49378   1.03670   0.11507   0.66466   0.10414   0.54400   0.08646   1.28894   0.24932   0.12015   0.37582   0.39673   0.18572   0.30750   0.06895   0.42175   0.57540   1.89903   4.00987   0.81095   0.02281  
 49 242.4001 156064.414574  x:  1.98634   0.34985   0.30925   0.40317   0.37777   0.10034   0.66136   0.19382   0.40387   0.43906   0.85877   1.67838   1.20687   0.44016   0.62246   0.56965   0.81253   0.15096   0.37716   0.14495   0.11142   0.47512   0.52164   0.47928   0.62859   0.42646   0.34928   0.13674   0.00185   0.00668   0.14383   0.56525   0.22001   1.20447   0.11981   1.21565   0.12252   0.32821   0.14806   0.17405   0.46156   0.05840   0.07160   0.36108   0.32573   0.23199   0.25619   0.18895   0.13172   0.54140   0.50508   1.03275   0.11732   0.67813   0.09667   0.55634   0.07688   1.29204   0.25197   0.11842   0.37747   0.39878   0.18707   0.31109   0.08599   0.41868   0.58618   1.90784   3.97983   0.82156   0.02275  
 50 196.5697 156062.656385  x:  2.01224   0.35500   0.31728   0.40312   0.37625   0.10698   0.67102   0.19618   0.40298   0.44039   0.86268   1.70413   1.21231   0.44343   0.62382   0.57975   0.81330   0.14585   0.38576   0.14508   0.11504   0.48307   0.53239   0.48905   0.63697   0.43450   0.34955   0.13694   0.00188   0.00666   0.14509   0.57107   0.23006   1.20956   0.12159   1.21674   0.12568   0.33328   0.14440   0.16594   0.46225   0.06261   0.06937   0.36938   0.33273   0.23864   0.25885   0.19365   0.12336   0.54535   0.50761   1.03003   0.11930   0.69200   0.09973   0.56882   0.08315   1.29198   0.25593   0.12175   0.37816   0.39861   0.19000   0.31551   0.07972   0.41626   0.59024   1.90978   3.95687   0.82759   0.02269  
 51 137.6729 156061.562098  x:  2.03875   0.36542   0.31664   0.40901   0.37952   0.10366   0.68320   0.19834   0.40330   0.44220   0.86925   1.71561   1.21127   0.44889   0.62790   0.59720   0.81739   0.13922   0.39188   0.14689   0.10846   0.48303   0.53360   0.49415   0.64760   0.44129   0.34240   0.13793   0.00190   0.00666   0.14582   0.57262   0.23476   1.21387   0.12520   1.21614   0.13138   0.33257   0.14792   0.16664   0.46127   0.06013   0.07545   0.37245   0.33294   0.23572   0.25955   0.19179   0.13097   0.54491   0.50701   1.03153   0.11619   0.70366   0.09955   0.57576   0.08331   1.29053   0.25512   0.12361   0.38104   0.39981   0.19133   0.32212   0.08024   0.42557   0.59235   1.90988   3.93497   0.82860   0.02266  
 52 75.1977 156061.154265  x:  2.05311   0.37066   0.31513   0.41185   0.38152   0.10253   0.68819   0.19841   0.40494   0.44385   0.87277   1.71691   1.20891   0.45187   0.63065   0.60515   0.81988   0.14006   0.39277   0.14713   0.10999   0.48225   0.53260   0.49472   0.65193   0.44327   0.34104   0.13850   0.00191   0.00665   0.14604   0.57366   0.23399   1.21572   0.12475   1.21578   0.13156   0.33140   0.14948   0.16915   0.46346   0.06458   0.07013   0.37033   0.33093   0.23580   0.26204   0.19584   0.13308   0.54441   0.50674   1.03416   0.11750   0.70705   0.09952   0.57638   0.08300   1.29024   0.25479   0.12277   0.38239   0.40137   0.19033   0.32045   0.07930   0.42820   0.59241   1.91074   3.92454   0.82602   0.02264  
 53 68.9277 156060.565478  x:  2.08114   0.37850   0.31297   0.41451   0.38372   0.10409   0.69438   0.19737   0.40868   0.44684   0.87873   1.71356   1.20264   0.45699   0.63587   0.61577   0.82432   0.14601   0.39116   0.14606   0.11708   0.48117   0.53011   0.49316   0.65692   0.44449   0.34333   0.13879   0.00192   0.00665   0.14650   0.57643   0.22937   1.21881   0.12201   1.21570   0.12897   0.32953   0.14880   0.16981   0.46704   0.06122   0.07356   0.36973   0.33300   0.24012   0.26005   0.19470   0.12989   0.54365   0.50730   1.04101   0.12166   0.70911   0.10038   0.57438   0.08414   1.29099   0.25635   0.12291   0.38423   0.40491   0.19068   0.31617   0.08211   0.42895   0.59228   1.91407   3.90641   0.81597   0.02260  
 54 66.8944 156059.793599  x:  2.12732   0.38286   0.31436   0.41186   0.38193   0.10840   0.69658   0.19624   0.40960   0.44718   0.88452   1.70146   1.19234   0.46215   0.64111   0.61957   0.82886   0.14850   0.38629   0.14395   0.11250   0.48231   0.52891   0.48919   0.65747   0.44288   0.35062   0.13825   0.00193   0.00665   0.14705   0.57998   0.22469   1.22375   0.12496   1.21841   0.13092   0.33177   0.14797   0.16999   0.46914   0.06208   0.07178   0.37374   0.33722   0.23727   0.26387   0.19372   0.13053   0.54753   0.51224   1.05311   0.11620   0.70538   0.09918   0.57030   0.08336   1.29515   0.25938   0.12398   0.38272   0.40503   0.19475   0.32107   0.08064   0.42381   0.59355   1.92051   3.87864   0.79071   0.02256  
 55 57.2208 156058.920603  x:  2.18282   0.38004   0.31645   0.40967   0.38069   0.10409   0.69366   0.19680   0.40687   0.44491   0.88707   1.68430   1.18219   0.46471   0.64337   0.61380   0.83133   0.14303   0.38446   0.14903   0.11302   0.48625   0.53268   0.49059   0.65510   0.44090   0.35206   0.13910   0.00195   0.00666   0.14619   0.57926   0.22525   1.22869   0.12789   1.22337   0.13484   0.33683   0.14761   0.16825   0.46621   0.06241   0.07353   0.37226   0.33203   0.23764   0.25997   0.19604   0.13102   0.55025   0.51444   1.06458   0.12187   0.70068   0.10452   0.57040   0.08423   1.30180   0.25881   0.11906   0.38066   0.40106   0.19054   0.32298   0.08198   0.42379   0.59607   1.92400   3.84259   0.75451   0.02252  
 56 89.1812 156058.140779  x:  2.23088   0.37324   0.31851   0.41148   0.38247   0.10202   0.68922   0.19972   0.40549   0.44426   0.88630   1.66864   1.17638   0.46424   0.64275   0.60401   0.83150   0.14000   0.38770   0.15189   0.11473   0.48779   0.53643   0.49471   0.65129   0.44138   0.34756   0.13846   0.00197   0.00665   0.14651   0.57540   0.22976   1.23093   0.12382   1.22763   0.13104   0.33727   0.14673   0.16873   0.46329   0.06261   0.07319   0.37045   0.33042   0.23935   0.26035   0.19473   0.13020   0.54890   0.51145   1.06940   0.11879   0.69762   0.09863   0.57292   0.08377   1.30800   0.25702   0.12773   0.38492   0.40253   0.19182   0.31896   0.08002   0.42694   0.59621   1.92274   3.80772   0.71633   0.02250  
 57 111.8734 156057.550104  x:  2.26208   0.36698   0.31859   0.41366   0.38352   0.10581   0.68618   0.20056   0.40679   0.44574   0.88363   1.65851   1.17677   0.46098   0.64058   0.59687   0.83044   0.14336   0.39283   0.14719   0.11073   0.48467   0.53559   0.49628   0.64786   0.44388   0.34356   0.13821   0.00198   0.00665   0.14646   0.57263   0.23476   1.22986   0.12029   1.23023   0.12810   0.33316   0.14626   0.17034   0.46420   0.06209   0.07195   0.37190   0.33582   0.23790   0.26308   0.19305   0.13020   0.54528   0.50696   1.06570   0.11831   0.69984   0.10225   0.57633   0.08427   1.31129   0.25620   0.12128   0.38383   0.40255   0.19014   0.31714   0.08155   0.42870   0.59345   1.91810   3.77825   0.68216   0.02248  
 58 84.5751 156056.811583  x:  2.28916   0.36200   0.31352   0.41217   0.38043   0.10606   0.68445   0.19548   0.40809   0.44663   0.87882   1.65038   1.18525   0.45313   0.63590   0.59410   0.82852   0.14802   0.39680   0.14350   0.11310   0.47923   0.53067   0.49479   0.64715   0.44642   0.34424   0.13886   0.00200   0.00665   0.14514   0.57353   0.23805   1.22360   0.12385   1.23169   0.13258   0.32810   0.14873   0.16745   0.46774   0.06157   0.07252   0.37049   0.33289   0.23665   0.25746   0.19617   0.13197   0.54212   0.50513   1.05114   0.12194   0.70580   0.09888   0.57608   0.08071   1.31139   0.25645   0.12226   0.38124   0.40423   0.19511   0.32172   0.07968   0.42448   0.58862   1.91133   3.73622   0.63122   0.02245  
 59 67.5294 156055.589663  x:  2.31628   0.36271   0.30912   0.40838   0.37728   0.10497   0.68565   0.19404   0.40557   0.44336   0.87214   1.64316   1.20584   0.44143   0.62785   0.59861   0.82565   0.14484   0.39409   0.14925   0.11838   0.47675   0.52518   0.48917   0.65075   0.44468   0.34796   0.13586   0.00203   0.00665   0.14681   0.57687   0.23509   1.20714   0.12441   1.22981   0.13214   0.32623   0.14989   0.16562   0.46629   0.06098   0.07305   0.36849   0.32750   0.23717   0.26381   0.19049   0.13151   0.54272   0.50843   1.02450   0.11338   0.71163   0.09794   0.57156   0.08563   1.30636   0.25670   0.12118   0.37853   0.40115   0.18786   0.31805   0.08162   0.42213   0.58869   1.90792   3.66146   0.53935   0.02243  
 60 99.4314 156054.122201  x:  2.33446   0.36952   0.31152   0.40765   0.37925   0.10559   0.68772   0.19848   0.40214   0.43954   0.86609   1.63863   1.23139   0.43559   0.62177   0.60635   0.82216   0.14073   0.38572   0.14866   0.10915   0.47824   0.52368   0.48255   0.65204   0.43913   0.34670   0.13797   0.00207   0.00665   0.14332   0.57647   0.23009   1.18575   0.12120   1.22453   0.12818   0.33132   0.14919   0.16905   0.45993   0.06156   0.07054   0.36919   0.33256   0.23517   0.25755   0.19268   0.12618   0.54373   0.50967   1.00212   0.11999   0.71061   0.10096   0.56573   0.07891   1.29680   0.25268   0.12616   0.38114   0.39869   0.18591   0.31343   0.08017   0.42340   0.59153   1.91058   3.56611   0.42622   0.02244  
 61 178.0839 156051.997119  x:  2.33702   0.38180   0.31759   0.40887   0.38167   0.10043   0.68651   0.19718   0.40209   0.43998   0.85998   1.63797   1.26335   0.44638   0.62215   0.61242   0.81648   0.14795   0.37755   0.13963   0.11186   0.48434   0.53192   0.48595   0.64785   0.43356   0.33616   0.13395   0.00214   0.00666   0.14611   0.56861   0.23024   1.15857   0.12160   1.21440   0.12744   0.33612   0.14806   0.17147   0.45578   0.06120   0.07106   0.36619   0.33064   0.23443   0.25398   0.19414   0.12664   0.54154   0.50350   0.99822   0.11859   0.69528   0.09342   0.56548   0.08830   1.28220   0.25504   0.11569   0.37924   0.39600   0.19387   0.31937   0.07755   0.42297   0.58929   1.91800   3.41589   0.26485   0.02249  
 62 172.2166 156050.010622  x:  2.32643   0.38927   0.31857   0.40761   0.37789   0.10128   0.68398   0.19377   0.40403   0.44244   0.85558   1.64020   1.28592   0.46005   0.62618   0.61147   0.81204   0.15088   0.37973   0.14207   0.11448   0.48428   0.53538   0.49335   0.64497   0.43548   0.33509   0.13780   0.00221   0.00665   0.14174   0.56640   0.23230   1.13939   0.12516   1.20631   0.13311   0.33446   0.14792   0.16523   0.45940   0.06101   0.07182   0.36642   0.32647   0.23540   0.26300   0.18759   0.12979   0.53892   0.49942   1.01242   0.11690   0.68371   0.10503   0.56883   0.07709   1.27125   0.25398   0.12017   0.37957   0.40014   0.19313   0.31622   0.07869   0.41908   0.58484   1.92070   3.26950   0.11582   0.02253  
 63 270.4762 156048.285663  x:  2.30770   0.38964   0.31410   0.40708   0.37430   0.10556   0.68295   0.19470   0.40452   0.44312   0.85361   1.64426   1.29560   0.46748   0.63058   0.60521   0.81124   0.14439   0.38870   0.14827   0.10789   0.47825   0.53073   0.49530   0.64462   0.44299   0.34491   0.13510   0.00228   0.00665   0.14478   0.57150   0.23162   1.13047   0.12386   1.20252   0.13462   0.32950   0.14950   0.16467   0.46437   0.06025   0.07061   0.36949   0.33008   0.23477   0.25539   0.19325   0.13107   0.53956   0.50196   1.03527   0.11812   0.68372   0.09813   0.57223   0.08396   1.26899   0.25551   0.12377   0.37863   0.40137   0.18380   0.31165   0.08195   0.41987   0.58444   1.91838   3.14035  -0.01088   0.02258  
 64 241.5812 156047.206145  x:  2.28946   0.38390   0.31023   0.41027   0.37884   0.10299   0.68467   0.19769   0.40300   0.44093   0.85560   1.64884   1.28969   0.46324   0.63314   0.60008   0.81550   0.13904   0.39309   0.14517   0.11385   0.47738   0.52744   0.48985   0.64633   0.44650   0.34866   0.13664   0.00233   0.00664   0.14275   0.57486   0.22873   1.13384   0.12082   1.20555   0.13095   0.32849   0.14518   0.16944   0.46167   0.06038   0.07125   0.36608   0.33102   0.23413   0.25950   0.19049   0.12581   0.54239   0.50718   1.04923   0.12004   0.69687   0.09816   0.57111   0.08207   1.27591   0.25521   0.12089   0.37856   0.39760   0.19014   0.32013   0.07729   0.42383   0.58877   1.91589   3.06147  -0.08798   0.02263  
 65 131.8193 156046.409934  x:  2.27238   0.37749   0.31365   0.40943   0.38065   0.10465   0.68795   0.19716   0.40340   0.44046   0.86223   1.65508   1.27307   0.45384   0.63466   0.59980   0.82274   0.14494   0.39040   0.14107   0.11361   0.48125   0.52853   0.48450   0.64938   0.44383   0.34074   0.13399   0.00236   0.00664   0.14577   0.57215   0.22955   1.14492   0.12450   1.21419   0.13272   0.33321   0.14679   0.16675   0.45799   0.06067   0.07064   0.36792   0.32855   0.23714   0.25666   0.19217   0.12837   0.54334   0.50831   1.05083   0.11543   0.70923   0.10036   0.56789   0.08126   1.28843   0.25363   0.12095   0.38129   0.39869   0.19064   0.31418   0.07964   0.42118   0.58976   1.91674   3.00835  -0.14071   0.02266  
 66 78.6005 156045.975103  x:  2.26301   0.37485   0.31555   0.40752   0.37839   0.10317   0.68930   0.19526   0.40463   0.44165   0.86839   1.66042   1.25842   0.44906   0.63441   0.60196   0.82660   0.14760   0.38704   0.14524   0.11212   0.48282   0.53057   0.48669   0.65168   0.44113   0.33830   0.13834   0.00238   0.00663   0.14108   0.57180   0.23176   1.15285   0.12311   1.22067   0.13221   0.33396   0.14659   0.16664   0.46025   0.06076   0.07102   0.36866   0.33042   0.23350   0.25946   0.19058   0.12863   0.54160   0.50534   1.04466   0.11925   0.70954   0.09620   0.56736   0.08404   1.29673   0.25411   0.12158   0.38008   0.39993   0.18821   0.31452   0.08001   0.42009   0.58813   1.91986   2.98438  -0.16645   0.02268  
 67 61.9043 156045.590556  x:  2.25593   0.37402   0.31592   0.40758   0.37650   0.10238   0.68968   0.19524   0.40500   0.44245   0.87505   1.66698   1.24201   0.44758   0.63303   0.60477   0.82821   0.14617   0.38454   0.14750   0.11102   0.48201   0.53183   0.49152   0.65198   0.43981   0.34109   0.13355   0.00240   0.00663   0.14549   0.57351   0.23456   1.15964   0.11972   1.22648   0.12991   0.33126   0.14635   0.16821   0.46343   0.06008   0.07082   0.36681   0.33035   0.23415   0.25785   0.19104   0.12793   0.53972   0.50242   1.03438   0.11874   0.70341   0.09910   0.56846   0.08071   1.30279   0.25448   0.12231   0.37803   0.39980   0.18765   0.31822   0.07844   0.42121   0.58614   1.92332   2.96839  -0.18519   0.02271  
 68 50.8480 156045.259660  x:  2.25237   0.37440   0.31420   0.41011   0.37749   0.10391   0.68877   0.19701   0.40320   0.44113   0.87998   1.67455   1.22667   0.45052   0.63157   0.60644   0.82618   0.14315   0.38531   0.14213   0.11153   0.47967   0.53061   0.49315   0.64905   0.44133   0.34511   0.13721   0.00242   0.00663   0.14148   0.57487   0.23593   1.16337   0.12012   1.22990   0.12991   0.32930   0.14913   0.16675   0.46134   0.06006   0.07053   0.36646   0.32828   0.23673   0.25646   0.19140   0.12825   0.54019   0.50377   1.02463   0.11627   0.69516   0.09924   0.56987   0.08161   1.30429   0.25482   0.12107   0.37863   0.39797   0.18886   0.31571   0.07875   0.42215   0.58557   1.92366   2.96098  -0.19542   0.02274  
 69 31.2964 156044.866678  x:  2.25123   0.37433   0.31093   0.41046   0.37795   0.10307   0.68649   0.19679   0.40179   0.43965   0.88273   1.68479   1.20985   0.45633   0.63024   0.60658   0.82062   0.14288   0.38919   0.14057   0.11370   0.47833   0.52815   0.49097   0.64607   0.44442   0.34468   0.13348   0.00244   0.00663   0.14497   0.57278   0.23456   1.16398   0.12210   1.23069   0.13158   0.33066   0.14947   0.16560   0.45714   0.06104   0.07074   0.36827   0.32966   0.23221   0.25970   0.18958   0.12808   0.54159   0.50663   1.01682   0.12170   0.68973   0.09772   0.56967   0.08144   1.30106   0.25343   0.12097   0.38054   0.39756   0.18946   0.31259   0.07951   0.42047   0.58639   1.92120   2.95947  -0.20144   0.02277  
 70 28.6086 156043.913382  x:  2.25285   0.37233   0.30809   0.40534   0.37577   0.10248   0.68158   0.19440   0.40308   0.43968   0.88295   1.70911   1.17549   0.46761   0.62803   0.60465   0.80646   0.14638   0.39650   0.14891   0.11300   0.47877   0.52446   0.48243   0.64325   0.44854   0.33744   0.13555   0.00250   0.00663   0.14175   0.56519   0.22747   1.15838   0.12073   1.22624   0.12863   0.33383   0.14503   0.16864   0.45556   0.06031   0.06994   0.36662   0.32934   0.23232   0.25469   0.19158   0.12551   0.54180   0.50796   1.00894   0.11518   0.68964   0.09988   0.56662   0.08142   1.28751   0.25255   0.11995   0.37921   0.39838   0.18753   0.31623   0.07836   0.41603   0.58837   1.91492   2.96672  -0.20697   0.02284  
 71 38.3270 156042.424159  x:  2.25803   0.36701   0.31368   0.40193   0.37444   0.10582   0.67885   0.19487   0.40304   0.43900   0.87551   1.74095   1.13660   0.46958   0.62464   0.60153   0.79432   0.13993   0.38977   0.14285   0.10638   0.47884   0.52604   0.47626   0.64022   0.44222   0.33754   0.13297   0.00259   0.00663   0.14195   0.56326   0.22299   1.14510   0.12024   1.21427   0.13061   0.33337   0.14939   0.16531   0.46218   0.05797   0.06941   0.36026   0.32271   0.23867   0.25806   0.18561   0.12491   0.53505   0.49925   1.01278   0.11991   0.70126   0.09467   0.56201   0.08125   1.26662   0.25361   0.12153   0.37234   0.39597   0.18498   0.31523   0.07691   0.41824   0.58404   1.91260   2.98890  -0.20647   0.02296  
 72 46.8479 156040.843115  x:  2.26333   0.36209   0.31407   0.40293   0.37344   0.09807   0.67830   0.19275   0.39867   0.43533   0.86524   1.76686   1.10915   0.46189   0.62247   0.59989   0.79188   0.13741   0.37898   0.13832   0.11417   0.47694   0.52923   0.48096   0.64098   0.43320   0.34233   0.13286   0.00269   0.00663   0.14007   0.56663   0.22638   1.13198   0.12123   1.20116   0.13077   0.32580   0.14723   0.16292   0.46028   0.05812   0.06890   0.36421   0.32831   0.22612   0.25277   0.18909   0.12693   0.53074   0.49298   1.02187   0.11342   0.70969   0.09621   0.56024   0.07941   1.25053   0.25264   0.12095   0.37207   0.39340   0.18419   0.30853   0.07748   0.41821   0.57703   1.91485   3.01575  -0.19861   0.02309  
 73 73.6831 156038.323346  x:  2.26864   0.36307   0.30735   0.40555   0.36904   0.10106   0.68180   0.19346   0.39331   0.43131   0.85214   1.78771   1.09643   0.43848   0.62317   0.60035   0.80689   0.15127   0.37374   0.14358   0.10454   0.46775   0.52343   0.49322   0.64674   0.42878   0.34198   0.13155   0.00286   0.00662   0.13955   0.57008   0.24100   1.11985   0.12306   1.18579   0.12840   0.31792   0.13711   0.16423   0.44288   0.05929   0.06729   0.36160   0.32186   0.23353   0.25324   0.18547   0.12622   0.53493   0.49954   1.03548   0.11769   0.70176   0.09402   0.56278   0.08141   1.24457   0.24598   0.11641   0.38024   0.39316   0.18593   0.31086   0.07717   0.40994   0.57327   1.91798   3.05923  -0.16942   0.02325  
 74 52.7917 156033.998326  x:  2.27254   0.37774   0.30102   0.40244   0.36641   0.10956   0.68640   0.19345   0.39993   0.43640   0.84268   1.79679   1.11244   0.40774   0.62575   0.59853   0.83925   0.14962   0.38284   0.13943   0.11326   0.47089   0.51698   0.49171   0.64880   0.43783   0.32905   0.13088   0.00318   0.00659   0.13840   0.56595   0.25249   1.11717   0.12043   1.17648   0.12861   0.33258   0.15968   0.16481   0.44913   0.05724   0.06887   0.35766   0.32506   0.22579   0.25262   0.18628   0.11544   0.53678   0.50801   1.04823   0.11514   0.67601   0.09760   0.56278   0.08014   1.26065   0.24876   0.12065   0.36967   0.39163   0.18172   0.31359   0.07427   0.41291   0.58345   1.91537   3.13444  -0.10248   0.02351  
 75 72.9246 156029.230681  x:  2.27348   0.39496   0.30397   0.40200   0.37409   0.09439   0.68655   0.18760   0.40141   0.43675   0.84440   1.79041   1.15325   0.40851   0.63133   0.59302   0.86170   0.13909   0.39456   0.13462   0.10943   0.48150   0.51945   0.47600   0.64506   0.45068   0.33201   0.13051   0.00353   0.00657   0.13726   0.56589   0.25004   1.13249   0.12423   1.18406   0.13038   0.33585   0.13106   0.16107   0.46650   0.05567   0.06507   0.36533   0.32546   0.23387   0.25207   0.18459   0.12636   0.53467   0.50208   1.04536   0.11604   0.66860   0.09603   0.55908   0.07827   1.29046   0.25546   0.12035   0.36734   0.39231   0.18234   0.30595   0.07559   0.41550   0.58432   1.91550   3.21549  -0.02326   0.02379  
 76 122.0702 156024.563391  x:  2.27207   0.40533   0.31931   0.40220   0.37532   0.10606   0.68634   0.19577   0.39577   0.43245   0.85566   1.77313   1.21033   0.44428   0.64038   0.58688   0.86329   0.14239   0.39810   0.14690   0.11058   0.48450   0.52966   0.47272   0.64210   0.45552   0.34792   0.12965   0.00388   0.00655   0.13652   0.56942   0.23658   1.16381   0.12540   1.20780   0.12623   0.32903   0.14149   0.16283   0.45542   0.05626   0.06953   0.35868   0.31887   0.22265   0.25162   0.18616   0.12636   0.52867   0.48935   1.03792   0.11655   0.69038   0.09669   0.55547   0.07966   1.32241   0.25015   0.11614   0.37862   0.39394   0.18537   0.30877   0.07625   0.40974   0.57210   1.92188   3.30026   0.05606   0.02397  
 77 143.9193 156023.039010  x:  2.27134   0.40052   0.31257   0.40241   0.36943   0.09575   0.68611   0.19245   0.39770   0.43503   0.86214   1.76510   1.23348   0.46113   0.64407   0.58864   0.85346   0.14546   0.39348   0.14414   0.10923   0.47780   0.53079   0.48156   0.64154   0.45080   0.34634   0.12915   0.00399   0.00654   0.13584   0.56719   0.23211   1.18048   0.12397   1.22207   0.12783   0.32730   0.15071   0.16252   0.44985   0.05620   0.06449   0.36170   0.32641   0.23204   0.25178   0.18316   0.12238   0.53215   0.49545   1.03755   0.11584   0.70306   0.09574   0.55808   0.07909   1.32835   0.24734   0.11894   0.37471   0.39254   0.18148   0.31045   0.07441   0.41222   0.57379   1.93082   3.33152   0.07830   0.02402  
 78 99.5109 156022.494137  x:  2.27108   0.39359   0.30904   0.40393   0.36772   0.10230   0.68767   0.19286   0.39895   0.43648   0.86727   1.76140   1.24413   0.46503   0.64488   0.59322   0.84335   0.14352   0.38978   0.14059   0.10983   0.47396   0.52870   0.48786   0.64299   0.44662   0.34105   0.12900   0.00402   0.00654   0.13554   0.56502   0.23172   1.19074   0.12230   1.23075   0.12778   0.32764   0.14346   0.16274   0.45256   0.05602   0.06645   0.35970   0.32212   0.22722   0.25084   0.18403   0.12201   0.53501   0.50175   1.03944   0.11571   0.70627   0.09476   0.56098   0.07833   1.32525   0.24892   0.12073   0.37066   0.39164   0.18033   0.30810   0.07441   0.41265   0.57693   1.93524   3.34329   0.08552   0.02405  
 79 53.1889 156022.216028  x:  2.27103   0.38433   0.30755   0.40456   0.37022   0.10181   0.68933   0.19194   0.39682   0.43421   0.87439   1.75892   1.25189   0.46002   0.64412   0.60052   0.83156   0.14124   0.38942   0.14177   0.10901   0.47607   0.52556   0.48779   0.64670   0.44597   0.34023   0.12875   0.00404   0.00654   0.13558   0.56672   0.23336   1.20120   0.12192   1.23833   0.12489   0.33084   0.14515   0.16270   0.45533   0.05541   0.06586   0.36048   0.32258   0.22804   0.25090   0.18367   0.12161   0.53223   0.50044   1.04473   0.11563   0.70206   0.09485   0.56125   0.07823   1.31539   0.25043   0.11798   0.37360   0.39258   0.18259   0.30788   0.07497   0.40898   0.57585   1.93396   3.34877   0.08921   0.02406  
 80 25.1343 156022.132693  x:  2.27108   0.38161   0.30915   0.40285   0.36915   0.10130   0.68958   0.19298   0.39797   0.43505   0.87867   1.75823   1.25463   0.45668   0.64375   0.60311   0.82799   0.14343   0.39022   0.14047   0.10958   0.47740   0.52599   0.48580   0.64693   0.44730   0.34168   0.12877   0.00405   0.00654   0.13552   0.56783   0.23426   1.20553   0.12179   1.24079   0.12533   0.32965   0.14405   0.16250   0.45257   0.05583   0.06598   0.35967   0.32286   0.22793   0.25087   0.18376   0.12240   0.53208   0.49899   1.04674   0.11563   0.69981   0.09503   0.56022   0.07878   1.30995   0.24944   0.11936   0.37280   0.39196   0.18082   0.30861   0.07445   0.41145   0.57576   1.93273   3.35015   0.09024   0.02406  
 81 18.0975 156022.102375  x:  2.27115   0.38204   0.31046   0.40374   0.36928   0.10107   0.68846   0.19211   0.39790   0.43520   0.88260   1.75819   1.25568   0.45480   0.64314   0.60272   0.82899   0.14314   0.39044   0.14160   0.10934   0.47622   0.52767   0.48519   0.64549   0.44829   0.34141   0.12875   0.00405   0.00654   0.13551   0.56672   0.23432   1.20743   0.12107   1.24067   0.12540   0.32767   0.14466   0.16274   0.45243   0.05579   0.06593   0.36061   0.32220   0.22785   0.25083   0.18373   0.12180   0.53365   0.49942   1.04705   0.11581   0.70015   0.09501   0.55936   0.07882   1.30619   0.24943   0.11927   0.37151   0.39173   0.18179   0.30795   0.07458   0.41113   0.57547   1.93287   3.35052   0.09016   0.02406  
 82  5.6341 156022.065325  x:  2.27124   0.38234   0.30965   0.40374   0.36856   0.10093   0.68745   0.19327   0.39751   0.43500   0.88726   1.75838   1.25671   0.45397   0.64262   0.60102   0.83199   0.14280   0.39011   0.14135   0.10962   0.47497   0.52846   0.48525   0.64341   0.44854   0.34154   0.12875   0.00405   0.00654   0.13545   0.56552   0.23460   1.20933   0.12177   1.23952   0.12520   0.32841   0.14439   0.16212   0.45350   0.05566   0.06598   0.35885   0.32333   0.22789   0.25080   0.18373   0.12213   0.53368   0.49958   1.04658   0.11559   0.70127   0.09489   0.55947   0.07898   1.30188   0.24971   0.11895   0.37344   0.39264   0.18074   0.30871   0.07456   0.41051   0.57564   1.93346   3.35094   0.08948   0.02405  
 83  5.7555 156021.986722  x:  2.27134   0.38031   0.30711   0.40288   0.36880   0.10155   0.68709   0.19362   0.39756   0.43484   0.89281   1.75911   1.25814   0.45545   0.64283   0.59775   0.83764   0.14419   0.38994   0.14183   0.10960   0.47596   0.52647   0.48617   0.64277   0.44768   0.34301   0.12873   0.00404   0.00654   0.13541   0.56566   0.23475   1.21139   0.12155   1.23657   0.12486   0.33169   0.14412   0.16325   0.45280   0.05572   0.06584   0.36149   0.32144   0.22782   0.25080   0.18367   0.12216   0.53060   0.49842   1.04509   0.11547   0.70230   0.09475   0.56109   0.07882   1.29666   0.25012   0.11935   0.37249   0.39099   0.18132   0.30819   0.07438   0.41159   0.57596   1.93393   3.35120   0.08788   0.02405  
 84  6.1825 156021.737829  x:  2.27148   0.37137   0.30907   0.40346   0.37238   0.10222   0.68900   0.19001   0.39843   0.43507   0.89866   1.76185   1.26073   0.46064   0.64488   0.59336   0.84654   0.14217   0.39091   0.14187   0.10893   0.48133   0.52198   0.48697   0.64702   0.44511   0.34181   0.12861   0.00404   0.00654   0.13539   0.56758   0.23300   1.21321   0.11991   1.22985   0.12727   0.32944   0.14423   0.16149   0.45012   0.05605   0.06581   0.35640   0.32466   0.22806   0.25055   0.18371   0.12332   0.53091   0.49987   1.04189   0.11523   0.70005   0.09472   0.56224   0.07905   1.29172   0.24928   0.11967   0.36929   0.39185   0.18182   0.30741   0.07484   0.41024   0.57461   1.93371   3.35140   0.08245   0.02403  
 85  7.6461 156021.080926  x:  2.27153   0.35653   0.31441   0.40090   0.36738   0.09927   0.69370   0.19423   0.39830   0.43505   0.90406   1.76914   1.26508   0.46767   0.64941   0.59077   0.85449   0.13991   0.39286   0.13675   0.10952   0.48318   0.52153   0.48653   0.65373   0.44388   0.33628   0.12835   0.00401   0.00653   0.13509   0.57021   0.22919   1.21333   0.12101   1.21834   0.12614   0.32172   0.14610   0.16314   0.45452   0.05513   0.06580   0.36305   0.31929   0.22718   0.25027   0.18351   0.12029   0.53595   0.50117   1.03874   0.11653   0.69416   0.09527   0.55902   0.07953   1.29077   0.24874   0.11806   0.37506   0.39474   0.17918   0.30963   0.07415   0.41022   0.57438   1.93226   3.35223   0.06716   0.02397  
 86 16.7099 156017.805913  x:  2.27030   0.33908   0.31591   0.40832   0.35835   0.09936   0.69575   0.19535   0.38887   0.42965   0.91523   1.80594   1.27992   0.47197   0.66031   0.59876   0.84861   0.14758   0.39586   0.14325   0.10803   0.45795   0.53941   0.48462   0.65897   0.45390   0.33251   0.12722   0.00389   0.00651   0.13430   0.57449   0.22546   1.20331   0.12978   1.19142   0.12800   0.33436   0.14295   0.16169   0.45690   0.05384   0.06537   0.35246   0.32423   0.22750   0.24922   0.18283   0.12260   0.53712   0.48964   1.04163   0.11552   0.68367   0.09700   0.54724   0.07820   1.30967   0.25609   0.11854   0.37081   0.37632   0.18673   0.30036   0.07392   0.41382   0.57728   1.92997   3.35111  -0.00511   0.02369  
 87 25.1715 156012.794659  x:  2.26763   0.35461   0.30800   0.41304   0.37293   0.10290   0.68587   0.18649   0.39713   0.43695   0.92566   1.86185   1.29853   0.46473   0.66199   0.61053   0.82809   0.13684   0.38943   0.14001   0.11002   0.45421   0.54672   0.47930   0.64374   0.45983   0.34006   0.12571   0.00370   0.00646   0.13257   0.56888   0.23143   1.18419   0.11953   1.17715   0.13107   0.34460   0.13780   0.16018   0.43992   0.05511   0.06451   0.35914   0.31383   0.22548   0.24702   0.18215   0.12647   0.52544   0.48720   1.05501   0.11459   0.68174   0.09765   0.55297   0.08053   1.33576   0.24751   0.11815   0.36606   0.39543   0.17481   0.30984   0.07399   0.40152   0.57126   1.93273   3.35075  -0.11820   0.02326  
 88 91.5348 156009.769430  x:  2.26514   0.38476   0.30709   0.39596   0.36970   0.10048   0.67874   0.19466   0.39646   0.43513   0.92062   1.89427   1.30681   0.46157   0.65519   0.61314   0.82014   0.13862   0.38802   0.14659   0.10817   0.47848   0.52776   0.48193   0.63178   0.45494   0.34162   0.12481   0.00359   0.00644   0.13170   0.55637   0.24253   1.17497   0.12701   1.19315   0.13285   0.32826   0.13852   0.16359   0.44526   0.05299   0.06388   0.35244   0.31619   0.22526   0.24580   0.18135   0.12259   0.52282   0.49572   1.06530   0.11490   0.68561   0.09614   0.56377   0.07923   1.33873   0.24679   0.11324   0.36773   0.38948   0.18636   0.29907   0.07407   0.40780   0.56607   1.93355   3.34871  -0.18496   0.02299  
 89 93.1021 156008.786210  x:  2.26368   0.39918   0.31380   0.40363   0.37219   0.09919   0.67835   0.19168   0.38965   0.43020   0.90453   1.90365   1.30730   0.46454   0.65002   0.60984   0.82792   0.14619   0.39304   0.14433   0.10880   0.48183   0.51881   0.48715   0.63243   0.45148   0.34159   0.12463   0.00356   0.00642   0.13138   0.55465   0.24237   1.17438   0.12470   1.21724   0.12603   0.32766   0.13976   0.15741   0.44864   0.05297   0.06419   0.35408   0.31451   0.22455   0.24557   0.18171   0.12677   0.52758   0.49330   1.06793   0.11638   0.68585   0.09645   0.56034   0.07874   1.32619   0.25087   0.11793   0.36794   0.38214   0.17879   0.30441   0.07313   0.40655   0.56893   1.93192   3.34693  -0.20575   0.02291  
 90 47.8545 156008.161510  x:  2.26237   0.40758   0.31520   0.40610   0.36810   0.09867   0.68114   0.19238   0.39320   0.43418   0.88383   1.90907   1.30651   0.46775   0.64603   0.60577   0.84004   0.14200   0.39659   0.14347   0.10888   0.47706   0.52073   0.48924   0.63677   0.44993   0.34159   0.12461   0.00354   0.00642   0.13132   0.55761   0.23953   1.17682   0.12638   1.24340   0.13002   0.33214   0.13758   0.16300   0.44530   0.05265   0.06393   0.35334   0.31465   0.22521   0.24557   0.18140   0.12377   0.52845   0.48750   1.06835   0.11515   0.68349   0.09663   0.55631   0.07998   1.30997   0.25156   0.11590   0.36744   0.38659   0.18128   0.30189   0.07395   0.40451   0.56972   1.93100   3.34533  -0.21877   0.02286  
 91 45.7434 156008.058983  x:  2.26214   0.40805   0.31286   0.40337   0.36856   0.09946   0.68210   0.19184   0.39356   0.43423   0.87785   1.90991   1.30628   0.46888   0.64717   0.60542   0.84333   0.14178   0.39598   0.14417   0.10839   0.47586   0.52560   0.48658   0.63768   0.45142   0.34095   0.12449   0.00353   0.00642   0.13132   0.55874   0.23909   1.17823   0.12512   1.24847   0.12685   0.33212   0.13811   0.16002   0.44560   0.05299   0.06403   0.35339   0.31446   0.22488   0.24546   0.18161   0.12568   0.52726   0.49033   1.06794   0.11555   0.68253   0.09673   0.55775   0.08014   1.30592   0.24994   0.11493   0.36730   0.38707   0.18296   0.30163   0.07361   0.40642   0.56843   1.93197   3.34541  -0.22133   0.02285  
 92 19.6046 156008.041063  x:  2.26209   0.40790   0.31232   0.40307   0.37009   0.09975   0.68220   0.19174   0.39296   0.43350   0.87590   1.91005   1.30625   0.46910   0.64862   0.60560   0.84404   0.14216   0.39510   0.14432   0.10850   0.47568   0.52691   0.48534   0.63734   0.45240   0.34053   0.12450   0.00353   0.00642   0.13131   0.55875   0.23948   1.17929   0.12578   1.24921   0.12763   0.33126   0.13812   0.16119   0.44598   0.05282   0.06397   0.35329   0.31451   0.22496   0.24545   0.18151   0.12483   0.52639   0.49095   1.06756   0.11548   0.68220   0.09661   0.55883   0.08008   1.30491   0.25020   0.11567   0.36728   0.38641   0.18189   0.30194   0.07369   0.40605   0.56801   1.93237   3.34547  -0.22191   0.02285  
 93  8.0872 156008.033294  x:  2.26212   0.40804   0.31279   0.40300   0.36985   0.09943   0.68196   0.19227   0.39327   0.43365   0.87404   1.91012   1.30627   0.46881   0.65109   0.60587   0.84405   0.14185   0.39409   0.14469   0.10861   0.47558   0.52605   0.48519   0.63638   0.45339   0.34056   0.12449   0.00353   0.00642   0.13132   0.55842   0.23974   1.18108   0.12505   1.24852   0.12767   0.33115   0.13826   0.16087   0.44558   0.05289   0.06395   0.35330   0.31447   0.22494   0.24543   0.18153   0.12514   0.52647   0.49057   1.06690   0.11553   0.68235   0.09654   0.55913   0.07983   1.30432   0.25107   0.11554   0.36729   0.38631   0.18201   0.30186   0.07375   0.40557   0.56851   1.93241   3.34550  -0.22232   0.02285  
 94  2.6832 156008.026867  x:  2.26217   0.40864   0.31298   0.40319   0.36947   0.09972   0.68162   0.19132   0.39294   0.43347   0.87267   1.91014   1.30631   0.46838   0.65281   0.60579   0.84371   0.14160   0.39395   0.14462   0.10861   0.47583   0.52560   0.48560   0.63594   0.45353   0.34082   0.12447   0.00353   0.00642   0.13132   0.55821   0.23975   1.18304   0.12543   1.24748   0.12740   0.33151   0.13817   0.16105   0.44587   0.05285   0.06398   0.35325   0.31446   0.22492   0.24542   0.18150   0.12489   0.52673   0.49038   1.06636   0.11543   0.68242   0.09660   0.55872   0.08015   1.30394   0.25000   0.11549   0.36734   0.38661   0.18207   0.30183   0.07361   0.40619   0.56841   1.93232   3.34558  -0.22281   0.02285  
 95  2.7750 156008.012280  x:  2.26235   0.41047   0.31203   0.40348   0.36975   0.09945   0.68170   0.19258   0.39303   0.43377   0.87087   1.91010   1.30640   0.46757   0.65350   0.60487   0.84262   0.14170   0.39528   0.14433   0.10834   0.47627   0.52630   0.48624   0.63663   0.45202   0.34087   0.12449   0.00352   0.00641   0.13133   0.55799   0.23901   1.18669   0.12522   1.24518   0.12746   0.33161   0.13814   0.16091   0.44597   0.05287   0.06401   0.35323   0.31443   0.22487   0.24539   0.18149   0.12491   0.52661   0.49081   1.06577   0.11539   0.68225   0.09665   0.55771   0.08023   1.30367   0.24984   0.11575   0.36675   0.38611   0.18198   0.30188   0.07383   0.40556   0.56701   1.93202   3.34577  -0.22398   0.02285  
 96  2.3100 156007.980650  x:  2.26267   0.41274   0.31190   0.40222   0.36955   0.09996   0.68172   0.19087   0.39246   0.43312   0.86889   1.90978   1.30654   0.46722   0.65138   0.60367   0.84141   0.14179   0.39643   0.14395   0.10832   0.47538   0.52687   0.48548   0.63792   0.44975   0.34052   0.12451   0.00352   0.00641   0.13133   0.55824   0.23855   1.19144   0.12425   1.24200   0.12816   0.33059   0.13833   0.16096   0.44501   0.05297   0.06399   0.35312   0.31433   0.22483   0.24533   0.18146   0.12498   0.52571   0.49047   1.06547   0.11548   0.68180   0.09649   0.55806   0.07959   1.30371   0.25197   0.11524   0.36781   0.38642   0.18177   0.30172   0.07353   0.40617   0.56849   1.93228   3.34614  -0.22634   0.02285  
 97  3.8323 156007.861516  x:  2.26363   0.41373   0.31405   0.40207   0.36964   0.09868   0.68205   0.19182   0.39344   0.43289   0.86506   1.90783   1.30669   0.46917   0.64166   0.60368   0.84097   0.14229   0.39397   0.14435   0.10920   0.47202   0.52440   0.48187   0.63793   0.44928   0.33940   0.12475   0.00350   0.00640   0.13144   0.55953   0.23986   1.19916   0.12538   1.23649   0.12666   0.33030   0.13844   0.16062   0.44589   0.05301   0.06424   0.35286   0.31431   0.22463   0.24528   0.18138   0.12509   0.52561   0.48891   1.06531   0.11541   0.68105   0.09648   0.56084   0.08029   1.30411   0.24779   0.11588   0.36608   0.38539   0.18227   0.30148   0.07372   0.40385   0.57032   1.93291   3.34645  -0.23364   0.02286  
 98  4.9467 156007.482355  x:  2.26622   0.40791   0.31205   0.40361   0.36675   0.09977   0.68061   0.19156   0.39078   0.43132   0.85978   1.90015   1.30587   0.47098   0.62595   0.60779   0.84257   0.14399   0.38720   0.14530   0.10909   0.47457   0.52195   0.48222   0.63243   0.45581   0.33778   0.12570   0.00344   0.00635   0.13209   0.55881   0.23785   1.20523   0.12142   1.23150   0.13008   0.33275   0.13798   0.16085   0.44526   0.05384   0.06483   0.35297   0.31438   0.22475   0.24552   0.18149   0.12405   0.52759   0.49059   1.06287   0.11500   0.68166   0.09662   0.55633   0.07970   1.30438   0.25083   0.11582   0.36654   0.38624   0.18149   0.30172   0.07397   0.40729   0.56090   1.93220   3.34601  -0.25441   0.02291  
 99  9.8076 156006.662301  x:  2.27155   0.39698   0.30657   0.40012   0.36869   0.10235   0.67671   0.18987   0.39228   0.43321   0.86170   1.88162   1.30233   0.46485   0.62662   0.60953   0.84175   0.14116   0.38865   0.14439   0.10766   0.47742   0.52365   0.48836   0.62879   0.45715   0.33911   0.12746   0.00331   0.00626   0.13371   0.55281   0.23163   1.19827   0.12940   1.23435   0.12377   0.32451   0.13972   0.16077   0.44208   0.05578   0.06625   0.35220   0.31488   0.22476   0.24599   0.18172   0.12512   0.52036   0.48755   1.05270   0.11630   0.68359   0.09682   0.54658   0.08032   1.30221   0.25107   0.11717   0.36560   0.38280   0.18133   0.30100   0.07445   0.40200   0.56893   1.93739   3.34568  -0.29913   0.02300  
100 19.0646 156006.050508  x:  2.27536   0.39370   0.31005   0.39760   0.36769   0.10061   0.67602   0.19240   0.38856   0.42768   0.86918   1.86739   1.29926   0.45837   0.64002   0.60284   0.83680   0.14272   0.39269   0.14395   0.10955   0.46978   0.52054   0.48202   0.63242   0.44842   0.34003   0.12877   0.00322   0.00619   0.13492   0.55090   0.23287   1.18701   0.12268   1.24135   0.12980   0.32646   0.14024   0.16053   0.44473   0.05663   0.06746   0.35223   0.31492   0.22464   0.24634   0.18190   0.12471   0.52074   0.48681   1.04327   0.11531   0.68385   0.09651   0.55061   0.08106   1.29959   0.24632   0.11710   0.36449   0.38387   0.18272   0.30060   0.07481   0.40205   0.56619   1.94200   3.34536  -0.33192   0.02306  
101 36.1868 156005.975722  x:  2.27580   0.39441   0.31033   0.39920   0.36654   0.10081   0.67670   0.19118   0.39017   0.42898   0.87095   1.86558   1.29887   0.45803   0.64255   0.59982   0.83519   0.14156   0.39156   0.14454   0.11003   0.46885   0.51973   0.47903   0.63321   0.44631   0.33877   0.12893   0.00321   0.00618   0.13515   0.55252   0.23535   1.18539   0.12543   1.24234   0.12692   0.32708   0.14037   0.16087   0.44335   0.05695   0.06753   0.35229   0.31502   0.22473   0.24642   0.18193   0.12423   0.52221   0.48700   1.04188   0.11566   0.68380   0.09639   0.55166   0.08035   1.29920   0.24894   0.11753   0.36474   0.38313   0.18189   0.30086   0.07498   0.40303   0.56281   1.94154   3.34508  -0.33572   0.02306  
102 16.3481 156005.969671  x:  2.27581   0.39503   0.30956   0.39974   0.36617   0.10094   0.67752   0.19116   0.38986   0.42911   0.87144   1.86542   1.29882   0.45811   0.64285   0.59845   0.83454   0.14171   0.39049   0.14466   0.10992   0.46947   0.51991   0.47887   0.63300   0.44668   0.33786   0.12894   0.00321   0.00618   0.13518   0.55412   0.23592   1.18520   0.12504   1.24253   0.12722   0.32672   0.14042   0.16081   0.44351   0.05695   0.06755   0.35229   0.31505   0.22473   0.24644   0.18195   0.12429   0.52212   0.48685   1.04170   0.11565   0.68375   0.09644   0.55098   0.08047   1.29911   0.24864   0.11751   0.36473   0.38315   0.18198   0.30084   0.07496   0.40284   0.56352   1.94105   3.34502  -0.33604   0.02306  
103  3.3644 156005.968005  x:  2.27576   0.39530   0.30994   0.39916   0.36660   0.10079   0.67788   0.19114   0.38989   0.42898   0.87161   1.86534   1.29875   0.45788   0.64285   0.59795   0.83428   0.14174   0.39029   0.14457   0.10993   0.46915   0.51967   0.47944   0.63294   0.44725   0.33745   0.12893   0.00320   0.00618   0.13517   0.55468   0.23546   1.18514   0.12520   1.24254   0.12713   0.32685   0.14038   0.16083   0.44344   0.05695   0.06755   0.35227   0.31503   0.22472   0.24642   0.18194   0.12428   0.52201   0.48697   1.04167   0.11564   0.68373   0.09645   0.55094   0.08045   1.29908   0.24871   0.11751   0.36466   0.38321   0.18196   0.30082   0.07496   0.40289   0.56330   1.94116   3.34506  -0.33629   0.02306  
104  0.8056 156005.938077  x:  2.27411   0.39526   0.30967   0.40054   0.36491   0.10090   0.67831   0.19029   0.39078   0.42910   0.87148   1.86352   1.29769   0.45656   0.64225   0.59654   0.83334   0.14148   0.39034   0.14406   0.10975   0.47011   0.51941   0.47908   0.63392   0.44944   0.33720   0.12870   0.00319   0.00616   0.13495   0.55412   0.23307   1.18437   0.12483   1.24182   0.12760   0.32675   0.14036   0.16063   0.44331   0.05679   0.06744   0.35200   0.31466   0.22447   0.24614   0.18172   0.12426   0.52187   0.48609   1.04136   0.11548   0.68327   0.09626   0.55272   0.08035   1.29850   0.24801   0.11742   0.36593   0.38118   0.18183   0.30069   0.07486   0.40227   0.56249   1.94354   3.34521  -0.34155   0.02307  
105  0.3575 156005.721223  x:  2.26185   0.39283   0.30818   0.40208   0.36200   0.10003   0.67772   0.19231   0.38623   0.42556   0.86957   1.85049   1.29061   0.45512   0.63972   0.59281   0.82973   0.14230   0.38863   0.14313   0.10920   0.47026   0.51860   0.47695   0.63581   0.45160   0.33793   0.12748   0.00306   0.00607   0.13363   0.54958   0.23247   1.17976   0.12701   1.23608   0.12533   0.32572   0.14010   0.16013   0.44105   0.05607   0.06655   0.35076   0.31349   0.22364   0.24492   0.18070   0.12390   0.52076   0.48403   1.03832   0.11540   0.68057   0.09589   0.55238   0.07938   1.29444   0.24939   0.11666   0.35965   0.38627   0.18092   0.29923   0.07410   0.40186   0.56195   1.94452   3.34165  -0.37546   0.02308  
106  7.8481 156005.304263  x:  2.23830   0.38722   0.30820   0.39657   0.36425   0.09946   0.67259   0.18989   0.38690   0.42710   0.86575   1.82568   1.27729   0.45523   0.63580   0.59064   0.82510   0.14082   0.38449   0.14298   0.10848   0.46433   0.51753   0.47585   0.63204   0.44588   0.33818   0.12527   0.00283   0.00588   0.13143   0.54586   0.23667   1.17097   0.12388   1.22542   0.12664   0.32563   0.13865   0.15933   0.44030   0.05446   0.06522   0.34897   0.31169   0.22219   0.24290   0.17919   0.12274   0.51892   0.48389   1.03213   0.11432   0.67575   0.09593   0.54464   0.07961   1.28648   0.24701   0.11570   0.36192   0.37984   0.17965   0.29800   0.07288   0.39994   0.55977   1.93515   3.33208  -0.43778   0.02312  
107 44.1183 156005.265174  x:  2.23608   0.38632   0.30790   0.39714   0.36356   0.09949   0.67047   0.19013   0.38736   0.42585   0.86518   1.82331   1.27595   0.45436   0.63587   0.59271   0.82542   0.14116   0.38614   0.14356   0.10834   0.46457   0.51787   0.47567   0.62762   0.44274   0.33594   0.12501   0.00281   0.00586   0.13130   0.55007   0.23404   1.17007   0.12423   1.22440   0.12651   0.32540   0.13860   0.15922   0.44009   0.05431   0.06507   0.34882   0.31154   0.22205   0.24271   0.17907   0.12271   0.51919   0.48330   1.03164   0.11422   0.67546   0.09574   0.54654   0.07938   1.28576   0.24693   0.11561   0.36147   0.38005   0.17954   0.29786   0.07279   0.39982   0.55972   1.93393   3.33107  -0.44354   0.02313  
108 10.2300 156005.264621  x:  2.23604   0.38629   0.30795   0.39710   0.36354   0.09947   0.67036   0.19015   0.38707   0.42616   0.86514   1.82328   1.27593   0.45442   0.63587   0.59283   0.82545   0.14111   0.38649   0.14356   0.10838   0.46457   0.51772   0.47554   0.62746   0.44276   0.33576   0.12499   0.00281   0.00586   0.13129   0.55035   0.23430   1.17005   0.12420   1.22437   0.12651   0.32542   0.13860   0.15922   0.44006   0.05431   0.06507   0.34880   0.31151   0.22203   0.24269   0.17905   0.12270   0.51905   0.48334   1.03166   0.11422   0.67553   0.09575   0.54630   0.07939   1.28574   0.24694   0.11560   0.36147   0.38003   0.17953   0.29784   0.07278   0.39979   0.55963   1.93444   3.33117  -0.44371   0.02313  
109  1.0073 156005.263191  x:  2.23585   0.38637   0.30786   0.39709   0.36354   0.09951   0.67023   0.19017   0.38784   0.42523   0.86510   1.82320   1.27585   0.45457   0.63588   0.59290   0.82546   0.14102   0.38675   0.14352   0.10837   0.46462   0.51770   0.47555   0.62752   0.44290   0.33564   0.12499   0.00281   0.00586   0.13129   0.55051   0.23478   1.17005   0.12413   1.22431   0.12652   0.32543   0.13860   0.15923   0.44005   0.05431   0.06507   0.34879   0.31150   0.22204   0.24269   0.17905   0.12269   0.51908   0.48329   1.03175   0.11423   0.67564   0.09577   0.54590   0.07942   1.28570   0.24696   0.11561   0.36146   0.38003   0.17953   0.29783   0.07279   0.39979   0.55958   1.93484   3.33136  -0.44369   0.02313  
110  0.0840 156005.155549  x:  2.22135   0.39104   0.30827   0.39745   0.36491   0.09941   0.66837   0.19066   0.38777   0.42703   0.86225   1.81740   1.26863   0.45579   0.63616   0.59495   0.82573   0.14064   0.38855   0.14301   0.10837   0.46616   0.51816   0.47688   0.63052   0.44564   0.33508   0.12550   0.00278   0.00561   0.13197   0.55196   0.23611   1.16936   0.12450   1.22078   0.12713   0.32574   0.13832   0.15953   0.44066   0.05432   0.06524   0.34957   0.31207   0.22270   0.24369   0.18012   0.12339   0.51955   0.48388   1.03748   0.11434   0.67666   0.09578   0.54778   0.07969   1.28320   0.24724   0.11573   0.36236   0.38094   0.18012   0.29865   0.07341   0.40093   0.56064   1.93473   3.33885  -0.43396   0.02317  
111  0.3903 156005.146334  x:  2.22011   0.39097   0.30838   0.39756   0.36495   0.09930   0.67214   0.19022   0.38789   0.42698   0.86180   1.81692   1.26804   0.45585   0.63605   0.59497   0.82562   0.14060   0.38960   0.14343   0.10843   0.46619   0.51827   0.47679   0.62842   0.44519   0.33567   0.12554   0.00278   0.00559   0.13200   0.55107   0.23638   1.16928   0.12450   1.22044   0.12715   0.32576   0.13830   0.15956   0.44067   0.05433   0.06525   0.34961   0.31209   0.22274   0.24375   0.18019   0.12343   0.51956   0.48391   1.03802   0.11435   0.67661   0.09579   0.54783   0.07972   1.28301   0.24727   0.11573   0.36242   0.38100   0.18017   0.29871   0.07345   0.40099   0.56066   1.93506   3.33963  -0.43326   0.02317  
112  3.7503 156005.110124  x:  2.22291   0.39142   0.31072   0.39951   0.36296   0.09863   0.67178   0.19007   0.38835   0.42641   0.86151   1.81622   1.26899   0.45571   0.63592   0.59500   0.82529   0.14074   0.38907   0.14352   0.10843   0.46600   0.51836   0.47690   0.62819   0.44488   0.33591   0.12560   0.00283   0.00542   0.13202   0.55085   0.23615   1.16875   0.12464   1.22071   0.12720   0.32579   0.13809   0.15974   0.44048   0.05450   0.06529   0.34955   0.31208   0.22273   0.24373   0.18014   0.12352   0.51523   0.48732   1.03742   0.11436   0.67651   0.09578   0.54754   0.07978   1.28245   0.24723   0.11571   0.36235   0.38101   0.18021   0.29862   0.07348   0.40081   0.56082   1.93434   3.34056  -0.43060   0.02317  
113  0.0101 156004.929357  x:  2.23644   0.39330   0.30834   0.39722   0.36404   0.09914   0.67098   0.18974   0.38713   0.42653   0.86006   1.81289   1.27362   0.45537   0.63522   0.59540   0.82385   0.14090   0.38692   0.14356   0.10823   0.46632   0.51878   0.47691   0.62742   0.44353   0.33632   0.12578   0.00306   0.00461   0.13197   0.54979   0.23612   1.16619   0.12467   1.22185   0.12728   0.32537   0.13846   0.15904   0.43975   0.05488   0.06562   0.34917   0.31163   0.22248   0.24347   0.17970   0.12320   0.51837   0.48382   1.03477   0.11441   0.67686   0.09560   0.54834   0.07977   1.27991   0.24690   0.11568   0.36184   0.38060   0.18017   0.29801   0.07356   0.39999   0.55981   1.93519   3.34590  -0.41867   0.02316  
114  5.0749 156004.887394  x:  2.23333   0.39011   0.30833   0.39760   0.36460   0.09951   0.67207   0.19028   0.38785   0.42696   0.86430   1.82352   1.27448   0.45565   0.63678   0.59468   0.82670   0.14096   0.38823   0.14366   0.10848   0.46615   0.51836   0.47665   0.62852   0.44446   0.33638   0.12536   0.00325   0.00444   0.13175   0.55109   0.23552   1.17164   0.12438   1.22487   0.12676   0.32581   0.13860   0.15958   0.44078   0.05453   0.06533   0.34958   0.31220   0.22262   0.24353   0.17986   0.12319   0.51978   0.48416   1.03618   0.11440   0.67719   0.09579   0.54786   0.07960   1.28599   0.24730   0.11580   0.36233   0.38094   0.18013   0.29859   0.07330   0.40073   0.56063   1.93540   3.34372  -0.41127   0.02314  
115  0.0141 156004.883404  x:  2.23214   0.39000   0.30834   0.39757   0.36453   0.09947   0.67190   0.19022   0.38777   0.42683   0.86357   1.82445   1.27455   0.45565   0.63666   0.59446   0.82621   0.14092   0.38832   0.14360   0.10850   0.46591   0.51832   0.47665   0.62844   0.44431   0.33602   0.12540   0.00331   0.00444   0.13174   0.55092   0.23549   1.17040   0.12449   1.22392   0.12691   0.32576   0.13856   0.15947   0.44065   0.05448   0.06533   0.34951   0.31202   0.22265   0.24355   0.17987   0.12328   0.51960   0.48393   1.03619   0.11442   0.67662   0.09584   0.54768   0.07969   1.28503   0.24726   0.11576   0.36224   0.38083   0.18008   0.29851   0.07334   0.40068   0.56051   1.93539   3.33634  -0.42370   0.02314  
116  0.0090 156004.882810  x:  2.23184   0.39005   0.30831   0.39753   0.36450   0.09945   0.67182   0.19021   0.38771   0.42682   0.86363   1.82318   1.27392   0.45555   0.63649   0.59455   0.82613   0.14090   0.38817   0.14361   0.10846   0.46596   0.51833   0.47661   0.62835   0.44431   0.33616   0.12541   0.00334   0.00441   0.13175   0.55085   0.23554   1.17053   0.12445   1.22391   0.12688   0.32572   0.13855   0.15947   0.44058   0.05453   0.06534   0.34948   0.31205   0.22260   0.24350   0.17984   0.12324   0.51951   0.48397   1.03596   0.11441   0.67682   0.09580   0.54772   0.07966   1.28499   0.24723   0.11577   0.36221   0.38082   0.18010   0.29848   0.07333   0.40062   0.56045   1.93541   3.33807  -0.42313   0.02314  
117  0.0017 156004.882775  x:  2.23196   0.39007   0.30831   0.39753   0.36451   0.09946   0.67183   0.19021   0.38772   0.42683   0.86360   1.82304   1.27395   0.45557   0.63650   0.59454   0.82614   0.14091   0.38819   0.14361   0.10847   0.46596   0.51832   0.47661   0.62835   0.44431   0.33615   0.12540   0.00335   0.00442   0.13174   0.55087   0.23554   1.17050   0.12445   1.22390   0.12688   0.32573   0.13856   0.15948   0.44060   0.05452   0.06534   0.34948   0.31204   0.22261   0.24351   0.17984   0.12323   0.51954   0.48396   1.03597   0.11440   0.67679   0.09580   0.54772   0.07966   1.28497   0.24724   0.11576   0.36221   0.38082   0.18009   0.29848   0.07333   0.40062   0.56046   1.93538   3.33855  -0.42240   0.02314  
118  0.0008 156004.882774  x:  2.23192   0.39006   0.30831   0.39753   0.36451   0.09946   0.67183   0.19021   0.38772   0.42683   0.86358   1.82301   1.27394   0.45556   0.63650   0.59454   0.82614   0.14091   0.38819   0.14361   0.10847   0.46596   0.51832   0.47661   0.62836   0.44431   0.33614   0.12540   0.00335   0.00442   0.13174   0.55087   0.23553   1.17048   0.12445   1.22387   0.12688   0.32573   0.13856   0.15948   0.44060   0.05451   0.06534   0.34948   0.31204   0.22261   0.24351   0.17984   0.12324   0.51954   0.48396   1.03598   0.11440   0.67678   0.09580   0.54771   0.07966   1.28495   0.24724   0.11576   0.36221   0.38082   0.18009   0.29848   0.07333   0.40063   0.56046   1.93537   3.33859  -0.42234   0.02314  
119  0.0001 156004.882774  x:  2.23192   0.39006   0.30831   0.39753   0.36451   0.09946   0.67183   0.19021   0.38772   0.42683   0.86358   1.82301   1.27394   0.45556   0.63650   0.59454   0.82614   0.14091   0.38819   0.14361   0.10847   0.46596   0.51832   0.47661   0.62836   0.44431   0.33614   0.12540   0.00335   0.00442   0.13174   0.55087   0.23553   1.17048   0.12445   1.22387   0.12688   0.32573   0.13856   0.15948   0.44060   0.05451   0.06534   0.34948   0.31204   0.22261   0.24351   0.17984   0.12324   0.51954   0.48396   1.03598   0.11440   0.67678   0.09580   0.54771   0.07966   1.28495   0.24724   0.11576   0.36221   0.38082   0.18009   0.29848   0.07333   0.40063   0.56046   1.93537   3.33859  -0.42234   0.02314  