

TREE # 1

  0  0.0000 172891.545751  x:  1.93008   0.38762   0.31616   0.40622   0.36157   0.10063   0.76570   0.18691   0.50595   0.41567   0.82710   1.65034   1.15308   0.44253   0.60335   0.59829   0.79141   0.14567   0.39396   0.13702   0.12211   0.45131   0.53418   0.46895   0.61484   0.44119   0.34474   0.13164   0.00343   0.00448   0.13101   0.52479   0.22332   1.26404   0.13132   1.18031   0.13010   0.34248   0.14101   0.16779   0.44159   0.05445   0.06636   0.35148   0.30752   0.22266   0.24627   0.18051   0.11955   0.50518   0.53216   1.01344   0.12459   0.66048   0.09885   0.53839   0.08353   1.24556   0.25896   0.11185   0.36294   0.37832   0.17904   0.29025   0.07521   0.39852   0.54566   2.00000   1.37568   0.10620   0.21252   3.31494  
  1 99.0000 158294.855913  x:  1.92899   0.38631   0.31515   0.40547   0.36100   0.09956   0.76457   0.18597   0.50488   0.41496   0.82603   1.64929   1.15187   0.44133   0.60223   0.59729   0.79038   0.14438   0.39283   0.13627   0.12123   0.45052   0.53335   0.46815   0.61407   0.44007   0.34397   0.13194   0.00529   0.00548   0.13123   0.52411   0.22192   1.26306   0.12996   1.17937   0.12889   0.34157   0.14031   0.16752   0.44143   0.05479   0.06693   0.35161   0.30774   0.22283   0.24662   0.18107   0.11953   0.50497   0.53162   1.01272   0.12369   0.65997   0.09833   0.53802   0.08319   1.24478   0.25791   0.11216   0.36265   0.37814   0.17906   0.29065   0.07572   0.39883   0.54583   2.00321   1.37239   0.10969   0.03406   3.31491  
  2 86894.4719 158001.853962  x:  1.93042   0.38800   0.31867   0.41094   0.36793   0.10300   0.76634   0.19010   0.50654   0.42064   0.82872   1.65113   1.15318   0.44291   0.60436   0.60072   0.79350   0.14603   0.39487   0.14155   0.12533   0.45572   0.53834   0.47282   0.61916   0.44232   0.34864   0.14517   0.00843   0.00924   0.14430   0.53011   0.22354   1.26571   0.13176   1.18234   0.13162   0.34437   0.14505   0.17478   0.45056   0.06750   0.08107   0.36345   0.32026   0.23523   0.26020   0.19644   0.13022   0.51406   0.53722   1.01749   0.12702   0.66624   0.10509   0.54550   0.09198   1.24880   0.25007   0.12462   0.37129   0.38738   0.19002   0.30422   0.09076   0.41170   0.55748   2.00302   1.43877   0.04615   0.02513   3.31442  
  3 4778.1619 157967.059871  x:  1.92733   0.38405   0.31606   0.40964   0.36763   0.10002   0.76289   0.18776   0.50308   0.41957   0.82587   1.64828   1.14959   0.43932   0.60119   0.59828   0.79091   0.14209   0.39157   0.14019   0.12314   0.45434   0.53674   0.47122   0.61784   0.43912   0.34716   0.14736   0.00407   0.00153   0.14628   0.52936   0.21929   1.26324   0.12758   1.18006   0.12814   0.34179   0.14347   0.17489   0.45195   0.06965   0.08418   0.36626   0.32344   0.23784   0.26373   0.20065   0.13212   0.51551   0.53663   1.01637   0.12446   0.66617   0.10446   0.54601   0.09253   1.24730   0.24352   0.12787   0.37219   0.38877   0.19193   0.30823   0.09444   0.41554   0.56074   2.01343   1.44514   0.04130   0.02513   3.31418  
  4 2126.8348 157628.642101  x:  1.87572   0.31844   0.27211   0.38687   0.36074   0.05022   0.70538   0.14820   0.44543   0.40051   0.77814   1.60067   1.08994   0.37953   0.54821   0.55692   0.74719   0.07673   0.33641   0.11657   0.08603   0.43006   0.50899   0.44373   0.59478   0.38574   0.32154   0.17939   0.00132   0.01069   0.17479   0.51526   0.14876   1.22163   0.05833   1.14154   0.07027   0.29837   0.11611   0.17450   0.47238   0.10106   0.13083   0.40931   0.37222   0.27712   0.31763   0.26513   0.16055   0.53687   0.52522   0.99670   0.08154   0.66340   0.09245   0.55246   0.09943   1.22140   0.13702   0.17779   0.38458   0.40907   0.22008   0.37035   0.15040   0.47518   0.61135   2.18523   1.53282  -0.02191   0.02864   3.31034  
  5 13851.9814 157613.644641  x:  1.87002   0.31245   0.26998   0.38530   0.36081   0.05147   0.69981   0.14748   0.44012   0.39977   0.77381   1.59557   1.08351   0.37486   0.54352   0.55327   0.74301   0.07429   0.33204   0.11648   0.08540   0.42869   0.50699   0.44216   0.59329   0.38135   0.31956   0.17671   0.01808   0.00231   0.17192   0.51453   0.14446   1.21776   0.05791   1.13798   0.07028   0.29535   0.11474   0.17278   0.47323   0.09845   0.12814   0.41074   0.37365   0.27658   0.31775   0.26470   0.16175   0.53854   0.52388   0.99496   0.08210   0.66374   0.09319   0.55334   0.10122   1.21892   0.12395   0.17917   0.38471   0.40999   0.22017   0.37248   0.14940   0.47835   0.61453   2.19918   1.54237  -0.02920   0.02887   3.30994  
  6 2141.3343 157492.843575  x:  1.83225   0.27669   0.26360   0.37769   0.36362   0.07721   0.66535   0.15286   0.40828   0.39887   0.74805   1.56232   1.04140   0.34981   0.51605   0.53198   0.71736   0.07238   0.30849   0.12305   0.09084   0.42336   0.49686   0.43600   0.58651   0.35691   0.30921   0.14338   0.01311   0.00433   0.13815   0.51232   0.12649   1.19423   0.07508   1.11638   0.08764   0.28051   0.11065   0.15727   0.47515   0.06586   0.08983   0.41122   0.37237   0.26022   0.30293   0.24185   0.16446   0.54762   0.51484   0.98481   0.09945   0.66775   0.10336   0.55957   0.11640   1.20382   0.03568   0.17725   0.38224   0.41240   0.21292   0.37366   0.12350   0.48979   0.62879   2.27655   1.60621  -0.07955   0.02859   3.30741  
  7 2503.2873 157428.600794  x:  1.78249   0.23659   0.25578   0.36737   0.36456   0.09303   0.62266   0.15880   0.37256   0.39790   0.71797   1.51887   0.98682   0.32487   0.48474   0.50760   0.68647   0.08396   0.28528   0.12969   0.09588   0.41675   0.48415   0.42852   0.57766   0.33215   0.29867   0.13091   0.01050   0.00522   0.12745   0.50967   0.11599   1.16343   0.08829   1.08774   0.10045   0.26329   0.11019   0.14238   0.47514   0.04388   0.05384   0.40486   0.36418   0.24198   0.27945   0.21031   0.16191   0.55311   0.50023   0.97147   0.10574   0.67023   0.10858   0.56367   0.14537   1.18657   0.09091   0.17167   0.37441   0.40975   0.20557   0.36592   0.08522   0.49298   0.63654   2.35828   1.67412  -0.13686   0.02850   3.30568  
  8 1474.2894 157392.248953  x:  1.73671   0.21870   0.25559   0.35992   0.36235   0.09585   0.59211   0.16762   0.35634   0.39996   0.70096   1.48008   0.93922   0.31892   0.46735   0.49481   0.66570   0.11063   0.28188   0.13444   0.09994   0.41354   0.47579   0.42497   0.57145   0.32626   0.29596   0.15152   0.01014   0.00519   0.15115   0.50863   0.13253   1.13732   0.09657   1.06285   0.10490   0.25843   0.12117   0.14379   0.47029   0.07622   0.07027   0.38913   0.34789   0.23582   0.25688   0.18810   0.15101   0.54722   0.48387   0.96027   0.09921   0.66663   0.09352   0.55509   0.13948   1.17063   0.08661   0.14808   0.36030   0.39599   0.18687   0.34127   0.04947   0.47484   0.62424   2.39239   1.71565  -0.17021   0.02864   3.30411  
  9 894.0847 157359.303781  x:  1.66194   0.21929   0.26062   0.35206   0.35560   0.08170   0.55828   0.17597   0.35332   0.40394   0.68971   1.41898   0.86641   0.32240   0.45338   0.48863   0.64483   0.13189   0.29316   0.13371   0.09792   0.41075   0.46707   0.42098   0.56229   0.33442   0.29630   0.12664   0.00990   0.00513   0.12792   0.50660   0.16573   1.09774   0.09053   1.02533   0.09643   0.26112   0.12901   0.14373   0.44827   0.07210   0.08587   0.35804   0.31633   0.23340   0.25661   0.20332   0.13184   0.52728   0.46083   0.94182   0.08701   0.65641   0.07680   0.53427   0.11893   1.14708   0.09111   0.12705   0.34479   0.37404   0.18210   0.31484   0.08700   0.44193   0.59441   2.39523   1.76777  -0.21117   0.02858   3.30177  
 10 616.6954 157340.897642  x:  1.59786   0.23244   0.26457   0.34778   0.34800   0.07599   0.54307   0.17453   0.35688   0.40100   0.68755   1.36881   0.80943   0.32382   0.44782   0.48986   0.63467   0.12055   0.30083   0.12698   0.09263   0.40749   0.46159   0.41630   0.55338   0.34123   0.29523   0.14624   0.00976   0.00504   0.14576   0.50114   0.17603   1.06669   0.08342   0.99717   0.09328   0.26551   0.12400   0.14378   0.42986   0.04951   0.07451   0.34412   0.30456   0.22679   0.25659   0.20362   0.13094   0.51048   0.45040   0.92505   0.09803   0.64653   0.09539   0.51955   0.11317   1.12745   0.08616   0.13783   0.34278   0.36619   0.19015   0.30313   0.09777   0.41527   0.56622   2.36958   1.79650  -0.22974   0.02865   3.29945  
 11 610.2509 157322.330766  x:  1.51179   0.25211   0.26662   0.34556   0.33946   0.07903   0.53650   0.16761   0.36145   0.39150   0.68760   1.30450   0.74066   0.32337   0.44567   0.49495   0.62730   0.09207   0.30552   0.11990   0.09049   0.40334   0.45719   0.41094   0.54296   0.34564   0.29084   0.13327   0.00948   0.00504   0.13073   0.49088   0.17225   1.02928   0.08141   0.96456   0.09526   0.26726   0.11472   0.15257   0.42076   0.07213   0.07723   0.34923   0.31508   0.22870   0.25253   0.19104   0.14491   0.49486   0.44688   0.90369   0.10307   0.63099   0.10816   0.50520   0.11775   1.10277   0.08815   0.15581   0.34490   0.36445   0.19859   0.30014   0.08537   0.39454   0.53754   2.31412   1.82410  -0.24368   0.02876   3.29622  
 12 652.0341 157307.962909  x:  1.42402   0.26090   0.26021   0.34792   0.33723   0.08207   0.54434   0.16190   0.36160   0.38103   0.68540   1.24506   0.68627   0.32394   0.45016   0.50019   0.62526   0.08876   0.30358   0.12417   0.09734   0.40061   0.45674   0.40904   0.53850   0.34338   0.28766   0.13623   0.00948   0.00496   0.13600   0.48179   0.15761   0.99930   0.09251   0.94001   0.10160   0.26225   0.10872   0.14216   0.42044   0.06338   0.06700   0.36258   0.32673   0.22860   0.25356   0.19093   0.14686   0.48963   0.45211   0.88589   0.08328   0.61425   0.08129   0.49860   0.12045   1.08096   0.08749   0.14189   0.34173   0.36432   0.18904   0.31483   0.08123   0.41199   0.53867   2.24192   1.84409  -0.24872   0.02878   3.29257  
 13 449.4616 157301.719752  x:  1.37039   0.25339   0.25174   0.34823   0.33835   0.07673   0.55152   0.16155   0.35821   0.37897   0.67974   1.21438   0.66809   0.32353   0.45246   0.49888   0.62447   0.10249   0.29672   0.12429   0.09201   0.39749   0.45550   0.40639   0.53793   0.33656   0.28738   0.13546   0.00949   0.00500   0.13565   0.47935   0.14957   0.98651   0.09117   0.93134   0.10253   0.26135   0.11877   0.14044   0.42745   0.06444   0.07464   0.36093   0.32262   0.22945   0.25373   0.19719   0.14104   0.49346   0.45561   0.88014   0.10003   0.61220   0.09491   0.50393   0.12482   1.07059   0.08779   0.13329   0.33967   0.36664   0.18301   0.31936   0.08206   0.42881   0.55244   2.20004   1.84957  -0.24329   0.02891   3.28985  
 14 316.4478 157298.443598  x:  1.33066   0.24126   0.25147   0.34790   0.34197   0.08022   0.55634   0.16597   0.35714   0.38504   0.67507   1.19895   0.67313   0.32282   0.45101   0.49421   0.62499   0.10498   0.29026   0.12347   0.09021   0.39748   0.45649   0.40633   0.54095   0.32986   0.28971   0.13551   0.00948   0.00495   0.13433   0.48335   0.15297   0.98409   0.08386   0.93213   0.09533   0.25826   0.12069   0.14571   0.43356   0.06428   0.07231   0.35241   0.31363   0.22689   0.25266   0.19498   0.13807   0.50240   0.45671   0.88142   0.09149   0.61573   0.09335   0.51111   0.11970   1.06823   0.08674   0.14614   0.34479   0.37232   0.18863   0.31382   0.07930   0.43013   0.56433   2.17591   1.85537  -0.23782   0.02891   3.28701  
 15 162.5927 157295.591457  x:  1.28478   0.22931   0.25376   0.34512   0.34373   0.07958   0.55528   0.16295   0.35499   0.39036   0.67251   1.18774   0.69345   0.32011   0.44615   0.48725   0.62561   0.09439   0.28636   0.12242   0.09321   0.39884   0.45763   0.40775   0.54539   0.32471   0.28972   0.13599   0.00945   0.00500   0.13559   0.48901   0.16078   0.98828   0.09104   0.94020   0.10225   0.25751   0.11349   0.14496   0.43372   0.06005   0.07992   0.35450   0.31905   0.22974   0.25615   0.19619   0.13675   0.50986   0.45408   0.88604   0.09430   0.62360   0.09132   0.51758   0.11441   1.06947   0.08851   0.14466   0.34288   0.36966   0.19222   0.30811   0.08091   0.42072   0.56965   2.16302   1.86305  -0.22847   0.02896   3.28271  
 16 128.9099 157292.483440  x:  1.23171   0.22882   0.25717   0.34353   0.34323   0.07877   0.55095   0.15920   0.35443   0.39037   0.67660   1.17980   0.72467   0.31687   0.44315   0.48363   0.62741   0.09695   0.29134   0.12121   0.09033   0.39954   0.45723   0.40886   0.54957   0.32750   0.28674   0.13687   0.00941   0.00497   0.13611   0.49298   0.16018   0.99622   0.08534   0.95190   0.09797   0.26064   0.11625   0.14455   0.43124   0.06860   0.06523   0.35935   0.32513   0.22821   0.25446   0.19487   0.14148   0.51127   0.45121   0.89386   0.09442   0.63144   0.09157   0.51971   0.11776   1.07401   0.08791   0.13590   0.33926   0.36476   0.19087   0.31277   0.08734   0.41324   0.56708   2.16028   1.87701  -0.21590   0.02895   3.27600  
 17 138.8607 157289.282520  x:  1.18187   0.23850   0.25786   0.34510   0.34160   0.08100   0.54760   0.16315   0.35634   0.38613   0.68498   1.17563   0.75560   0.31531   0.44388   0.48551   0.62979   0.10634   0.29809   0.12140   0.08950   0.39967   0.45619   0.40939   0.55044   0.33370   0.28320   0.13535   0.00939   0.00498   0.13466   0.49269   0.15279   1.00543   0.08258   0.96281   0.09235   0.26193   0.11803   0.13995   0.42602   0.06009   0.07625   0.36236   0.32496   0.22946   0.25270   0.19600   0.14136   0.50495   0.45009   0.89995   0.09201   0.63314   0.09141   0.51536   0.12217   1.07967   0.08815   0.14108   0.34282   0.36756   0.18683   0.31724   0.07910   0.41465   0.55959   2.16741   1.89497  -0.19977   0.02894   3.26737  
 18 163.9852 157286.013478  x:  1.14442   0.24960   0.25290   0.34873   0.34036   0.07786   0.54770   0.16844   0.35977   0.38207   0.69281   1.17596   0.77767   0.31800   0.44795   0.49193   0.63225   0.10271   0.29827   0.12228   0.09422   0.40006   0.45610   0.40933   0.54667   0.33667   0.28381   0.13567   0.00935   0.00506   0.13594   0.48883   0.14898   1.01408   0.09491   0.96999   0.10066   0.25973   0.11602   0.14528   0.42905   0.06665   0.07384   0.35341   0.31243   0.22825   0.25444   0.19699   0.13998   0.49718   0.45308   0.90160   0.09512   0.62694   0.09044   0.50689   0.11792   1.08433   0.09039   0.14669   0.34677   0.37241   0.18536   0.31847   0.08221   0.42840   0.55524   2.18062   1.91574  -0.17850   0.02898   3.25666  
 19 140.8634 157278.502972  x:  1.11317   0.26036   0.24957   0.35630   0.34400   0.08259   0.56109   0.16758   0.36733   0.38693   0.70159   1.18947   0.79317   0.33463   0.46362   0.50990   0.63768   0.08697   0.28960   0.12575   0.09232   0.40266   0.46051   0.40954   0.53684   0.33656   0.30117   0.13553   0.00903   0.00511   0.13358   0.48258   0.15815   1.02462   0.07924   0.97055   0.09509   0.25708   0.11336   0.15422   0.44064   0.05936   0.07571   0.35140   0.31831   0.22743   0.25468   0.18830   0.13693   0.49444   0.46890   0.89592   0.09402   0.60901   0.09976   0.50116   0.11098   1.09057   0.09430   0.12666   0.33797   0.36917   0.18573   0.30123   0.07807   0.44362   0.55628   2.19800   1.97534  -0.12669   0.02889   3.22811  
 20 100.9911 157248.768740  x:  1.07313   0.25641   0.25487   0.35334   0.34489   0.08676   0.60218   0.14297   0.36519   0.40160   0.71072   1.25261   0.79831   0.38286   0.51217   0.54837   0.64394   0.11409   0.28197   0.13954   0.08811   0.40922   0.47292   0.41497   0.51993   0.33694   0.33655   0.13334   0.00889   0.00536   0.13596   0.46278   0.18945   1.05389   0.09007   0.95661   0.10049   0.27421   0.13124   0.12940   0.44887   0.06838   0.06232   0.36553   0.34438   0.23027   0.25144   0.20739   0.12080   0.50120   0.49279   0.86944   0.10604   0.56721   0.08586   0.51257   0.12704   1.10361   0.09946   0.15012   0.33691   0.36924   0.22003   0.28728   0.07741   0.42036   0.56332   2.22057   2.20832   0.11987   0.02896   3.10464  
 21 265.0442 157137.541023  x:  1.04956   0.23036   0.30509   0.34695   0.35756   0.09983   0.69866   0.19051   0.35826   0.43226   0.73639   1.48333   0.76716   0.44193   0.60439   0.60511   0.65192   0.12512   0.32638   0.16139   0.13108   0.43258   0.50679   0.44735   0.53439   0.36177   0.36059   0.14000   0.00688   0.00658   0.14008   0.44127   0.17408   1.14106   0.11430   0.92054   0.11407   0.31459   0.14757   0.17706   0.42321   0.05404   0.09684   0.37799   0.32421   0.23296   0.23646   0.16799   0.19229   0.55114   0.50343   0.81959   0.09047   0.56384   0.11315   0.56607   0.09509   1.13943   0.14275   0.13385   0.36224   0.37232   0.18551   0.36517   0.12952   0.34485   0.60041   2.18833   3.12220   1.06636   0.02905   2.62412  
 22 952.7891 156997.815400  x:  1.08516   0.24088   0.34253   0.36844   0.38258   0.09528   0.75268   0.21257   0.37808   0.45083   0.78231   1.72934   0.73785   0.46379   0.65936   0.63098   0.66972   0.09093   0.38626   0.14495   0.11548   0.45074   0.52542   0.46859   0.57746   0.40129   0.36044   0.13282   0.00404   0.00764   0.13252   0.47322   0.15243   1.22869   0.10546   0.91703   0.12361   0.33971   0.12521   0.17145   0.41270   0.07483   0.06147   0.37083   0.29488   0.23776   0.30352   0.24261   0.17249   0.56917   0.47513   0.82031   0.10115   0.63131   0.11146   0.60159   0.04819   1.17881   0.19445   0.10284   0.38724   0.38180   0.12535   0.35675   0.05121   0.33335   0.61816   2.08040   4.22541   2.14508   0.02828   2.05875  
 23 3231.6843 156812.095590  x:  1.18287   0.28637   0.36065   0.40264   0.40086   0.08975   0.76005   0.20647   0.41785   0.45150   0.85007   2.01518   0.71435   0.46164   0.68111   0.62539   0.70063   0.06059   0.45153   0.10846   0.07858   0.46653   0.52914   0.48326   0.64571   0.44858   0.33643   0.13190   0.00080   0.00889   0.13820   0.55075   0.16817   1.32389   0.10106   0.95619   0.14586   0.34610   0.10821   0.14465   0.42177   0.08901   0.08377   0.36227   0.31138   0.21826   0.25819   0.17290   0.08188   0.55196   0.42741   0.88312   0.11565   0.74595   0.07281   0.60945   0.07153   1.22361   0.24219   0.09289   0.39114   0.38691   0.17460   0.29705   0.08689   0.44731   0.60999   1.88485   5.69715   3.58788   0.02739   1.30179  
 24 4957.7838 156731.358648  x:  1.24048   0.31034   0.33788   0.40821   0.38929   0.08642   0.73238   0.18408   0.43390   0.43950   0.86999   2.07457   0.72047   0.45254   0.66276   0.60660   0.71976   0.09232   0.44720   0.11369   0.10059   0.47038   0.52511   0.48402   0.66589   0.44810   0.32372   0.13021   0.00000   0.00930   0.13684   0.58073   0.20789   1.33665   0.11380   0.99563   0.15417   0.33213   0.14027   0.18424   0.45082   0.06349   0.08088   0.35828   0.33051   0.22979   0.25535   0.19057   0.13381   0.54402   0.46190   0.93705   0.10768   0.76840   0.07290   0.58153   0.06783   1.23008   0.25850   0.09650   0.36929   0.38403   0.19862   0.26752   0.07726   0.47665   0.58778   1.80950   6.19727   4.09273   0.02723   1.03993  
 25 2812.8474 156731.358648  x:  1.24048   0.31034   0.33788   0.40821   0.38929   0.08642   0.73238   0.18408   0.43390   0.43950   0.86999   2.07457   0.72047   0.45254   0.66276   0.60660   0.71976   0.09232   0.44720   0.11369   0.10059   0.47038   0.52511   0.48402   0.66589   0.44810   0.32372   0.13021   0.00000   0.00930   0.13684   0.58073   0.20789   1.33665   0.11380   0.99563   0.15417   0.33213   0.14027   0.18424   0.45082   0.06349   0.08088   0.35828   0.33051   0.22979   0.25535   0.19057   0.13381   0.54402   0.46190   0.93705   0.10768   0.76840   0.07290   0.58153   0.06783   1.23008   0.25850   0.09650   0.36929   0.38403   0.19862   0.26752   0.07726   0.47665   0.58778   1.80950   6.19727   4.09273   0.02723   1.03993  
 26 1142.7229 156716.395008  x:  1.24051   0.31035   0.33788   0.40822   0.38931   0.08644   0.73239   0.18409   0.43390   0.43951   0.87000   2.07457   0.72049   0.45254   0.66277   0.60661   0.71978   0.09234   0.44720   0.11371   0.10061   0.47039   0.52513   0.48403   0.66590   0.44810   0.32373   0.13026   0.00054   0.00931   0.13688   0.58075   0.20790   1.33666   0.11380   0.99566   0.15417   0.33214   0.14029   0.18424   0.45084   0.06351   0.08089   0.35831   0.33053   0.22982   0.25538   0.19061   0.13383   0.54404   0.46192   0.93708   0.10769   0.76840   0.07294   0.58154   0.06786   1.23009   0.25851   0.09655   0.36932   0.38406   0.19864   0.26757   0.07730   0.47666   0.58780   1.80950   6.19742   4.09257   0.02925   1.03993  
 27 14558.5756 156707.715881  x:  1.24109   0.31058   0.33795   0.40845   0.38953   0.08673   0.73242   0.18434   0.43404   0.43977   0.87019   2.07456   0.72102   0.45265   0.66281   0.60681   0.72013   0.09269   0.44714   0.11411   0.10092   0.47066   0.52540   0.48426   0.66609   0.44814   0.32400   0.13113   0.00787   0.00874   0.13772   0.58097   0.20809   1.33678   0.11395   0.99614   0.15423   0.33227   0.14054   0.18439   0.45131   0.06388   0.08122   0.35895   0.33106   0.23041   0.25610   0.19141   0.13425   0.54445   0.46251   0.93753   0.10794   0.76845   0.07363   0.58180   0.06839   1.23036   0.25871   0.09752   0.36984   0.38464   0.19917   0.26874   0.07803   0.47688   0.58831   1.80972   6.20052   4.08947   0.02855   1.03993  
 28 3128.3470 156677.542342  x:  1.24333   0.31145   0.33822   0.40934   0.39040   0.08785   0.73257   0.18525   0.43455   0.44075   0.87090   2.07451   0.72303   0.45307   0.66296   0.60756   0.72145   0.09405   0.44688   0.11564   0.10212   0.47169   0.52643   0.48515   0.66679   0.44831   0.32506   0.13421   0.00985   0.00000   0.14073   0.58182   0.20880   1.33724   0.11449   0.99801   0.15444   0.33278   0.14152   0.18493   0.45305   0.06525   0.08241   0.36135   0.33307   0.23267   0.25880   0.19440   0.13582   0.54599   0.46473   0.93926   0.10891   0.76865   0.07623   0.58278   0.07041   1.23138   0.25949   0.10118   0.37184   0.38686   0.20115   0.27313   0.08077   0.47772   0.59022   1.81053   6.21226   4.07771   0.02838   1.03995  
 29 3371.1804 156356.773988  x:  1.28744   0.32863   0.34338   0.42684   0.40735   0.10975   0.73548   0.20326   0.44461   0.46004   0.88500   2.07347   0.76268   0.46127   0.66601   0.62238   0.74745   0.12069   0.44190   0.14567   0.12570   0.49185   0.54681   0.50253   0.68064   0.45150   0.34575   0.19433   0.00441   0.00398   0.19925   0.59864   0.22282   1.34631   0.12530   1.03472   0.15870   0.34268   0.16074   0.19543   0.48732   0.09194   0.10548   0.40844   0.37245   0.27672   0.31149   0.25291   0.16650   0.57629   0.50832   0.97336   0.12775   0.77258   0.12709   0.60208   0.10981   1.25142   0.27475   0.17262   0.41093   0.43036   0.23987   0.35913   0.13421   0.49409   0.62778   1.82628   6.44287   3.84675   0.02617   1.04031  
 30 11169.0578 156237.188676  x:  1.34592   0.34783   0.34166   0.43641   0.41382   0.11508   0.73509   0.21061   0.44496   0.47021   0.90026   2.07142   0.81328   0.47064   0.66983   0.63571   0.77648   0.14369   0.43520   0.16008   0.13063   0.50498   0.56031   0.51316   0.68871   0.45557   0.35941   0.11353   0.00512   0.00400   0.12127   0.60832   0.23778   1.35702   0.13751   1.07583   0.15703   0.35021   0.16412   0.17736   0.49462   0.04828   0.05421   0.40879   0.36586   0.25550   0.28327   0.20924   0.15685   0.58744   0.53330   1.00593   0.12768   0.76731   0.11910   0.60815   0.10014   1.27154   0.26774   0.15370   0.41484   0.43849   0.21603   0.35927   0.09331   0.47634   0.63678   1.83626   6.56405   3.72487   0.02469   1.04112  
 31 1001.0521 156189.838693  x:  1.40092   0.36148   0.33507   0.43566   0.40940   0.10927   0.73087   0.20782   0.43682   0.46964   0.91094   2.06851   0.85882   0.47621   0.67110   0.64258   0.79855   0.15314   0.42706   0.15910   0.12157   0.50802   0.56349   0.51473   0.68906   0.45701   0.36434   0.14133   0.00472   0.00385   0.14874   0.60946   0.24619   1.36505   0.14169   1.10907   0.14997   0.35150   0.15982   0.16362   0.49244   0.04197   0.04568   0.39444   0.34987   0.23629   0.25161   0.17051   0.13563   0.58436   0.53891   1.02928   0.11911   0.75761   0.09604   0.60567   0.07950   1.28650   0.25614   0.11554   0.40296   0.42862   0.18289   0.33383   0.04716   0.45072   0.63042   1.85159   6.62849   3.65964   0.02401   1.04205  
 32 920.8268 156162.127953  x:  1.46699   0.37263   0.32419   0.42646   0.39557   0.09678   0.72224   0.19785   0.42057   0.46045   0.91940   2.06346   0.91069   0.47874   0.66979   0.64440   0.81877   0.15216   0.41560   0.14756   0.10412   0.50333   0.55846   0.50942   0.68287   0.45584   0.36095   0.12838   0.00473   0.00385   0.13708   0.60254   0.24939   1.37218   0.13911   1.14304   0.13822   0.34737   0.15046   0.16033   0.48307   0.07395   0.08726   0.37253   0.33172   0.23187   0.24690   0.18152   0.11220   0.57048   0.53094   1.04962   0.10932   0.74298   0.07570   0.59775   0.06483   1.30055   0.24768   0.08761   0.38486   0.40973   0.16472   0.30650   0.05872   0.42744   0.61559   1.87318   6.67075   3.61624   0.02364   1.04338  
 33 681.9313 156137.959748  x:  1.55642   0.38218   0.31091   0.41021   0.37398   0.08472   0.70842   0.18476   0.39764   0.44407   0.92593   2.05442   0.97726   0.47778   0.66539   0.64025   0.83899   0.14132   0.39987   0.13046   0.08818   0.49168   0.54560   0.49847   0.67016   0.45174   0.34967   0.12999   0.00455   0.00386   0.13915   0.58693   0.24680   1.37924   0.13088   1.18269   0.12458   0.33885   0.13577   0.15746   0.45836   0.05223   0.07271   0.33929   0.30360   0.21370   0.24869   0.19228   0.09763   0.54653   0.51221   1.06847   0.10811   0.72247   0.08123   0.58525   0.07372   1.31555   0.24878   0.10364   0.36870   0.38963   0.17808   0.28503   0.09188   0.40612   0.59065   1.89864   6.69814   3.58710   0.02345   1.04546  
 34 608.9807 156123.544210  x:  1.64706   0.38430   0.30618   0.39814   0.36016   0.09270   0.69433   0.18354   0.38408   0.43157   0.92585   2.04160   1.03918   0.47212   0.65827   0.62840   0.84962   0.12698   0.38717   0.12664   0.10102   0.47919   0.53048   0.48840   0.65639   0.44611   0.33565   0.12639   0.00455   0.00387   0.13447   0.56834   0.23676   1.38335   0.12192   1.21427   0.11871   0.33111   0.13450   0.17709   0.44248   0.06224   0.07343   0.34386   0.31493   0.22484   0.24362   0.17569   0.12729   0.52807   0.49341   1.07788   0.11550   0.70167   0.09494   0.56902   0.07988   1.32451   0.24908   0.12218   0.36085   0.37863   0.19120   0.28040   0.07166   0.39635   0.56594   1.91012   6.70383   3.57934   0.02338   1.04790  
 35 394.6479 156113.832410  x:  1.73991   0.38021   0.30825   0.39796   0.36277   0.10383   0.68245   0.19202   0.38696   0.43036   0.92012   2.02475   1.09687   0.46508   0.65092   0.61241   0.85228   0.12321   0.38137   0.13686   0.11706   0.46999   0.51781   0.48163   0.64488   0.44266   0.32902   0.12874   0.00456   0.00385   0.13593   0.55504   0.22503   1.38575   0.11954   1.23808   0.12072   0.32647   0.13707   0.16980   0.43633   0.05024   0.06424   0.36196   0.32955   0.23490   0.25392   0.18701   0.13377   0.51605   0.47978   1.07841   0.11596   0.68387   0.08562   0.55305   0.06917   1.32822   0.24272   0.10502   0.36065   0.37764   0.18287   0.30071   0.07452   0.41409   0.55979   1.90870   6.69636   3.58435   0.02339   1.05080  
 36 317.6178 156105.909112  x:  1.84600   0.37129   0.31144   0.40656   0.37650   0.10125   0.67341   0.19856   0.40072   0.43801   0.90934   2.00138   1.15625   0.45845   0.64465   0.59496   0.84912   0.13299   0.38287   0.14781   0.11459   0.46618   0.51086   0.47746   0.63556   0.44266   0.33482   0.12921   0.00459   0.00387   0.13768   0.55165   0.21588   1.38713   0.12387   1.25603   0.12598   0.32541   0.14118   0.15500   0.44940   0.06892   0.06340   0.36468   0.32524   0.22811   0.24506   0.17858   0.12234   0.51789   0.47884   1.07182   0.11490   0.67530   0.09291   0.54838   0.08292   1.32860   0.24748   0.10943   0.37455   0.39340   0.18092   0.31235   0.07933   0.43416   0.56888   1.89449   6.67920   3.59818   0.02336   1.05471  
 37 288.3750 156100.645273  x:  1.92999   0.36462   0.31457   0.41258   0.38542   0.09552   0.67175   0.19864   0.41012   0.44445   0.89989   1.98010   1.19825   0.45572   0.64231   0.58575   0.84463   0.14294   0.38852   0.15138   0.10789   0.47021   0.51462   0.47889   0.63286   0.44512   0.34543   0.13063   0.00464   0.00387   0.13867   0.55723   0.21479   1.38779   0.12821   1.26356   0.12781   0.32865   0.14424   0.16062   0.46032   0.05679   0.07611   0.36113   0.32109   0.22773   0.25546   0.19317   0.12606   0.53182   0.49053   1.06389   0.11530   0.67818   0.09793   0.55336   0.08535   1.32678   0.25082   0.11557   0.38243   0.40356   0.18112   0.30386   0.06513   0.43499   0.57932   1.88161   6.66344   3.61080   0.02333   1.05837  
 38 307.5773 156097.018837  x:  2.00045   0.36267   0.31900   0.41347   0.38619   0.09699   0.67802   0.19563   0.41188   0.44699   0.89296   1.95932   1.22732   0.45689   0.64387   0.58613   0.84067   0.14663   0.39641   0.14926   0.10896   0.48047   0.52757   0.48630   0.63745   0.44890   0.35461   0.13379   0.00467   0.00387   0.14051   0.56776   0.22084   1.38835   0.12976   1.26261   0.12648   0.33427   0.14538   0.17675   0.46749   0.05575   0.07364   0.36012   0.32550   0.23157   0.25516   0.18642   0.13443   0.54867   0.50515   1.05634   0.11647   0.69058   0.09390   0.56488   0.07553   1.32389   0.25106   0.11379   0.38043   0.40243   0.18691   0.30201   0.08259   0.42931   0.59114   1.87566   6.64896   3.62196   0.02328   1.06223  
 39 224.9656 156094.697203  x:  2.05283   0.36682   0.32301   0.41200   0.38236   0.10338   0.69007   0.19452   0.40873   0.44690   0.89034   1.94120   1.24187   0.46107   0.64908   0.59588   0.83892   0.14252   0.40346   0.14534   0.11291   0.48979   0.54062   0.49542   0.64771   0.45249   0.35619   0.13377   0.00469   0.00387   0.14191   0.57701   0.22960   1.38960   0.12877   1.25529   0.12644   0.33891   0.14295   0.17096   0.46644   0.06204   0.06724   0.36713   0.33384   0.23770   0.25858   0.19198   0.12219   0.55406   0.51019   1.05153   0.11847   0.70774   0.09516   0.57890   0.08117   1.32199   0.25499   0.11382   0.37655   0.39775   0.19255   0.30567   0.07835   0.42191   0.59597   1.88067   6.63704   3.63044   0.02326   1.06617  
 40 156.5135 156093.707569  x:  2.07993   0.37345   0.32358   0.41344   0.38213   0.10264   0.69999   0.19594   0.40798   0.44789   0.89171   1.93007   1.24306   0.46540   0.65514   0.60742   0.83965   0.13845   0.40661   0.14408   0.11014   0.49155   0.54403   0.49963   0.65666   0.45475   0.35204   0.13404   0.00470   0.00388   0.14206   0.58053   0.23419   1.39175   0.12836   1.24726   0.12905   0.34099   0.14616   0.16810   0.46273   0.05686   0.07627   0.37060   0.33385   0.23610   0.25590   0.18890   0.12364   0.55185   0.50882   1.05201   0.11734   0.71779   0.09391   0.58393   0.08115   1.32199   0.25519   0.11778   0.37991   0.39946   0.19228   0.31231   0.07830   0.42677   0.59629   1.89043   6.63104   3.63364   0.02326   1.06935  
 41 92.9440 156093.046613  x:  2.10005   0.38013   0.32360   0.41595   0.38368   0.10054   0.70788   0.19730   0.40891   0.44958   0.89416   1.92105   1.24032   0.46944   0.66106   0.61781   0.84096   0.13675   0.40837   0.14411   0.10816   0.49130   0.54427   0.50185   0.66397   0.45673   0.34821   0.13453   0.00470   0.00388   0.14206   0.58253   0.23633   1.39448   0.12863   1.23966   0.13182   0.34176   0.14934   0.17071   0.46286   0.06150   0.07187   0.36905   0.32980   0.23385   0.25863   0.19203   0.13005   0.54941   0.50690   1.05432   0.11683   0.72426   0.09395   0.58557   0.08003   1.32294   0.25451   0.11792   0.38326   0.40195   0.18894   0.31370   0.07675   0.43218   0.59522   1.89883   6.62672   3.63519   0.02325   1.07249  
 42 108.5285 156092.721787  x:  2.11264   0.38551   0.32413   0.41831   0.38633   0.10035   0.71129   0.19703   0.41162   0.45143   0.89770   1.91462   1.23250   0.47258   0.66597   0.62399   0.84262   0.13990   0.40805   0.14523   0.11160   0.48991   0.54153   0.50118   0.66704   0.45853   0.34834   0.13465   0.00470   0.00388   0.14263   0.58334   0.23431   1.39849   0.12952   1.23348   0.13266   0.34037   0.14610   0.17193   0.46643   0.05973   0.07222   0.36824   0.33187   0.23786   0.25873   0.19111   0.12958   0.54780   0.50582   1.05857   0.11884   0.72461   0.09679   0.58329   0.08227   1.32574   0.25578   0.11546   0.38358   0.40350   0.18881   0.30826   0.07921   0.43345   0.59365   1.90184   6.62375   3.63496   0.02323   1.07609  
 43 40.1396 156092.521963  x:  2.12206   0.38862   0.32471   0.41851   0.38686   0.10122   0.71197   0.19625   0.41284   0.45187   0.90090   1.90964   1.22298   0.47461   0.66916   0.62638   0.84402   0.14159   0.40694   0.14495   0.11206   0.48921   0.53937   0.49951   0.66700   0.45979   0.35046   0.13482   0.00470   0.00388   0.14256   0.58368   0.23168   1.40297   0.12984   1.22899   0.13238   0.34005   0.14582   0.17181   0.46855   0.06023   0.07190   0.36859   0.33340   0.23710   0.25893   0.19168   0.12800   0.54847   0.50695   1.06347   0.11756   0.72195   0.09317   0.58012   0.08019   1.32927   0.25602   0.11817   0.38330   0.40428   0.19270   0.30889   0.07845   0.43175   0.59355   1.90159   6.62104   3.63404   0.02323   1.08015  
 44 35.8025 156092.316675  x:  2.13301   0.38986   0.32477   0.41710   0.38552   0.10138   0.71091   0.19564   0.41235   0.45101   0.90418   1.90392   1.20906   0.47612   0.67141   0.62610   0.84537   0.14029   0.40538   0.14449   0.11085   0.48965   0.53870   0.49794   0.66504   0.46048   0.35295   0.13486   0.00470   0.00388   0.14258   0.58327   0.22936   1.40922   0.12979   1.22485   0.13293   0.34102   0.14774   0.17153   0.46808   0.06014   0.07267   0.36941   0.33278   0.23480   0.25895   0.19202   0.12853   0.55087   0.50961   1.06963   0.11840   0.71848   0.09687   0.57866   0.08128   1.33434   0.25609   0.11566   0.38134   0.40254   0.19211   0.31261   0.07826   0.43016   0.59521   1.89922   6.61765   3.63177   0.02324   1.08647  
 45 37.5762 156092.131128  x:  2.14342   0.38698   0.32394   0.41637   0.38444   0.10018   0.70846   0.19681   0.41069   0.45002   0.90574   1.89885   1.19358   0.47634   0.67112   0.62224   0.84585   0.13730   0.40496   0.14628   0.11206   0.49149   0.54137   0.49910   0.66265   0.45990   0.35248   0.13465   0.00470   0.00388   0.14273   0.58153   0.23037   1.41549   0.12879   1.22294   0.13328   0.34187   0.14599   0.17046   0.46516   0.06043   0.07225   0.36911   0.33071   0.23799   0.25905   0.19139   0.12866   0.55192   0.50979   1.07360   0.11777   0.71604   0.09527   0.58038   0.08174   1.33924   0.25513   0.11792   0.38341   0.40260   0.18904   0.31065   0.07856   0.43131   0.59706   1.89715   6.61453   3.62718   0.02324   1.09502  
 46 28.8269 156091.961780  x:  2.15223   0.38125   0.32368   0.41767   0.38556   0.10155   0.70614   0.19791   0.41052   0.45059   0.90537   1.89511   1.17920   0.47520   0.66888   0.61729   0.84551   0.13865   0.40609   0.14586   0.10912   0.49124   0.54314   0.50060   0.66089   0.45869   0.35023   0.13504   0.00469   0.00388   0.14203   0.58001   0.23399   1.42008   0.12817   1.22374   0.13290   0.34129   0.14440   0.17196   0.46484   0.06044   0.07208   0.36873   0.33380   0.23504   0.25843   0.19175   0.12796   0.54968   0.50666   1.07340   0.11809   0.71709   0.09614   0.58320   0.07987   1.34201   0.25482   0.11681   0.38356   0.40278   0.19065   0.30922   0.07828   0.43222   0.59549   1.89792   6.61143   3.62025   0.02325   1.10609  
 47 24.8584 156091.803246  x:  2.15890   0.37627   0.32329   0.41758   0.38560   0.10099   0.70505   0.19617   0.41105   0.45104   0.90432   1.89294   1.16807   0.47292   0.66589   0.61458   0.84498   0.14104   0.40734   0.14517   0.11096   0.48959   0.54238   0.50093   0.66101   0.45761   0.34974   0.13374   0.00468   0.00388   0.14290   0.58053   0.23613   1.42176   0.12826   1.22641   0.13214   0.34035   0.14724   0.17122   0.46688   0.05972   0.07233   0.36753   0.33086   0.23622   0.25846   0.19102   0.12924   0.54762   0.50551   1.06966   0.11754   0.71968   0.09373   0.58323   0.08202   1.34196   0.25552   0.11516   0.38125   0.40230   0.19211   0.31098   0.07786   0.43069   0.59260   1.89997   6.60720   3.61220   0.02326   1.11956  
 48 24.9360 156091.540451  x:  2.16707   0.37262   0.32360   0.41538   0.38376   0.10090   0.70567   0.19471   0.41106   0.45004   0.90321   1.89135   1.15522   0.46872   0.66145   0.61478   0.84445   0.14081   0.40786   0.14445   0.11216   0.48688   0.53841   0.49860   0.66278   0.45639   0.35106   0.13537   0.00466   0.00387   0.14043   0.58290   0.23561   1.42050   0.12860   1.23196   0.13202   0.33905   0.14788   0.16802   0.46769   0.05994   0.07193   0.36842   0.32916   0.23680   0.25806   0.19052   0.12856   0.54681   0.50700   1.06073   0.11839   0.72319   0.09671   0.57934   0.07750   1.33792   0.25358   0.11772   0.38068   0.40224   0.18898   0.30987   0.07831   0.42861   0.59109   1.90190   6.59826   3.59726   0.02328   1.14561  
 49 32.1503 156091.094699  x:  2.17759   0.37233   0.32437   0.41347   0.38229   0.10161   0.70783   0.19598   0.40978   0.44759   0.90255   1.89038   1.14035   0.46413   0.65623   0.61851   0.84366   0.13821   0.40660   0.14406   0.10998   0.48525   0.53354   0.49425   0.66503   0.45525   0.35149   0.13253   0.00463   0.00387   0.14257   0.58447   0.23269   1.41494   0.12791   1.23984   0.13123   0.33757   0.14546   0.17104   0.46457   0.05969   0.07117   0.36872   0.33255   0.23309   0.25680   0.19084   0.12812   0.54797   0.50939   1.04747   0.11622   0.72439   0.09315   0.57398   0.08275   1.32939   0.25331   0.11754   0.38138   0.40083   0.18528   0.30724   0.07849   0.42918   0.59249   1.90053   6.58147   3.57048   0.02330   1.19293  
 50 64.5290 156090.114581  x:  2.19314   0.37967   0.32206   0.41587   0.38447   0.09729   0.70929   0.19710   0.40698   0.44500   0.90224   1.89082   1.12315   0.46336   0.65236   0.62713   0.84088   0.13821   0.40132   0.14532   0.11114   0.48923   0.53434   0.49185   0.66497   0.45438   0.34562   0.13427   0.00459   0.00385   0.13955   0.57965   0.22975   1.39915   0.12785   1.24955   0.13036   0.33882   0.14480   0.17456   0.45731   0.05980   0.07183   0.36077   0.32881   0.23561   0.25676   0.18896   0.12284   0.54788   0.50620   1.03180   0.11851   0.71738   0.09397   0.57120   0.08002   1.31092   0.25230   0.11224   0.38145   0.39824   0.19422   0.31016   0.07461   0.43113   0.59508   1.89046   6.53935   3.51215   0.02331   1.30144  
 51 87.4952 156087.879902  x:  2.21684   0.39533   0.31658   0.41634   0.38264   0.10041   0.70436   0.19161   0.40623   0.44711   0.89870   1.89378   1.10704   0.47224   0.65261   0.63513   0.83210   0.14533   0.39242   0.14151   0.10692   0.49264   0.54191   0.49489   0.65585   0.45473   0.33963   0.12903   0.00448   0.00384   0.14390   0.56836   0.23371   1.36473   0.12950   1.25535   0.12716   0.34130   0.15207   0.16384   0.46032   0.05930   0.07002   0.37058   0.32680   0.23345   0.25468   0.18965   0.12997   0.54434   0.49729   1.02382   0.11353   0.69716   0.09651   0.57787   0.07795   1.27972   0.25025   0.11451   0.37735   0.39967   0.18937   0.30155   0.07878   0.42290   0.58962   1.88049   6.43433   3.38267   0.02336   1.55347  
 52 176.5974 156084.442572  x:  2.24099   0.40454   0.31314   0.40972   0.37499   0.10298   0.69346   0.19018   0.40671   0.44921   0.88694   1.89855   1.10426   0.48219   0.65548   0.63025   0.81987   0.14149   0.38995   0.14458   0.10720   0.48484   0.54336   0.49978   0.64507   0.45585   0.35086   0.14187   0.00430   0.00379   0.12742   0.56666   0.23955   1.32393   0.13056   1.24818   0.12957   0.33598   0.14086   0.16563   0.46905   0.05713   0.07097   0.36350   0.32718   0.22729   0.25537   0.18725   0.13089   0.54076   0.49488   1.03502   0.12093   0.68344   0.08711   0.58507   0.08670   1.25445   0.24804   0.11628   0.37375   0.39874   0.17828   0.30790   0.07715   0.42037   0.58211   1.89027   6.26781   3.18391   0.02349   1.94398  
 53 353.0443 156079.198951  x:  2.26912   0.40693   0.31360   0.40467   0.37188   0.10014   0.68054   0.19446   0.40441   0.44626   0.86707   1.90520   1.11492   0.48932   0.65923   0.61510   0.80758   0.13180   0.39463   0.14935   0.10857   0.47148   0.53715   0.50014   0.63609   0.45703   0.36638   0.12056   0.00405   0.00375   0.14417   0.56882   0.24295   1.27831   0.13127   1.22951   0.13277   0.32809   0.13331   0.17105   0.46759   0.05532   0.06956   0.35104   0.32540   0.22986   0.25084   0.18521   0.12086   0.53756   0.49952   1.06231   0.11880   0.68297   0.09473   0.58396   0.07480   1.23668   0.24006   0.11568   0.37434   0.39444   0.17948   0.31254   0.07126   0.42378   0.57741   1.91002   6.01132   2.87926   0.02368   2.54173  
 54 868.6522 156072.133070  x:  2.29580   0.39949   0.32016   0.40963   0.38146   0.09541   0.67577   0.19884   0.39698   0.43528   0.84497   1.91191   1.14705   0.48517   0.66283   0.59671   0.80676   0.13309   0.40562   0.14657   0.10726   0.46759   0.52562   0.48772   0.63678   0.45538   0.36106   0.13071   0.00370   0.00366   0.12982   0.56711   0.23729   1.24967   0.13282   1.20222   0.13084   0.32974   0.15219   0.16594   0.44434   0.05537   0.06452   0.36143   0.32199   0.23209   0.24669   0.18304   0.11800   0.53693   0.50824   1.09605   0.10389   0.70349   0.09425   0.56712   0.08080   1.24493   0.23534   0.10565   0.37535   0.38743   0.19309   0.28985   0.07260   0.42311   0.57902   1.91819   5.66172   2.46606   0.02382   3.35078  
 55 986.0009 156065.186835  x:  2.31136   0.39106   0.32268   0.40950   0.38067   0.09947   0.68497   0.19284   0.39624   0.43193   0.83657   1.91459   1.19326   0.46995   0.66212   0.59148   0.82346   0.14569   0.40960   0.13923   0.11002   0.48140   0.52356   0.47561   0.64750   0.45014   0.33409   0.12316   0.00337   0.00360   0.13525   0.56048   0.22875   1.26205   0.13834   1.18365   0.13396   0.33670   0.13512   0.15673   0.43969   0.05712   0.06772   0.36037   0.31508   0.21869   0.25206   0.17930   0.12488   0.53546   0.50224   1.10573   0.13133   0.72308   0.08478   0.54995   0.07954   1.27865   0.22825   0.10968   0.37056   0.39050   0.18555   0.29203   0.07323   0.41011   0.58076   1.90326   5.30694   2.05891   0.02390   4.15494  
 56 1024.7489 156059.708275  x:  2.31629   0.38938   0.31692   0.40395   0.37099   0.09880   0.69610   0.18620   0.40005   0.43654   0.84311   1.91264   1.23552   0.45606   0.65739   0.59735   0.84363   0.14961   0.40351   0.13789   0.10577   0.49005   0.52679   0.47595   0.65686   0.44584   0.32446   0.12568   0.00313   0.00355   0.13046   0.56299   0.22654   1.29820   0.13519   1.18008   0.12951   0.33424   0.12572   0.16361   0.45315   0.05252   0.06508   0.35214   0.31827   0.22690   0.24144   0.18400   0.12413   0.53246   0.49098   1.09416   0.10412   0.72350   0.09394   0.54920   0.07850   1.31472   0.22530   0.11317   0.36611   0.39162   0.17465   0.30532   0.07066   0.40771   0.57864   1.89113   5.02831   1.74859   0.02397   4.77347  
 57 1077.0051 156055.522649  x:  2.31334   0.39497   0.31055   0.40308   0.36738   0.09778   0.70218   0.18832   0.39968   0.44016   0.86194   1.90555   1.27268   0.44925   0.65063   0.60792   0.85934   0.14156   0.39090   0.14285   0.10315   0.48478   0.53014   0.48798   0.65880   0.44547   0.34154   0.12395   0.00298   0.00350   0.13170   0.57460   0.23238   1.35032   0.12945   1.19241   0.13165   0.33188   0.14673   0.16399   0.45922   0.05183   0.06477   0.35320   0.32323   0.22517   0.25292   0.17688   0.11743   0.53077   0.48858   1.06853   0.11334   0.70586   0.09237   0.56186   0.07724   1.34462   0.22221   0.11311   0.36899   0.38778   0.17988   0.29555   0.07130   0.41804   0.57284   1.89581   4.80413   1.50730   0.02403   5.25897  
 58 705.0495 156054.098128  x:  2.30974   0.39928   0.31409   0.40848   0.37459   0.10078   0.70020   0.19211   0.39741   0.43885   0.87363   1.89996   1.28588   0.45364   0.65036   0.61148   0.86026   0.14361   0.39004   0.14344   0.10729   0.48003   0.53115   0.49217   0.65486   0.44941   0.34791   0.12449   0.00291   0.00349   0.13153   0.57522   0.23737   1.37602   0.12935   1.20463   0.13029   0.33005   0.14033   0.16066   0.45272   0.05340   0.06531   0.35691   0.31685   0.22399   0.24213   0.18458   0.12423   0.53469   0.49634   1.05555   0.11615   0.69772   0.09272   0.56668   0.07703   1.35084   0.22226   0.11080   0.37054   0.38842   0.18483   0.29595   0.07126   0.41715   0.57317   1.90847   4.72538   1.42743   0.02406   5.42248  
 59 353.0110 156053.569523  x:  2.30693   0.40121   0.31733   0.40990   0.37726   0.09874   0.69676   0.19253   0.39773   0.43834   0.88074   1.89552   1.29088   0.46004   0.65290   0.61212   0.85670   0.14717   0.39412   0.14303   0.10682   0.47935   0.53149   0.49117   0.65105   0.45378   0.34670   0.12442   0.00289   0.00349   0.13140   0.57118   0.23897   1.38973   0.13010   1.21518   0.12836   0.33165   0.13767   0.16101   0.44912   0.05419   0.06516   0.35728   0.31812   0.22467   0.25011   0.17944   0.12359   0.53617   0.50038   1.05190   0.11247   0.69727   0.09438   0.56629   0.07759   1.34892   0.22287   0.11116   0.37059   0.39041   0.18278   0.29889   0.07116   0.41417   0.57601   1.91766   4.69451   1.39792   0.02408   5.48310  
 60 142.2518 156053.273479  x:  2.30435   0.40170   0.31938   0.40814   0.37544   0.09762   0.69416   0.19263   0.39949   0.43903   0.88638   1.89094   1.29367   0.46609   0.65650   0.61204   0.85194   0.14696   0.39891   0.14439   0.10696   0.48153   0.53235   0.48924   0.64877   0.45736   0.34463   0.12452   0.00287   0.00349   0.13147   0.56732   0.23792   1.40000   0.13033   1.22608   0.12860   0.33548   0.14226   0.16387   0.45060   0.05354   0.06448   0.35588   0.32054   0.22609   0.24659   0.18174   0.12084   0.53575   0.50064   1.05341   0.11513   0.70088   0.09363   0.56413   0.07815   1.34391   0.22331   0.11283   0.37055   0.39106   0.18089   0.29885   0.07133   0.41382   0.57821   1.92164   4.67657   1.38059   0.02409   5.51683  
 61 76.6330 156053.129544  x:  2.30250   0.40064   0.31958   0.40755   0.37406   0.09966   0.69412   0.19332   0.40019   0.43959   0.88972   1.88692   1.29504   0.46932   0.65974   0.61212   0.84851   0.14364   0.40105   0.14546   0.10767   0.48375   0.53311   0.48862   0.64892   0.45830   0.34578   0.12462   0.00287   0.00349   0.13149   0.56734   0.23545   1.40613   0.12921   1.23462   0.12843   0.33548   0.14042   0.16264   0.45364   0.05341   0.06536   0.35671   0.31842   0.22450   0.24766   0.18137   0.12236   0.53541   0.49909   1.05761   0.11356   0.70547   0.09380   0.56331   0.07800   1.33840   0.22383   0.11198   0.37071   0.38977   0.18325   0.29745   0.07125   0.41592   0.57756   1.91997   4.66748   1.37101   0.02408   5.53282  
 62 36.0055 156053.068336  x:  2.30135   0.39882   0.31797   0.40901   0.37533   0.09792   0.69512   0.19243   0.39936   0.43925   0.89084   1.88384   1.29564   0.46979   0.66172   0.61252   0.84725   0.14328   0.40039   0.14412   0.10606   0.48339   0.53272   0.48904   0.64983   0.45725   0.34733   0.12460   0.00287   0.00349   0.13157   0.56884   0.23424   1.40881   0.12909   1.23921   0.12801   0.33407   0.13972   0.16202   0.45283   0.05353   0.06473   0.35718   0.31954   0.22588   0.24744   0.18146   0.12312   0.53552   0.49829   1.06154   0.11435   0.70725   0.09325   0.56393   0.07818   1.33458   0.22359   0.11203   0.37093   0.39027   0.18288   0.29842   0.07134   0.41566   0.57628   1.91794   4.66262   1.36641   0.02408   5.53927  
 63 18.8959 156053.031575  x:  2.30041   0.39714   0.31774   0.40928   0.37577   0.09935   0.69640   0.19281   0.39901   0.43916   0.89111   1.88085   1.29600   0.46893   0.66267   0.61292   0.84704   0.14447   0.39897   0.14413   0.10786   0.48262   0.53243   0.49008   0.65111   0.45570   0.34701   0.12468   0.00288   0.00349   0.13166   0.56956   0.23420   1.40987   0.12923   1.24165   0.12750   0.33316   0.14059   0.16277   0.45142   0.05364   0.06517   0.35629   0.31956   0.22492   0.24762   0.18165   0.12236   0.53569   0.49851   1.06460   0.11391   0.70701   0.09357   0.56462   0.07837   1.33181   0.22323   0.11265   0.37084   0.39088   0.18191   0.29860   0.07161   0.41509   0.57622   1.91716   4.65873   1.36303   0.02408   5.54279  
 64 13.0662 156052.976385  x:  2.29872   0.39484   0.31825   0.40760   0.37455   0.09951   0.69785   0.19304   0.39972   0.43965   0.89098   1.87477   1.29658   0.46599   0.66274   0.61345   0.84792   0.14579   0.39688   0.14440   0.10627   0.48150   0.53176   0.49038   0.65263   0.45377   0.34451   0.12468   0.00288   0.00348   0.13166   0.56956   0.23561   1.40994   0.12941   1.24349   0.12773   0.33355   0.13980   0.16273   0.45214   0.05357   0.06494   0.35720   0.31885   0.22597   0.24765   0.18145   0.12221   0.53628   0.50015   1.06797   0.11429   0.70462   0.09346   0.56493   0.07854   1.32832   0.22315   0.11227   0.37052   0.39039   0.18306   0.29825   0.07130   0.41576   0.57805   1.91851   4.65180   1.35606   0.02409   5.54737  
 65 10.4584 156052.866287  x:  2.29552   0.39328   0.31923   0.40820   0.37557   0.09587   0.69767   0.19118   0.39962   0.43898   0.89089   1.86194   1.29779   0.46102   0.66071   0.61343   0.85018   0.14414   0.39648   0.14445   0.10877   0.48314   0.53266   0.48922   0.65287   0.45417   0.34380   0.12461   0.00288   0.00348   0.13165   0.57005   0.23768   1.40785   0.12815   1.24342   0.12693   0.33567   0.13914   0.16169   0.45371   0.05359   0.06508   0.35699   0.32065   0.22375   0.24741   0.18188   0.12291   0.53568   0.50009   1.07005   0.11380   0.70131   0.09392   0.56359   0.07851   1.32464   0.22373   0.11185   0.37125   0.38988   0.18335   0.29802   0.07128   0.41531   0.57819   1.92023   4.63729   1.33918   0.02411   5.55559  
 66 15.2475 156052.607233  x:  2.28857   0.39326   0.32209   0.41007   0.37704   0.10038   0.69596   0.19251   0.39894   0.43771   0.89126   1.83295   1.30062   0.45408   0.65605   0.61225   0.85418   0.14254   0.39852   0.14284   0.10580   0.48539   0.53314   0.48595   0.65052   0.45770   0.34594   0.12455   0.00290   0.00348   0.13143   0.57077   0.24009   1.40208   0.12793   1.24068   0.12633   0.33709   0.13967   0.16186   0.45307   0.05322   0.06501   0.35484   0.31871   0.22623   0.24743   0.18107   0.12268   0.53359   0.49706   1.07007   0.11413   0.69792   0.09389   0.56089   0.07883   1.31991   0.22422   0.11209   0.37134   0.39006   0.18169   0.29846   0.07158   0.41369   0.57535   1.91958   4.60288   1.29697   0.02411   5.57431  
 67 49.1354 156052.114079  x:  2.27757   0.39547   0.31604   0.40606   0.37089   0.09675   0.69090   0.19323   0.39792   0.43756   0.89104   1.78468   1.30574   0.45294   0.65071   0.60863   0.85654   0.14742   0.40170   0.14568   0.10669   0.48266   0.53083   0.48633   0.64587   0.46084   0.34713   0.12431   0.00294   0.00347   0.13125   0.56741   0.23910   1.39183   0.13138   1.23375   0.12793   0.33067   0.13862   0.16337   0.44736   0.05376   0.06475   0.35806   0.31694   0.22400   0.24661   0.18105   0.12170   0.53280   0.49421   1.06338   0.11365   0.69975   0.09355   0.56014   0.07884   1.31734   0.22155   0.11256   0.36743   0.38961   0.18192   0.29765   0.07121   0.41468   0.57199   1.91400   4.53775   1.21490   0.02410   5.60888  
 68 78.3050 156051.639375  x:  2.27015   0.39670   0.31253   0.40503   0.37167   0.09927   0.68714   0.19071   0.39579   0.43675   0.88826   1.74976   1.30969   0.45989   0.64911   0.60469   0.85217   0.14463   0.39655   0.14295   0.10680   0.47582   0.52700   0.48745   0.64222   0.45410   0.34240   0.12404   0.00298   0.00345   0.13076   0.56109   0.23320   1.38367   0.12674   1.22751   0.12623   0.32769   0.13997   0.15840   0.45017   0.05330   0.06484   0.35156   0.31930   0.22396   0.24592   0.18055   0.12300   0.53331   0.49705   1.05416   0.11344   0.70350   0.09281   0.56189   0.07910   1.31947   0.21650   0.11184   0.36836   0.38764   0.18191   0.29676   0.07063   0.41378   0.57366   1.91133   4.47413   1.13474   0.02411   5.64151  
 69 90.7829 156051.198275  x:  2.26779   0.39419   0.31476   0.40552   0.37495   0.09758   0.68651   0.19021   0.39542   0.43552   0.88177   1.73546   1.31137   0.46812   0.65111   0.60273   0.84209   0.14040   0.38854   0.14291   0.10686   0.47572   0.52626   0.48509   0.64327   0.44436   0.34205   0.12374   0.00302   0.00344   0.13062   0.56134   0.22928   1.38024   0.12798   1.22456   0.12820   0.33115   0.13865   0.16410   0.45193   0.05248   0.06457   0.35723   0.31456   0.22301   0.24562   0.18002   0.11908   0.52909   0.49485   1.04715   0.11285   0.70119   0.09279   0.56136   0.07941   1.32354   0.21465   0.11218   0.36770   0.38729   0.18105   0.29705   0.07099   0.40912   0.57230   1.91195   4.41283   1.06046   0.02409   5.67091  
 70 71.8742 156050.389049  x:  2.26957   0.38902   0.31921   0.40109   0.36973   0.09638   0.68810   0.19192   0.39633   0.43424   0.86917   1.73395   1.31144   0.47578   0.65650   0.60409   0.82426   0.14553   0.38507   0.14520   0.10526   0.48074   0.52744   0.48003   0.64778   0.43876   0.34564   0.12355   0.00309   0.00342   0.13083   0.56784   0.22799   1.37894   0.12988   1.22320   0.12608   0.33565   0.13823   0.15819   0.44530   0.05389   0.06470   0.35040   0.31833   0.22336   0.24507   0.18014   0.12425   0.52550   0.49177   1.04135   0.11230   0.69131   0.09392   0.55716   0.07985   1.32938   0.21439   0.11233   0.36445   0.38707   0.18184   0.29620   0.07084   0.41207   0.56804   1.91321   4.29758   0.92648   0.02401   5.72331  
 71 105.0215 156048.161899  x:  2.28441   0.38886   0.31451   0.40425   0.36580   0.10010   0.68832   0.18354   0.39229   0.43207   0.84888   1.76980   1.30598   0.46588   0.66076   0.61538   0.80172   0.14510   0.39896   0.13567   0.10779   0.47826   0.52595   0.48086   0.64750   0.45512   0.33648   0.12414   0.00334   0.00338   0.13114   0.56836   0.23155   1.38055   0.11947   1.22743   0.12233   0.32091   0.13980   0.16227   0.44860   0.05338   0.06512   0.35537   0.31397   0.22301   0.24516   0.18038   0.11933   0.53028   0.49167   1.04480   0.11582   0.67561   0.09605   0.55335   0.08398   1.33427   0.20295   0.11332   0.36909   0.38634   0.18170   0.29799   0.07004   0.41603   0.56640   1.91283   3.97298   0.56317   0.02377   5.86540  
 72 172.6072 156046.042994  x:  2.30195   0.39994   0.31125   0.40632   0.37235   0.09854   0.68501   0.19428   0.39510   0.43624   0.84504   1.81696   1.29844   0.44929   0.65546   0.62041   0.80482   0.13485   0.40007   0.14531   0.10769   0.47139   0.52200   0.48460   0.64175   0.46178   0.33466   0.12566   0.00358   0.00334   0.13237   0.56103   0.23659   1.38134   0.13502   1.23478   0.13316   0.32428   0.13931   0.15778   0.45207   0.05405   0.06635   0.35034   0.31968   0.22392   0.24637   0.18179   0.12350   0.52868   0.49203   1.05344   0.11150   0.68206   0.09721   0.55814   0.09234   1.33011   0.17854   0.11727   0.36086   0.38538   0.18801   0.29939   0.07374   0.40254   0.56600   1.91236   3.64703   0.20952   0.02351   6.00455  
 73 371.0119 156042.282685  x:  2.32984   0.42249   0.32047   0.39835   0.37605   0.09756   0.67531   0.19313   0.39812   0.43775   0.86108   1.89408   1.28558   0.43617   0.64256   0.61349   0.84007   0.15313   0.38541   0.15037   0.10994   0.47531   0.52523   0.48009   0.62865   0.45394   0.35590   0.12731   0.00396   0.00328   0.13442   0.55405   0.24129   1.37484   0.12957   1.24385   0.11388   0.34543   0.13420   0.16200   0.45359   0.05554   0.06791   0.35537   0.31877   0.22584   0.24829   0.18416   0.12538   0.51687   0.48833   1.06730   0.11260   0.71077   0.10107   0.56783   0.11394   1.31453   0.10736   0.12250   0.35999   0.39076   0.19754   0.30473   0.07330   0.41061   0.56793   1.92131   3.15856  -0.30975   0.02317   6.20873  
 74 439.1712 156041.757434  x:  2.33408   0.42190   0.32347   0.40008   0.37461   0.09823   0.67554   0.19068   0.39818   0.43672   0.86791   1.90596   1.28367   0.44087   0.64118   0.60821   0.85097   0.15593   0.38543   0.14909   0.11037   0.48023   0.52791   0.47773   0.62957   0.45102   0.35674   0.12769   0.00401   0.00327   0.13478   0.55465   0.24235   1.37130   0.13101   1.24636   0.12122   0.34247   0.13465   0.16197   0.45466   0.05568   0.06830   0.35479   0.32002   0.22633   0.24871   0.18461   0.12538   0.51844   0.48907   1.06797   0.11139   0.71111   0.10205   0.56712   0.11868   1.31160   0.09253   0.12302   0.36256   0.39008   0.20000   0.30544   0.07359   0.41161   0.56517   1.92434   3.08481  -0.38693   0.02312   6.23828  
 75 245.7719 156041.297180  x:  2.33871   0.41901   0.32557   0.40209   0.37299   0.09825   0.67696   0.19054   0.39869   0.43637   0.88112   1.91931   1.28136   0.45055   0.63940   0.59873   0.86976   0.15725   0.38536   0.14918   0.11032   0.48403   0.53015   0.47681   0.63211   0.44566   0.35669   0.12817   0.00407   0.00326   0.13517   0.55549   0.24154   1.36414   0.13081   1.24932   0.12313   0.33846   0.13590   0.16218   0.45523   0.05592   0.06850   0.35533   0.32057   0.22688   0.24923   0.18507   0.12542   0.52063   0.49064   1.06826   0.11211   0.71255   0.10232   0.56669   0.11804   1.30805   0.09798   0.12364   0.36444   0.39013   0.19947   0.30652   0.07389   0.41296   0.56384   1.92782   3.01283  -0.46050   0.02307   6.26545  
 76 152.6458 156041.154440  x:  2.34018   0.41345   0.32508   0.40299   0.37363   0.09745   0.67930   0.19318   0.39995   0.43770   0.88790   1.92311   1.28085   0.45568   0.64076   0.59541   0.87622   0.15500   0.38915   0.15029   0.10982   0.48322   0.52964   0.47832   0.63479   0.44709   0.35527   0.12827   0.00408   0.00326   0.13530   0.55779   0.23977   1.35966   0.13059   1.25010   0.11812   0.33902   0.13607   0.16212   0.45574   0.05598   0.06860   0.35593   0.32034   0.22690   0.24933   0.18522   0.12565   0.52059   0.48997   1.06726   0.11313   0.70958   0.10287   0.56657   0.11911   1.30794   0.09455   0.12439   0.36196   0.39070   0.19990   0.30683   0.07408   0.41186   0.56512   1.92823   2.99092  -0.48337   0.02305   6.27254  
 77 48.7834 156041.105723  x:  2.34075   0.40911   0.32449   0.40136   0.37435   0.09834   0.67977   0.19143   0.39914   0.43754   0.89276   1.92445   1.28086   0.45646   0.64279   0.59550   0.87778   0.15499   0.39017   0.14885   0.11050   0.48121   0.52873   0.47942   0.63457   0.44924   0.35560   0.12829   0.00409   0.00326   0.13534   0.55887   0.23877   1.35674   0.13170   1.25062   0.11950   0.34249   0.13546   0.16240   0.45529   0.05604   0.06862   0.35582   0.32042   0.22695   0.24937   0.18527   0.12591   0.51916   0.48922   1.06659   0.11257   0.70884   0.10292   0.56767   0.11918   1.30888   0.09450   0.12404   0.36258   0.39127   0.20025   0.30667   0.07391   0.41248   0.56655   1.92774   2.98343  -0.49169   0.02304   6.27362  
 78 16.4477 156041.067429  x:  2.34126   0.40390   0.32447   0.40098   0.37473   0.09798   0.67926   0.19280   0.39941   0.43773   0.89978   1.92529   1.28127   0.45437   0.64559   0.59795   0.87579   0.15583   0.38831   0.14993   0.11036   0.48168   0.52916   0.47871   0.63324   0.45066   0.35573   0.12829   0.00409   0.00326   0.13540   0.55771   0.23895   1.35289   0.13056   1.25047   0.11965   0.34244   0.13552   0.16243   0.45543   0.05607   0.06861   0.35593   0.32039   0.22695   0.24938   0.18529   0.12574   0.51944   0.49017   1.06602   0.11264   0.70992   0.10290   0.56831   0.11918   1.31107   0.09413   0.12430   0.36351   0.38997   0.19999   0.30704   0.07412   0.41198   0.56465   1.92789   2.97712  -0.49848   0.02304   6.27147  
 79  7.4492 156041.043448  x:  2.34149   0.40206   0.32485   0.40180   0.37428   0.09828   0.67860   0.19181   0.39928   0.43739   0.90413   1.92563   1.28161   0.45294   0.64602   0.59905   0.87359   0.15484   0.38725   0.14990   0.11036   0.48229   0.52945   0.47838   0.63280   0.45004   0.35608   0.12828   0.00410   0.00326   0.13538   0.55705   0.24007   1.35111   0.13209   1.25011   0.11884   0.34091   0.13577   0.16237   0.45546   0.05606   0.06860   0.35585   0.32044   0.22695   0.24937   0.18529   0.12576   0.51968   0.48984   1.06598   0.11278   0.71053   0.10288   0.56786   0.11925   1.31227   0.09383   0.12435   0.36199   0.39145   0.20014   0.30676   0.07391   0.41289   0.56578   1.92830   2.97314  -0.50303   0.02304   6.26837  
 80  8.3117 156040.977978  x:  2.34161   0.40317   0.32481   0.40238   0.37249   0.09772   0.67840   0.19274   0.39995   0.43784   0.91074   1.92591   1.28230   0.45146   0.64226   0.59872   0.86805   0.15565   0.38922   0.14887   0.11046   0.48134   0.52841   0.47985   0.63442   0.44648   0.35702   0.12828   0.00410   0.00326   0.13537   0.55735   0.24208   1.34996   0.13040   1.24892   0.11959   0.34086   0.13565   0.16218   0.45491   0.05604   0.06859   0.35585   0.32033   0.22692   0.24935   0.18529   0.12632   0.51899   0.48778   1.06696   0.11286   0.71026   0.10301   0.56616   0.11959   1.31311   0.09330   0.12376   0.36380   0.39131   0.20043   0.30686   0.07403   0.41061   0.56819   1.92746   2.96220  -0.51609   0.02303   6.25425  
 81  6.4550 156040.783074  x:  2.34114   0.40578   0.32374   0.40146   0.37583   0.09806   0.67856   0.19147   0.39753   0.43658   0.91712   1.92586   1.28343   0.45067   0.63276   0.59800   0.86020   0.15717   0.39272   0.14903   0.11017   0.48014   0.52736   0.48004   0.63709   0.44302   0.35472   0.12826   0.00411   0.00327   0.13531   0.55781   0.24124   1.35083   0.13178   1.24607   0.11896   0.34400   0.13483   0.16247   0.45568   0.05603   0.06860   0.35589   0.32012   0.22677   0.24926   0.18517   0.12537   0.51945   0.49080   1.06887   0.11275   0.70888   0.10302   0.56750   0.11991   1.31251   0.09182   0.12635   0.36098   0.38757   0.19881   0.30705   0.07372   0.41461   0.56331   1.92590   2.93008  -0.55529   0.02301   6.20766  
 82 22.0540 156040.081634  x:  2.33774   0.40501   0.31975   0.39268   0.37491   0.09807   0.67835   0.19370   0.39838   0.43834   0.91346   1.92414   1.28544   0.45174   0.61660   0.60103   0.85305   0.15423   0.38824   0.14579   0.11157   0.47934   0.52881   0.47428   0.63335   0.44581   0.35056   0.12814   0.00414   0.00329   0.13505   0.55860   0.23354   1.35730   0.13249   1.23924   0.11672   0.34237   0.13502   0.16225   0.45279   0.05599   0.06805   0.35538   0.31944   0.22642   0.24872   0.18471   0.12490   0.51785   0.49397   1.07009   0.11317   0.70898   0.10268   0.57386   0.12156   1.30764   0.08631   0.12239   0.36454   0.39893   0.20047   0.30669   0.07407   0.41200   0.55749   1.92726   2.81511  -0.69490   0.02297   6.03527  
 83 71.4240 156038.793830  x:  2.33027   0.40142   0.31868   0.39706   0.37445   0.09941   0.67339   0.19044   0.39618   0.43585   0.89365   1.91961   1.28770   0.45405   0.61048   0.60789   0.85243   0.15773   0.37673   0.15334   0.11045   0.47420   0.52727   0.47448   0.62468   0.45285   0.35261   0.12759   0.00419   0.00333   0.13471   0.55626   0.23062   1.36813   0.12670   1.23197   0.11844   0.33723   0.13559   0.16119   0.44988   0.05606   0.06766   0.35472   0.31789   0.22582   0.24786   0.18416   0.12733   0.51257   0.48580   1.06656   0.11396   0.71284   0.10254   0.57367   0.12472   1.30028   0.07704   0.12867   0.36058   0.38859   0.19698   0.30649   0.07278   0.41014   0.56917   1.92856   2.60725  -0.94705   0.02287   5.71839  
 84 259.9874 156038.206887  x:  2.32597   0.40683   0.31975   0.39774   0.37000   0.09800   0.67025   0.19421   0.39384   0.43384   0.88195   1.91591   1.28729   0.44918   0.62676   0.60582   0.85620   0.15536   0.37801   0.14846   0.11187   0.47080   0.52281   0.48169   0.62282   0.44685   0.35532   0.12764   0.00422   0.00335   0.13473   0.54840   0.23963   1.36991   0.13028   1.23484   0.11395   0.34177   0.13512   0.16150   0.45143   0.05587   0.06762   0.35469   0.31761   0.22567   0.24782   0.18408   0.12608   0.51588   0.48674   1.06084   0.11419   0.71387   0.10307   0.56761   0.12701   1.30184   0.07275   0.12891   0.36357   0.38921   0.19636   0.30712   0.07276   0.41241   0.56291   1.92450   2.51571  -1.05747   0.02280   5.57130  
 85 153.8734 156038.023196  x:  2.32410   0.41292   0.31847   0.39570   0.37249   0.09912   0.66944   0.19112   0.39509   0.43567   0.87883   1.91384   1.28628   0.44322   0.63615   0.60158   0.85676   0.15404   0.38191   0.15137   0.11089   0.47185   0.52259   0.48107   0.62511   0.44322   0.35619   0.12756   0.00423   0.00336   0.13485   0.54699   0.23915   1.36779   0.12563   1.23946   0.11592   0.34115   0.13521   0.16162   0.44899   0.05619   0.06754   0.35470   0.31738   0.22570   0.24769   0.18406   0.12616   0.51506   0.48816   1.05864   0.11426   0.71293   0.10302   0.56986   0.12717   1.30556   0.07171   0.12902   0.36094   0.39235   0.19661   0.30693   0.07293   0.41184   0.56231   1.92530   2.49119  -1.08704   0.02279   5.52406  
 86 62.1227 156037.935598  x:  2.32277   0.41723   0.31700   0.39464   0.37354   0.09895   0.67049   0.19278   0.39476   0.43575   0.87758   1.91207   1.28536   0.44016   0.63984   0.59838   0.85602   0.15487   0.38285   0.14955   0.11173   0.47256   0.52405   0.47830   0.62532   0.44274   0.35562   0.12757   0.00423   0.00336   0.13489   0.54881   0.23733   1.36542   0.12868   1.24375   0.11457   0.33895   0.13580   0.16150   0.44997   0.05609   0.06756   0.35480   0.31747   0.22573   0.24775   0.18413   0.12671   0.51355   0.48755   1.05833   0.11459   0.71244   0.10292   0.57279   0.12707   1.30960   0.07147   0.12963   0.36264   0.38967   0.19623   0.30718   0.07273   0.41188   0.56475   1.92700   2.48447  -1.09499   0.02279   5.50014  
 87 24.7282 156037.732004  x:  2.31874   0.42291   0.31824   0.39834   0.37011   0.09886   0.67380   0.19260   0.39224   0.43299   0.87431   1.90655   1.28365   0.44141   0.63770   0.59610   0.85343   0.15581   0.37919   0.15310   0.11121   0.46938   0.52560   0.47946   0.62464   0.44763   0.35116   0.12776   0.00424   0.00337   0.13517   0.55503   0.23740   1.35818   0.12830   1.25565   0.11482   0.34058   0.13578   0.16148   0.45153   0.05603   0.06766   0.35515   0.31779   0.22594   0.24807   0.18433   0.12670   0.51654   0.48692   1.06097   0.11473   0.71386   0.10323   0.57234   0.12724   1.32180   0.07191   0.12940   0.36329   0.39245   0.19648   0.30775   0.07306   0.41169   0.56386   1.92764   2.48748  -1.09278   0.02279   5.43970  
 88 15.8801 156037.421500  x:  2.31307   0.42329   0.31841   0.39823   0.37210   0.09878   0.67505   0.19186   0.39943   0.43967   0.86913   1.89890   1.28315   0.44643   0.63227   0.60029   0.85190   0.15300   0.37774   0.14728   0.11268   0.47041   0.52471   0.48224   0.62401   0.44956   0.35069   0.12806   0.00426   0.00338   0.13523   0.55519   0.24032   1.35213   0.12762   1.26643   0.11624   0.33946   0.13551   0.16182   0.44765   0.05667   0.06769   0.35525   0.31787   0.22628   0.24823   0.18448   0.12655   0.51750   0.48890   1.06377   0.11504   0.71371   0.10348   0.56991   0.12724   1.33391   0.07347   0.13153   0.36158   0.38991   0.19547   0.30778   0.07298   0.41408   0.56350   1.92691   2.50388  -1.08145   0.02277   5.34506  
 89 46.7448 156036.673109  x:  2.30081   0.41501   0.31502   0.39168   0.37624   0.10113   0.67219   0.19111   0.39206   0.43544   0.85975   1.88285   1.28571   0.45487   0.62550   0.61397   0.84949   0.15117   0.38644   0.15186   0.11043   0.47575   0.51962   0.48616   0.63074   0.44560   0.35493   0.12818   0.00429   0.00342   0.13535   0.54437   0.24145   1.34915   0.13046   1.27447   0.11534   0.33163   0.13726   0.16121   0.44977   0.05637   0.06754   0.35496   0.31820   0.22626   0.24830   0.18452   0.12757   0.51410   0.49069   1.06404   0.11634   0.70759   0.10386   0.56878   0.12692   1.34686   0.07797   0.13084   0.36737   0.39027   0.19475   0.30856   0.07337   0.41070   0.56493   1.92676   2.55572  -1.04538   0.02274   5.11423  
 90 97.1088 156035.532959  x:  2.28454   0.40346   0.31025   0.40098   0.36688   0.09923   0.66939   0.20051   0.38738   0.42972   0.85585   1.86234   1.29412   0.45274   0.63176   0.61620   0.84104   0.14911   0.39375   0.14305   0.11308   0.46783   0.52168   0.48128   0.63184   0.43953   0.35260   0.12762   0.00432   0.00346   0.13464   0.53962   0.23070   1.35999   0.12459   1.26396   0.12418   0.32970   0.13860   0.15967   0.45069   0.05564   0.06692   0.35356   0.31695   0.22546   0.24719   0.18350   0.12687   0.52003   0.48720   1.05334   0.11576   0.69713   0.10304   0.57220   0.12485   1.34322   0.08652   0.13305   0.35852   0.39259   0.19109   0.30665   0.07276   0.41154   0.56435   1.92935   2.65013  -0.99009   0.02269   4.75940  
 91 151.6794 156034.644062  x:  2.27270   0.39818   0.30958   0.40313   0.36205   0.10162   0.66878   0.19043   0.39127   0.43279   0.85785   1.84769   1.30214   0.44943   0.64227   0.60644   0.83104   0.14215   0.39227   0.14828   0.11137   0.45967   0.52231   0.48089   0.63039   0.44038   0.34231   0.12698   0.00433   0.00350   0.13427   0.54551   0.22928   1.37370   0.12931   1.24831   0.12168   0.32442   0.13989   0.15906   0.44345   0.05601   0.06630   0.35210   0.31576   0.22454   0.24605   0.18261   0.12617   0.52245   0.48594   1.04122   0.11644   0.69049   0.10263   0.56865   0.12414   1.33322   0.09298   0.13229   0.36623   0.38625   0.18865   0.30632   0.07276   0.40761   0.55925   1.92693   2.72647  -0.94747   0.02263   4.48391  
 92 258.4661 156034.446919  x:  2.27022   0.39833   0.30839   0.39787   0.36597   0.10069   0.67117   0.19269   0.38789   0.43162   0.85955   1.84473   1.30427   0.44977   0.64588   0.60011   0.82755   0.14155   0.38816   0.14708   0.11129   0.46205   0.51947   0.48304   0.62818   0.44396   0.33839   0.12688   0.00433   0.00351   0.13412   0.54995   0.23436   1.37761   0.12688   1.24374   0.12368   0.32049   0.14048   0.15865   0.44444   0.05582   0.06621   0.35163   0.31564   0.22431   0.24586   0.18241   0.12633   0.51903   0.48770   1.03768   0.11657   0.68962   0.10261   0.56402   0.12411   1.32961   0.09448   0.13268   0.36411   0.38725   0.18783   0.30591   0.07262   0.40755   0.55990   1.92456   2.74359  -0.93816   0.02261   4.42205  
 93 76.7010 156034.437108  x:  2.27008   0.39829   0.30705   0.39878   0.36538   0.10110   0.67148   0.19259   0.38804   0.43162   0.85956   1.84458   1.30429   0.44957   0.64583   0.59902   0.82705   0.14159   0.38725   0.14693   0.11131   0.46397   0.51720   0.48359   0.62879   0.44492   0.33862   0.12686   0.00433   0.00351   0.13410   0.54943   0.23420   1.37771   0.12698   1.24350   0.12363   0.32107   0.14042   0.15868   0.44435   0.05582   0.06619   0.35162   0.31562   0.22432   0.24583   0.18238   0.12628   0.51930   0.48774   1.03748   0.11652   0.68950   0.10259   0.56457   0.12407   1.32940   0.09454   0.13262   0.36424   0.38719   0.18782   0.30592   0.07260   0.40750   0.55989   1.92533   2.74399  -0.93801   0.02261   4.41751  
 94  3.9910 156034.362679  x:  2.26918   0.39846   0.31290   0.39748   0.36549   0.09932   0.67266   0.19231   0.38801   0.43129   0.85954   1.84338   1.30388   0.44857   0.64550   0.59630   0.82557   0.14141   0.38527   0.14535   0.11092   0.46387   0.51686   0.48665   0.63328   0.44877   0.34001   0.12682   0.00432   0.00352   0.13396   0.54522   0.23146   1.37751   0.12724   1.24284   0.12388   0.31942   0.14066   0.15840   0.44423   0.05574   0.06616   0.35139   0.31551   0.22417   0.24568   0.18225   0.12642   0.51997   0.48627   1.03713   0.11650   0.68894   0.10235   0.56596   0.12365   1.32904   0.09493   0.13257   0.36399   0.38688   0.18755   0.30571   0.07254   0.40737   0.55940   1.92508   2.74358  -0.94110   0.02262   4.36874  
 95  3.3176 156032.804336  x:  2.25057   0.39260   0.29471   0.40012   0.36501   0.10347   0.67746   0.19121   0.38583   0.43066   0.85260   1.81812   1.29747   0.45125   0.64640   0.58704   0.81207   0.13853   0.37855   0.14231   0.10928   0.45188   0.53514   0.47714   0.65421   0.45970   0.34474   0.12602   0.00407   0.00375   0.13271   0.53062   0.23582   1.37174   0.12786   1.23072   0.12641   0.31926   0.14002   0.15840   0.44258   0.05515   0.06551   0.34961   0.31469   0.22299   0.24431   0.18078   0.12474   0.51575   0.49174   1.03079   0.11549   0.68274   0.10141   0.54974   0.12078   1.32316   0.10179   0.12953   0.36353   0.38447   0.18557   0.30336   0.07184   0.40499   0.55909   1.92171   2.71955  -1.00018   0.02288   3.33776  
 96 52.4752 156030.105653  x:  2.22422   0.38551   0.29958   0.39944   0.36314   0.10100   0.67548   0.18952   0.38406   0.42700   0.84333   1.78203   1.28799   0.45419   0.65102   0.59274   0.79851   0.13401   0.38686   0.14126   0.10892   0.45491   0.52161   0.47398   0.64422   0.45259   0.33200   0.12442   0.00372   0.00407   0.13118   0.54184   0.23523   1.36286   0.12737   1.21353   0.12963   0.31286   0.14099   0.15688   0.44029   0.05394   0.06458   0.34674   0.31299   0.22076   0.24199   0.17850   0.12277   0.52112   0.48684   1.02318   0.11445   0.67322   0.09820   0.55152   0.11413   1.31522   0.11186   0.12573   0.36187   0.38015   0.18205   0.29968   0.07098   0.40100   0.55663   1.91531   2.68654  -1.08622   0.02324   1.86400  
 97 767.6618 156030.070705  x:  2.22381   0.38529   0.29895   0.39979   0.36303   0.10124   0.67571   0.18955   0.38388   0.42720   0.84311   1.78147   1.28770   0.45298   0.65098   0.59303   0.79818   0.13441   0.38728   0.14104   0.10811   0.45634   0.52348   0.47833   0.64231   0.45165   0.33174   0.12436   0.00371   0.00408   0.13115   0.54247   0.23170   1.36258   0.12790   1.21321   0.12978   0.31281   0.14092   0.15694   0.44021   0.05395   0.06455   0.34671   0.31298   0.22075   0.24193   0.17844   0.12277   0.52004   0.48785   1.02297   0.11442   0.67302   0.09831   0.54897   0.11426   1.31501   0.11205   0.12559   0.36188   0.38013   0.18205   0.29956   0.07095   0.40094   0.55642   1.91693   2.68584  -1.08754   0.02326   1.84142  
 98 27.4799 156030.017569  x:  2.22369   0.38494   0.29881   0.39876   0.36403   0.10113   0.68387   0.18853   0.38404   0.42690   0.84327   1.78203   1.28735   0.45290   0.65048   0.59211   0.79821   0.13459   0.38865   0.14223   0.10822   0.45630   0.52340   0.47771   0.63734   0.45022   0.33365   0.12431   0.00370   0.00408   0.13108   0.53983   0.23205   1.36245   0.12784   1.21300   0.12962   0.31317   0.14096   0.15686   0.44011   0.05391   0.06453   0.34669   0.31285   0.22071   0.24187   0.17837   0.12264   0.52233   0.48585   1.02318   0.11438   0.67306   0.09829   0.54863   0.11389   1.31465   0.11249   0.12539   0.36185   0.38001   0.18203   0.29944   0.07089   0.40089   0.55630   1.91811   2.68258  -1.09183   0.02326   1.83308  
 99  0.5200 156029.428810  x:  2.22299   0.38611   0.30795   0.40569   0.35690   0.09844   0.68975   0.18692   0.38364   0.42790   0.84704   1.78866   1.28324   0.45239   0.65019   0.59232   0.80507   0.13612   0.39242   0.14388   0.10861   0.45960   0.51854   0.47555   0.62802   0.44639   0.33453   0.12435   0.00356   0.00414   0.13108   0.54128   0.23257   1.36089   0.12726   1.21199   0.12809   0.31443   0.13990   0.15770   0.44019   0.05406   0.06451   0.34705   0.31281   0.22076   0.24194   0.17856   0.12301   0.50781   0.49566   1.02504   0.11406   0.67519   0.09732   0.55439   0.10941   1.31007   0.11698   0.12395   0.36177   0.38034   0.18188   0.29922   0.07091   0.40161   0.55660   1.91380   2.64164  -1.13630   0.02327   1.75203  
100  7.9103 156028.309465  x:  2.22169   0.38944   0.31084   0.39732   0.36391   0.09831   0.67219   0.18849   0.38590   0.42630   0.85450   1.80123   1.27495   0.45044   0.65048   0.59535   0.81943   0.14070   0.39126   0.14394   0.10808   0.46751   0.51420   0.47742   0.62573   0.43961   0.33140   0.12414   0.00328   0.00426   0.13099   0.55547   0.23093   1.35756   0.12669   1.20959   0.12553   0.32053   0.13937   0.15765   0.44065   0.05376   0.06464   0.34812   0.31221   0.22083   0.24208   0.17865   0.12228   0.52092   0.48422   1.02779   0.11337   0.68234   0.09641   0.55378   0.10208   1.30063   0.12572   0.12113   0.36198   0.38028   0.18175   0.29860   0.07079   0.40269   0.55715   1.91912   2.56230  -1.22070   0.02334   1.59668  
101 81.2048 156028.160394  x:  2.22046   0.38993   0.30978   0.39642   0.36439   0.09849   0.67182   0.18844   0.39343   0.41702   0.85467   1.80207   1.27329   0.45040   0.64996   0.59509   0.82000   0.14067   0.39102   0.14372   0.10789   0.46708   0.51459   0.47793   0.62583   0.43973   0.33148   0.12412   0.00325   0.00429   0.13095   0.55517   0.23166   1.35672   0.12646   1.20943   0.12517   0.32055   0.13925   0.15765   0.44055   0.05375   0.06462   0.34807   0.31205   0.22076   0.24203   0.17867   0.12231   0.51961   0.48458   1.02782   0.11334   0.68255   0.09612   0.55459   0.10048   1.29886   0.12836   0.12078   0.36184   0.38022   0.18149   0.29846   0.07081   0.40259   0.55702   1.91856   2.56021  -1.22702   0.02332   1.43609  
102  2.3545 156027.929788  x:  2.21865   0.39011   0.31025   0.39630   0.36414   0.09833   0.67087   0.18842   0.38878   0.42241   0.85461   1.80324   1.27082   0.45002   0.64902   0.59444   0.82060   0.14102   0.39016   0.14390   0.10807   0.46686   0.51408   0.47624   0.62601   0.43952   0.33206   0.12412   0.00320   0.00432   0.13091   0.55467   0.23181   1.35540   0.12635   1.20912   0.12475   0.32131   0.13913   0.15762   0.44045   0.05371   0.06462   0.34811   0.31188   0.22076   0.24203   0.17868   0.12219   0.52027   0.48370   1.02769   0.11326   0.68286   0.09592   0.55391   0.09836   1.29620   0.13216   0.12023   0.36178   0.38014   0.18115   0.29833   0.07086   0.40247   0.55706   1.91904   2.55691  -1.23544   0.02332   1.20628  
103 152.6717 156027.347391  x:  2.22267   0.38892   0.30931   0.39634   0.36401   0.09901   0.67041   0.18932   0.38598   0.42775   0.86304   1.82181   1.26988   0.45149   0.63702   0.59349   0.82653   0.14315   0.38682   0.14422   0.10863   0.46648   0.51865   0.47506   0.62920   0.44135   0.33756   0.12521   0.00336   0.00430   0.13183   0.54949   0.23106   1.35388   0.12658   1.21867   0.12298   0.32321   0.13848   0.15812   0.44146   0.05430   0.06524   0.34909   0.31247   0.22187   0.24321   0.18005   0.12322   0.51744   0.48461   1.03175   0.11351   0.68461   0.09719   0.55350   0.09554   1.29395   0.13804   0.12100   0.36187   0.38214   0.18260   0.29985   0.07174   0.40334   0.55740   1.92468   2.60246  -1.18582   0.02310   1.26374  
104  0.1084 156027.310934  x:  2.22613   0.39032   0.30954   0.39643   0.36435   0.09897   0.67049   0.18950   0.38704   0.42721   0.86205   1.82365   1.27179   0.45106   0.63739   0.59407   0.82633   0.14322   0.38710   0.14462   0.10871   0.46635   0.51827   0.47596   0.62781   0.44118   0.33728   0.12538   0.00347   0.00433   0.13207   0.54956   0.23155   1.35545   0.12677   1.21941   0.12281   0.32336   0.13847   0.15841   0.44173   0.05446   0.06536   0.34914   0.31281   0.22206   0.24335   0.18021   0.12352   0.51736   0.48446   1.03231   0.11368   0.68420   0.09750   0.55391   0.09557   1.29247   0.14209   0.12133   0.36191   0.38210   0.18298   0.30028   0.07179   0.40331   0.55762   1.92562   2.61935  -1.16387   0.02312   1.21060  
105  0.0538 156027.305490  x:  2.22737   0.38985   0.30975   0.39658   0.36431   0.09896   0.67069   0.18951   0.38676   0.42746   0.86225   1.82356   1.27245   0.45159   0.63724   0.59432   0.82641   0.14314   0.38744   0.14458   0.10875   0.46651   0.51808   0.47571   0.62807   0.44131   0.33718   0.12526   0.00342   0.00435   0.13195   0.54975   0.23140   1.35508   0.12686   1.21948   0.12316   0.32334   0.13856   0.15839   0.44170   0.05443   0.06526   0.34914   0.31282   0.22205   0.24330   0.18009   0.12350   0.51759   0.48464   1.03270   0.11366   0.68388   0.09747   0.55375   0.09561   1.29319   0.14325   0.12131   0.36200   0.38204   0.18279   0.30024   0.07174   0.40325   0.55768   1.92566   2.63117  -1.14940   0.02312   1.22520  
106  0.0184 156027.304510  x:  2.22717   0.38973   0.30963   0.39663   0.36431   0.09900   0.67085   0.18950   0.38687   0.42735   0.86245   1.82301   1.27267   0.45181   0.63723   0.59439   0.82640   0.14307   0.38745   0.14448   0.10870   0.46657   0.51829   0.47575   0.62844   0.44141   0.33721   0.12534   0.00341   0.00436   0.13200   0.54978   0.23127   1.35535   0.12680   1.21960   0.12321   0.32330   0.13860   0.15839   0.44170   0.05445   0.06531   0.34919   0.31281   0.22207   0.24333   0.18013   0.12346   0.51766   0.48474   1.03268   0.11367   0.68397   0.09735   0.55377   0.09532   1.29378   0.14362   0.12119   0.36207   0.38210   0.18267   0.30018   0.07178   0.40332   0.55777   1.92553   2.62810  -1.15093   0.02312   1.21253  
107  0.0072 156027.304086  x:  2.22741   0.38982   0.30963   0.39668   0.36433   0.09901   0.67091   0.18952   0.38684   0.42749   0.86235   1.82304   1.27295   0.45180   0.63742   0.59446   0.82634   0.14305   0.38749   0.14450   0.10871   0.46655   0.51829   0.47588   0.62843   0.44144   0.33716   0.12533   0.00341   0.00437   0.13200   0.54985   0.23137   1.35571   0.12681   1.21977   0.12322   0.32326   0.13863   0.15840   0.44177   0.05444   0.06530   0.34920   0.31284   0.22207   0.24335   0.18015   0.12348   0.51773   0.48475   1.03270   0.11369   0.68398   0.09737   0.55388   0.09542   1.29393   0.14338   0.12125   0.36209   0.38212   0.18273   0.30024   0.07179   0.40334   0.55779   1.92554   2.62132  -1.15597   0.02312   1.21040  
108  0.0048 156027.304053  x:  2.22756   0.38977   0.30967   0.39668   0.36434   0.09901   0.67091   0.18952   0.38686   0.42748   0.86247   1.82324   1.27299   0.45182   0.63739   0.59444   0.82643   0.14306   0.38750   0.14451   0.10872   0.46658   0.51828   0.47586   0.62841   0.44144   0.33717   0.12533   0.00341   0.00437   0.13200   0.54987   0.23135   1.35569   0.12682   1.21976   0.12322   0.32328   0.13862   0.15840   0.44176   0.05444   0.06529   0.34921   0.31285   0.22208   0.24335   0.18015   0.12349   0.51773   0.48477   1.03276   0.11368   0.68398   0.09739   0.55387   0.09542   1.29385   0.14337   0.12127   0.36211   0.38212   0.18273   0.30025   0.07178   0.40335   0.55780   1.92558   2.62020  -1.15685   0.02312   1.20847  
109  0.0022 156027.304050  x:  2.22762   0.38979   0.30968   0.39668   0.36434   0.09901   0.67092   0.18952   0.38686   0.42748   0.86248   1.82326   1.27304   0.45182   0.63740   0.59444   0.82645   0.14307   0.38749   0.14452   0.10872   0.46659   0.51828   0.47586   0.62842   0.44144   0.33718   0.12533   0.00341   0.00437   0.13200   0.54987   0.23134   1.35571   0.12682   1.21976   0.12322   0.32330   0.13862   0.15841   0.44176   0.05445   0.06530   0.34922   0.31285   0.22209   0.24336   0.18015   0.12350   0.51773   0.48477   1.03277   0.11368   0.68400   0.09739   0.55387   0.09543   1.29388   0.14336   0.12127   0.36211   0.38213   0.18273   0.30025   0.07178   0.40336   0.55781   1.92558   2.62026  -1.15670   0.02312   1.20869  
110  0.0002 156027.304049  x:  2.22763   0.38979   0.30968   0.39668   0.36434   0.09901   0.67092   0.18952   0.38686   0.42748   0.86248   1.82325   1.27305   0.45182   0.63739   0.59445   0.82646   0.14307   0.38750   0.14451   0.10872   0.46659   0.51828   0.47586   0.62842   0.44144   0.33718   0.12533   0.00341   0.00436   0.13200   0.54987   0.23135   1.35571   0.12682   1.21977   0.12322   0.32329   0.13862   0.15841   0.44177   0.05444   0.06530   0.34922   0.31285   0.22209   0.24336   0.18015   0.12349   0.51773   0.48477   1.03277   0.11368   0.68399   0.09739   0.55388   0.09543   1.29388   0.14336   0.12127   0.36211   0.38213   0.18273   0.30025   0.07178   0.40335   0.55781   1.92558   2.62034  -1.15659   0.02312   1.20865  
111  0.0001 156027.304049  x:  2.22762   0.38979   0.30968   0.39668   0.36434   0.09901   0.67092   0.18952   0.38686   0.42748   0.86248   1.82325   1.27304   0.45182   0.63740   0.59445   0.82645   0.14307   0.38750   0.14452   0.10872   0.46659   0.51828   0.47586   0.62842   0.44144   0.33718   0.12533   0.00341   0.00436   0.13200   0.54987   0.23135   1.35571   0.12682   1.21977   0.12322   0.32329   0.13862   0.15841   0.44177   0.05445   0.06530   0.34922   0.31285   0.22209   0.24336   0.18015   0.12350   0.51773   0.48477   1.03277   0.11368   0.68399   0.09739   0.55388   0.09543   1.29388   0.14337   0.12127   0.36211   0.38213   0.18273   0.30025   0.07178   0.40335   0.55781   1.92558   2.62031  -1.15662   0.02312   1.20864  
112  0.0000 156027.304049  x:  2.22761   0.38979   0.30968   0.39668   0.36434   0.09901   0.67092   0.18952   0.38686   0.42748   0.86248   1.82325   1.27304   0.45182   0.63739   0.59445   0.82645   0.14306   0.38750   0.14451   0.10872   0.46659   0.51828   0.47586   0.62842   0.44144   0.33718   0.12533   0.00341   0.00436   0.13200   0.54987   0.23135   1.35571   0.12682   1.21977   0.12322   0.32329   0.13862   0.15841   0.44177   0.05445   0.06530   0.34922   0.31285   0.22209   0.24336   0.18015   0.12350   0.51773   0.48477   1.03277   0.11368   0.68399   0.09739   0.55388   0.09543   1.29388   0.14337   0.12127   0.36211   0.38213   0.18273   0.30025   0.07178   0.40335   0.55781   1.92558   2.62028  -1.15665   0.02312   1.20861  
113  0.0001 156027.304049  x:  2.22761   0.38979   0.30968   0.39668   0.36434   0.09901   0.67092   0.18952   0.38686   0.42748   0.86248   1.82325   1.27304   0.45182   0.63739   0.59445   0.82645   0.14307   0.38750   0.14451   0.10872   0.46659   0.51828   0.47586   0.62842   0.44144   0.33718   0.12533   0.00341   0.00436   0.13200   0.54987   0.23135   1.35571   0.12682   1.21977   0.12322   0.32329   0.13862   0.15841   0.44177   0.05445   0.06530   0.34922   0.31285   0.22209   0.24336   0.18015   0.12350   0.51773   0.48477   1.03277   0.11368   0.68399   0.09739   0.55388   0.09543   1.29388   0.14337   0.12127   0.36211   0.38213   0.18273   0.30025   0.07178   0.40335   0.55781   1.92558   2.62026  -1.15668   0.02312   1.20858  
114  0.0000 156027.304049  x:  2.22761   0.38979   0.30968   0.39668   0.36434   0.09901   0.67092   0.18952   0.38686   0.42748   0.86248   1.82325   1.27304   0.45182   0.63739   0.59445   0.82645   0.14307   0.38750   0.14451   0.10872   0.46659   0.51828   0.47586   0.62842   0.44144   0.33718   0.12533   0.00341   0.00436   0.13200   0.54987   0.23135   1.35571   0.12682   1.21977   0.12322   0.32329   0.13862   0.15841   0.44177   0.05445   0.06530   0.34922   0.31285   0.22209   0.24336   0.18015   0.12350   0.51773   0.48477   1.03277   0.11368   0.68399   0.09739   0.55388   0.09543   1.29388   0.14337   0.12127   0.36211   0.38213   0.18273   0.30025   0.07178   0.40335   0.55781   1.92558   2.62027  -1.15667   0.02312   1.20859  