

TREE # 1

  0  0.0000 174674.741463  x:  1.93008   0.38762   0.31616   0.40622   0.36157   0.10063   0.76570   0.18691   0.50595   0.41567   0.82710   1.65034   1.15308   0.44253   0.60335   0.59829   0.79141   0.14567   0.39396   0.13702   0.12211   0.45131   0.53418   0.46895   0.61484   0.44119   0.34474   0.13164   0.00343   0.00448   0.13101   0.52479   0.22332   1.26404   0.13132   1.18031   0.13010   0.34248   0.14101   0.16779   0.44159   0.05445   0.06636   0.35148   0.30752   0.22266   0.24627   0.18051   0.11955   0.50518   0.53216   1.01344   0.12459   0.66048   0.09885   0.53839   0.08353   1.24556   0.25896   0.11185   0.36294   0.37832   0.17904   0.29025   0.07521   0.39852   0.54566   2.00000   1.28922   0.13811   0.23669   3.33487  
  1 99.0000 158499.958826  x:  1.92872   0.38597   0.31488   0.40526   0.36083   0.09928   0.76428   0.18572   0.50462   0.41477   0.82575   1.64904   1.15156   0.44099   0.60194   0.59703   0.79011   0.14404   0.39254   0.13606   0.12099   0.45030   0.53313   0.46794   0.61386   0.43978   0.34377   0.13195   0.00565   0.00564   0.13124   0.52392   0.22117   1.26281   0.12960   1.17914   0.12858   0.34133   0.14013   0.16746   0.44136   0.05485   0.06704   0.35161   0.30775   0.22283   0.24667   0.18115   0.11951   0.50490   0.53147   1.01254   0.12347   0.65982   0.09815   0.53786   0.08288   1.24456   0.25817   0.11203   0.36252   0.37802   0.17893   0.29067   0.07580   0.39886   0.54586   2.00408   1.28515   0.14232   0.03468   3.33486  
  2 82854.2964 158205.458088  x:  1.92997   0.38751   0.31821   0.41037   0.36723   0.10257   0.76607   0.18965   0.50644   0.42006   0.82822   1.65072   1.15261   0.44118   0.60389   0.60030   0.79297   0.14543   0.39446   0.14088   0.12501   0.45513   0.53780   0.47227   0.61864   0.44188   0.34820   0.14423   0.00729   0.00843   0.14322   0.52944   0.21224   1.26515   0.13029   1.18192   0.13098   0.34394   0.14460   0.17446   0.44975   0.06658   0.08020   0.36247   0.31917   0.23415   0.25912   0.19521   0.12922   0.51327   0.53675   1.01697   0.12674   0.66541   0.10406   0.54420   0.08937   1.24816   0.26262   0.12203   0.37022   0.38629   0.18835   0.30278   0.08947   0.41046   0.55655   2.00455   1.34595   0.08266   0.02541   3.33472  
  3 5184.0677 158129.512128  x:  1.92379   0.37965   0.31296   0.40763   0.36634   0.09664   0.75933   0.18497   0.49983   0.41777   0.82250   1.64509   1.14542   0.43300   0.59754   0.59540   0.78771   0.13754   0.38789   0.13797   0.12067   0.45216   0.53445   0.46893   0.61588   0.43549   0.34519   0.14855   0.00661   0.00000   0.14703   0.52767   0.19517   1.26014   0.12134   1.17739   0.12398   0.33881   0.14152   0.17483   0.45217   0.07087   0.08646   0.36766   0.32499   0.23898   0.26575   0.20319   0.13269   0.51581   0.53550   1.01466   0.12185   0.66485   0.10229   0.54434   0.08823   1.24491   0.26004   0.12656   0.37140   0.38836   0.19103   0.30991   0.09655   0.41739   0.56265   2.02585   1.35698   0.07291   0.02568   3.33461  
  4 2273.5870 157765.798069  x:  1.87699   0.32014   0.27308   0.38656   0.35912   0.05168   0.70829   0.14936   0.44972   0.40003   0.77904   1.60241   1.09092   0.37117   0.54934   0.55814   0.74773   0.07778   0.33807   0.11571   0.08760   0.42940   0.50884   0.44337   0.59465   0.38704   0.32210   0.18036   0.00743   0.00308   0.17491   0.51390   0.06668   1.22209   0.05363   1.14296   0.07091   0.29985   0.11797   0.17705   0.46990   0.10231   0.13273   0.40611   0.36813   0.27455   0.31497   0.26238   0.15820   0.53445   0.52564   0.99684   0.08466   0.66020   0.08851   0.54500   0.07920   1.22008   0.24021   0.16010   0.37977   0.40349   0.21056   0.36295   0.14901   0.46898   0.60796   2.18688   1.43628   0.00320   0.02869   3.33382  
  5 63094.4938 157585.609205  x:  1.80575   0.24978   0.25652   0.36998   0.36190   0.09148   0.64317   0.15383   0.39014   0.39477   0.72778   1.53990   1.01049   0.31831   0.49645   0.51617   0.69739   0.06371   0.29007   0.12519   0.09348   0.41593   0.48695   0.42894   0.57961   0.33970   0.30082   0.11798   0.00000   0.00373   0.11263   0.50659   0.07925   1.17644   0.08375   1.10149   0.10072   0.26932   0.10666   0.15031   0.47240   0.04451   0.06743   0.40947   0.36803   0.24694   0.29286   0.22633   0.16454   0.55062   0.50846   0.97606   0.11242   0.66297   0.10648   0.55007   0.08247   1.18644   0.21462   0.14908   0.37526   0.40753   0.19120   0.36561   0.10810   0.49096   0.63693   2.34671   1.54948  -0.10767   0.02831   3.33497  
  6 1277.4213 157571.911282  x:  1.79601   0.24019   0.25427   0.36771   0.36227   0.09690   0.63428   0.15445   0.38201   0.39406   0.72079   1.53135   0.99950   0.31111   0.48924   0.51045   0.69052   0.06186   0.28353   0.12649   0.09429   0.41409   0.48396   0.42697   0.57755   0.33326   0.29792   0.10958   0.00284   0.00346   0.10424   0.50559   0.08101   1.17020   0.08786   1.09582   0.10478   0.26516   0.10513   0.14666   0.47272   0.03667   0.05854   0.40989   0.36798   0.24315   0.28980   0.22138   0.16537   0.55280   0.50609   0.97322   0.11619   0.66334   0.10891   0.55074   0.08291   1.18184   0.21112   0.14755   0.37463   0.40805   0.18854   0.36593   0.10247   0.49391   0.64085   2.36849   1.56488  -0.12276   0.02830   3.33513  
  7 158328.3759 157512.310545  x:  1.75143   0.21092   0.25052   0.35878   0.36120   0.11073   0.59960   0.16254   0.35698   0.39364   0.69706   1.49299   0.95075   0.29198   0.46648   0.49193   0.66461   0.08800   0.27050   0.13353   0.10035   0.40871   0.47311   0.42153   0.57006   0.31914   0.29185   0.14861   0.00309   0.00339   0.14768   0.50270   0.10109   1.14273   0.10273   1.07056   0.11491   0.25473   0.11163   0.14035   0.46995   0.05141   0.04695   0.39797   0.35453   0.22906   0.26330   0.18995   0.15759   0.55165   0.49076   0.96073   0.11832   0.66048   0.10403   0.54636   0.08114   1.16071   0.19904   0.13014   0.36445   0.40004   0.17017   0.34726   0.06132   0.48456   0.63809   2.43107   1.61092  -0.16901   0.02853   3.33617  
  8 1410.3861 157478.253063  x:  1.70053   0.20468   0.25472   0.35295   0.35798   0.10858   0.57184   0.17386   0.35013   0.39784   0.68524   1.45087   0.89821   0.28477   0.45499   0.48466   0.64605   0.12441   0.27819   0.13867   0.10466   0.40748   0.46639   0.41979   0.56434   0.32423   0.29282   0.12690   0.00319   0.00339   0.12764   0.50176   0.09736   1.11329   0.10462   1.04374   0.11101   0.25479   0.12681   0.14544   0.45887   0.08130   0.08990   0.37596   0.33270   0.23090   0.24712   0.18419   0.14118   0.53853   0.47199   0.94763   0.10459   0.65313   0.08743   0.53511   0.08223   1.13819   0.20028   0.11871   0.35227   0.38485   0.16527   0.32005   0.04903   0.45698   0.61619   2.45032   1.64681  -0.20543   0.02858   3.33743  
  9 755.6901 157443.915552  x:  1.62259   0.21525   0.26270   0.34725   0.35120   0.09475   0.54207   0.18282   0.35224   0.40206   0.67871   1.38853   0.82237   0.28303   0.44638   0.48364   0.62798   0.14844   0.29455   0.13749   0.10263   0.40666   0.45953   0.41706   0.55515   0.33828   0.29657   0.12915   0.00302   0.00331   0.12971   0.49930   0.08719   1.07098   0.10124   1.00601   0.10242   0.25999   0.13324   0.14150   0.43188   0.05341   0.07789   0.33883   0.29503   0.22017   0.24617   0.19607   0.12164   0.51417   0.44946   0.92675   0.09249   0.64073   0.07996   0.51702   0.08646   1.10542   0.21174   0.12180   0.34087   0.36557   0.17903   0.29606   0.09101   0.41810   0.57846   2.44084   1.68721  -0.24737   0.02854   3.33957  
 10 775.0079 157414.167228  x:  1.50960   0.24286   0.26531   0.34265   0.33921   0.07776   0.52499   0.17228   0.35702   0.39272   0.67900   1.30362   0.72588   0.29060   0.44283   0.49095   0.61709   0.11360   0.30120   0.12082   0.08849   0.40199   0.45254   0.40894   0.53914   0.34551   0.29270   0.12816   0.00304   0.00332   0.12769   0.48716   0.10515   1.01707   0.09858   0.96031   0.10439   0.26580   0.11855   0.15676   0.41572   0.06533   0.06863   0.34310   0.30954   0.22727   0.25508   0.19351   0.14610   0.49154   0.44160   0.89694   0.11263   0.62249   0.10725   0.49465   0.07439   1.06092   0.21276   0.12769   0.33587   0.35449   0.18131   0.28779   0.08494   0.38261   0.53250   2.37739   1.71734  -0.28193   0.02873   3.34340  
 11 519.2764 157396.249864  x:  1.41899   0.25542   0.26464   0.34428   0.33550   0.09161   0.53011   0.16877   0.35784   0.38297   0.67850   1.24182   0.66416   0.29830   0.44491   0.49687   0.61469   0.09224   0.29978   0.12452   0.10037   0.40045   0.45271   0.40827   0.53403   0.34380   0.28839   0.12898   0.00300   0.00320   0.12918   0.47800   0.08467   0.98200   0.09808   0.93225   0.10684   0.26238   0.10869   0.14342   0.41313   0.05727   0.07086   0.35612   0.32100   0.22437   0.24148   0.17480   0.14334   0.48319   0.44394   0.87748   0.09884   0.60689   0.08692   0.48457   0.07534   1.03228   0.20777   0.11979   0.33658   0.35653   0.17116   0.30112   0.07740   0.39562   0.52746   2.30277   1.73280  -0.30052   0.02868   3.34661  
 12 523.0171 157386.588780  x:  1.34977   0.24638   0.25337   0.34379   0.33484   0.09156   0.53760   0.16523   0.35202   0.37657   0.67116   1.20071   0.63407   0.30388   0.44586   0.49464   0.61237   0.09996   0.29111   0.12702   0.09791   0.39520   0.45002   0.40472   0.53251   0.33468   0.28482   0.12735   0.00300   0.00328   0.12793   0.47275   0.09878   0.96230   0.10223   0.91774   0.10956   0.25719   0.11816   0.13739   0.42143   0.06584   0.06725   0.35392   0.31326   0.22237   0.24775   0.19551   0.13545   0.48677   0.44791   0.86817   0.09511   0.60091   0.08396   0.48823   0.08705   1.01668   0.20440   0.11774   0.33761   0.36236   0.16707   0.31052   0.07686   0.41969   0.54437   2.24721   1.73327  -0.30509   0.02886   3.34973  
 13 399.9823 157382.475616  x:  1.31020   0.23434   0.24770   0.34356   0.33726   0.08693   0.54206   0.16630   0.35068   0.37912   0.66580   1.18296   0.63173   0.30189   0.44458   0.49031   0.61146   0.11003   0.28573   0.12624   0.09263   0.39284   0.44917   0.40264   0.53406   0.32874   0.28593   0.12835   0.00300   0.00323   0.12819   0.47446   0.08663   0.95689   0.10096   0.91571   0.10928   0.25576   0.12417   0.14385   0.42585   0.05882   0.07209   0.34919   0.30839   0.22083   0.24586   0.18976   0.13648   0.49454   0.45070   0.86764   0.10367   0.60376   0.09598   0.49560   0.08410   1.01344   0.20329   0.12281   0.33834   0.36508   0.17097   0.30613   0.07294   0.42343   0.55582   2.21841   1.73200  -0.30627   0.02887   3.35187  
 14 242.3256 157379.395848  x:  1.26973   0.22224   0.24953   0.34264   0.34084   0.08742   0.54314   0.16822   0.35124   0.38567   0.66234   1.17150   0.64583   0.29555   0.43939   0.48353   0.61078   0.10934   0.28180   0.12470   0.09379   0.39333   0.45038   0.40253   0.53748   0.32381   0.28778   0.12798   0.00298   0.00324   0.12800   0.48004   0.09471   0.95790   0.09878   0.91988   0.10471   0.25241   0.11739   0.14693   0.42745   0.05667   0.07243   0.34892   0.31177   0.22455   0.24957   0.18588   0.13724   0.50281   0.44973   0.87095   0.09864   0.60902   0.08859   0.50162   0.07150   1.01665   0.20254   0.12405   0.33702   0.36313   0.17570   0.29934   0.07816   0.41477   0.56290   2.20118   1.73116  -0.30962   0.02889   3.35505  
 15 143.7163 157376.659459  x:  1.22528   0.21744   0.25415   0.34046   0.34158   0.09002   0.54052   0.16651   0.35029   0.38823   0.66310   1.16312   0.66923   0.28748   0.43387   0.47812   0.61077   0.10375   0.28177   0.12353   0.09571   0.39454   0.45115   0.40331   0.54075   0.32227   0.28677   0.12774   0.00299   0.00321   0.12824   0.48438   0.08788   0.96268   0.09849   0.92815   0.10576   0.25337   0.11448   0.14271   0.42596   0.06343   0.06648   0.35067   0.31538   0.22521   0.25009   0.19057   0.13442   0.50532   0.44562   0.87639   0.09965   0.61562   0.08884   0.50643   0.08246   1.02414   0.20762   0.11873   0.33431   0.35924   0.17472   0.29673   0.07728   0.40355   0.56223   2.19216   1.72905  -0.31277   0.02889   3.35934  
 16 156.2903 157373.363791  x:  1.17027   0.22389   0.25492   0.33829   0.33824   0.08716   0.53420   0.16185   0.34732   0.38325   0.66941   1.15656   0.70221   0.28458   0.43194   0.47734   0.61200   0.10410   0.28669   0.12274   0.09160   0.39440   0.44941   0.40374   0.54213   0.32612   0.28169   0.12911   0.00300   0.00324   0.12894   0.48454   0.09362   0.97130   0.10085   0.93943   0.10833   0.25810   0.12146   0.13943   0.42054   0.05793   0.07600   0.35460   0.31620   0.22118   0.24266   0.19018   0.13650   0.50072   0.44240   0.88335   0.10083   0.61875   0.08910   0.50221   0.08409   1.03390   0.20534   0.12065   0.33740   0.36082   0.17172   0.30849   0.08067   0.40552   0.55659   2.19581   1.72536  -0.31813   0.02893   3.36652  
 17 141.5744 157370.697736  x:  1.13303   0.23330   0.25333   0.34053   0.33686   0.08745   0.53281   0.16571   0.34911   0.38006   0.67593   1.15446   0.72474   0.28727   0.43530   0.48170   0.61435   0.10871   0.29056   0.12425   0.09306   0.39491   0.44897   0.40490   0.54152   0.33070   0.28005   0.12752   0.00298   0.00322   0.12743   0.48265   0.08862   0.97811   0.09906   0.94632   0.10500   0.25768   0.12162   0.14388   0.42161   0.06172   0.06681   0.35154   0.30987   0.21984   0.24706   0.19126   0.14030   0.49602   0.44405   0.88657   0.09755   0.61671   0.08872   0.49524   0.07587   1.04000   0.20023   0.12357   0.34044   0.36406   0.16843   0.31118   0.07331   0.41384   0.55159   2.20355   1.72273  -0.32391   0.02888   3.37341  
 18 163.4539 157367.143527  x:  1.10176   0.24103   0.24844   0.34672   0.33810   0.09076   0.53727   0.17532   0.35557   0.38075   0.68104   1.15616   0.73990   0.29634   0.44406   0.49068   0.61734   0.10811   0.28851   0.12549   0.09817   0.39555   0.44959   0.40528   0.53679   0.33277   0.28475   0.12805   0.00300   0.00324   0.12942   0.47856   0.09203   0.98447   0.09743   0.94945   0.10110   0.25085   0.10903   0.14446   0.42676   0.05895   0.07322   0.34823   0.30860   0.22712   0.25292   0.18581   0.13515   0.49086   0.45011   0.88409   0.10117   0.60960   0.09662   0.49103   0.08428   1.04332   0.20481   0.12248   0.33773   0.36453   0.17185   0.30157   0.07444   0.42694   0.54970   2.21901   1.71453  -0.32997   0.02894   3.38488  
 19 102.4363 157357.091408  x:  1.06770   0.24215   0.24307   0.35541   0.34423   0.08686   0.55526   0.17093   0.36500   0.38923   0.68619   1.17238   0.74724   0.31717   0.46780   0.51067   0.62427   0.09698   0.28036   0.12729   0.09218   0.39898   0.45482   0.40596   0.52804   0.33305   0.30614   0.12997   0.00304   0.00325   0.12754   0.47381   0.08675   0.99781   0.10291   0.95024   0.11350   0.25817   0.13223   0.15160   0.43727   0.06387   0.06562   0.35001   0.32183   0.22575   0.24068   0.18690   0.13461   0.49478   0.46828   0.87642   0.11026   0.59224   0.07963   0.49205   0.08273   1.04262   0.21237   0.11507   0.32973   0.36157   0.18339   0.28253   0.08607   0.42747   0.55570   2.24417   1.69088  -0.35163   0.02899   3.42157  
 20 93.2361 157325.389142  x:  1.03180   0.23272   0.26061   0.35422   0.35034   0.09520   0.59660   0.14635   0.36358   0.40162   0.69670   1.22976   0.73715   0.35022   0.51389   0.54067   0.63563   0.09820   0.28533   0.14407   0.09821   0.41197   0.47301   0.41779   0.52862   0.33895   0.33487   0.12951   0.00303   0.00325   0.13474   0.46872   0.08299   1.02929   0.09709   0.94557   0.11114   0.27370   0.14514   0.13016   0.43591   0.04440   0.07620   0.36376   0.33427   0.21908   0.24904   0.21675   0.12152   0.51194   0.48714   0.85727   0.08774   0.57882   0.10137   0.51713   0.06654   1.03662   0.21928   0.12380   0.33926   0.36769   0.18930   0.28965   0.05582   0.38573   0.57160   2.27005   1.61870  -0.42407   0.02898   3.53819  
 21 217.7791 157248.796211  x:  0.99681   0.21448   0.30733   0.33809   0.35317   0.11392   0.66785   0.13642   0.34874   0.41691   0.72367   1.37548   0.69770   0.38907   0.58624   0.57484   0.65194   0.11028   0.31693   0.15875   0.10519   0.43283   0.50180   0.44060   0.54789   0.35655   0.35382   0.12125   0.00326   0.00331   0.13328   0.46504   0.07722   1.09990   0.08472   0.93851   0.09353   0.29539   0.12541   0.13552   0.43040   0.10100   0.06283   0.36735   0.31134   0.20663   0.24112   0.17090   0.13104   0.54927   0.49229   0.82801   0.08384   0.59186   0.13800   0.57467   0.06947   1.02871   0.22345   0.13168   0.36942   0.37845   0.17675   0.36646   0.11189   0.34258   0.60915   2.27830   1.42574  -0.61439   0.02914   3.84701  
 22 764.3613 157043.122774  x:  1.01410   0.21554   0.36007   0.33530   0.36565   0.09017   0.74860   0.20449   0.35081   0.43743   0.79626   1.70398   0.62026   0.39627   0.66239   0.58428   0.67615   0.09460   0.38486   0.12201   0.07804   0.45209   0.52325   0.46528   0.60391   0.39360   0.32622   0.15254   0.00338   0.00329   0.13144   0.49014   0.03952   1.24875   0.10702   0.95905   0.11403   0.32550   0.08993   0.19293   0.40057   0.05385   0.08942   0.36859   0.28252   0.26622   0.29893   0.20306   0.16989   0.58812   0.44781   0.83111   0.16218   0.67814   0.04914   0.63951   0.08579   1.04208   0.20972   0.09139   0.39441   0.37458   0.10380   0.40175   0.09352   0.36671   0.64642   2.18443   0.97801  -1.11167   0.02884   4.60943  
 23 1378.0365 156768.835308  x:  1.11316   0.25880   0.36258   0.37577   0.38680   0.02459   0.77366   0.24136   0.38687   0.44145   0.89221   2.10178   0.55789   0.33866   0.68552   0.55748   0.70550   0.04674   0.44220   0.08540   0.10448   0.46600   0.52589   0.48584   0.67521   0.42454   0.27439   0.14675   0.00337   0.00308   0.13718   0.54941   0.04972   1.40616   0.05224   1.01335   0.08874   0.32892   0.14625   0.21115   0.41876   0.05542   0.05346   0.38238   0.32786   0.27435   0.25645   0.18363   0.14891   0.58530   0.39351   0.90352   0.11116   0.79159   0.02470   0.65592   0.13917   1.09318   0.25161   0.18375   0.40836   0.39852   0.22485   0.35796   0.02062   0.47833   0.64636   1.98484   0.38763  -1.81009   0.02806   5.65609  
 24 2902.9332 156633.671099  x:  1.19460   0.29245   0.33942   0.40330   0.38999   0.09068   0.75186   0.23173   0.41311   0.43332   0.93333   2.27116   0.55588   0.30513   0.66521   0.53506   0.72327   0.05831   0.44574   0.08802   0.11080   0.46551   0.51414   0.48586   0.70073   0.42881   0.26455   0.14479   0.00360   0.00309   0.14822   0.58633   0.02172   1.46052   0.06672   1.05480   0.10575   0.32035   0.17464   0.20143   0.44936   0.06776   0.05726   0.40029   0.37693   0.26611   0.24934   0.21084   0.13973   0.57141   0.40660   0.95997   0.06962   0.82817   0.09836   0.62311   0.08904   1.12694   0.24189   0.16355   0.38607   0.39403   0.23671   0.30865   0.06840   0.53033   0.62706   1.86101   0.07965  -2.16575   0.02792   6.19817  
 25 3418.4578 156564.600918  x:  1.25432   0.31168   0.30704   0.41341   0.38405   0.07776   0.73365   0.18687   0.43533   0.42914   0.94302   2.30494   0.58796   0.28452   0.63988   0.53915   0.74456   0.08024   0.43215   0.11557   0.11253   0.46735   0.51408   0.48338   0.70297   0.42622   0.29599   0.14449   0.00352   0.00298   0.14187   0.60329   0.02885   1.45017   0.01115   1.08068   0.07850   0.32114   0.16881   0.19143   0.47568   0.05837   0.05743   0.40157   0.37491   0.24490   0.25645   0.20291   0.14438   0.57278   0.46697   0.99214   0.08545   0.81886   0.09822   0.59902   0.09551   1.15295   0.24742   0.12419   0.37552   0.39835   0.20579   0.31212   0.07370   0.52075   0.61978   1.80120  -0.02266  -2.31893   0.02752   6.42072  
 26 1323.5546 156521.888437  x:  1.30931   0.32569   0.27799   0.41827   0.37663   0.04801   0.71864   0.14541   0.45470   0.42644   0.94509   2.31113   0.62657   0.27184   0.61413   0.54704   0.76538   0.09130   0.41519   0.13414   0.11469   0.46870   0.51610   0.47959   0.69899   0.42121   0.32589   0.14324   0.00351   0.00293   0.13974   0.61237   0.02129   1.42747   0.05501   1.10315   0.04913   0.31704   0.14699   0.18294   0.49715   0.05843   0.06131   0.39646   0.36159   0.23243   0.27039   0.18932   0.14335   0.57403   0.51975   1.01741   0.08961   0.79998   0.08815   0.57925   0.10476   1.17640   0.25907   0.11755   0.37616   0.41002   0.19540   0.32833   0.07066   0.49841   0.61572   1.75728  -0.09585  -2.42792   0.02726   6.58674  
 27 2040.4183 156479.302048  x:  1.38653   0.33900   0.27294   0.41653   0.36970   0.08248   0.71661   0.15359   0.47393   0.43023   0.93299   2.25846   0.69832   0.26818   0.57828   0.56754   0.79716   0.07938   0.38682   0.12554   0.10083   0.46714   0.52251   0.47022   0.67976   0.41012   0.35116   0.14764   0.00362   0.00296   0.14204   0.60231   0.01706   1.36004   0.04888   1.13514   0.09976   0.32276   0.13019   0.19680   0.50531   0.06323   0.07507   0.37556   0.31936   0.24174   0.27277   0.19016   0.13288   0.57404   0.56143   1.04523   0.09042   0.75251   0.06784   0.56670   0.11719   1.20671   0.27265   0.15945   0.39876   0.43300   0.20086   0.36631   0.05933   0.45439   0.62498   1.72564  -0.15521  -2.50640   0.02729   6.73982  
 28 699.5079 156438.858544  x:  1.47853   0.35178   0.29712   0.41612   0.37883   0.08069   0.74900   0.20176   0.48562   0.43943   0.91368   2.14493   0.78959   0.27583   0.55548   0.60084   0.83708   0.06352   0.37939   0.10748   0.10752   0.47276   0.54323   0.47459   0.66428   0.40917   0.35138   0.15626   0.00360   0.00295   0.13616   0.57502   0.02341   1.25935   0.05733   1.17005   0.05791   0.34783   0.15574   0.23709   0.48667   0.05171   0.06707   0.38217   0.32182   0.26187   0.24521   0.20174   0.12282   0.57850   0.55755   1.07197   0.07146   0.70060   0.09011   0.58619   0.12875   1.24072   0.27144   0.15195   0.41275   0.43148   0.17206   0.38592   0.05776   0.43925   0.65721   1.71498  -0.17756  -2.54550   0.02726   6.86445  
 29 534.7300 156406.073507  x:  1.56417   0.36049   0.32430   0.41425   0.38978   0.04458   0.78438   0.21296   0.47771   0.43920   0.89558   2.01242   0.87395   0.30730   0.55300   0.62597   0.86913   0.09603   0.39439   0.11621   0.13048   0.48106   0.56188   0.49007   0.66411   0.42021   0.33634   0.14553   0.00362   0.00301   0.14446   0.55313   0.01710   1.16904   0.05311   1.20177   0.07694   0.36110   0.14829   0.23353   0.46461   0.05785   0.05528   0.40605   0.35717   0.26493   0.25757   0.19895   0.10575   0.58036   0.52260   1.08809   0.09638   0.67237   0.09021   0.61208   0.11522   1.26934   0.26459   0.14901   0.41956   0.42257   0.18002   0.38702   0.06445   0.44694   0.67942   1.71714  -0.18442  -2.55454   0.02728   6.95836  
 30 690.8322 156376.568664  x:  1.65244   0.37687   0.34669   0.41736   0.39813   0.07604   0.84186   0.17021   0.46117   0.43775   0.88962   1.84076   0.94723   0.31381   0.58990   0.64439   0.89385   0.08303   0.44001   0.13284   0.10388   0.48551   0.56957   0.50659   0.68702   0.45139   0.33386   0.15318   0.00371   0.00304   0.14213   0.56088   0.01986   1.10789   0.05776   1.22865   0.06884   0.37122   0.14879   0.22277   0.46744   0.06065   0.06837   0.39843   0.34576   0.23729   0.28900   0.18716   0.14971   0.59972   0.48642   1.08968   0.09775   0.69601   0.07894   0.65014   0.11884   1.29390   0.27129   0.14013   0.41478   0.41413   0.20811   0.35481   0.05964   0.48061   0.68416   1.73570  -0.15432  -2.52094   0.02735   7.02723  
 31 412.4317 156357.108442  x:  1.71478   0.38761   0.33755   0.42171   0.39490   0.05180   0.88545   0.15951   0.45867   0.44964   0.89642   1.70234   0.98492   0.31049   0.63869   0.64283   0.90063   0.06941   0.46647   0.11835   0.09936   0.49105   0.56925   0.51148   0.70991   0.47122   0.34693   0.15048   0.00372   0.00303   0.14454   0.58888   0.02200   1.12207   0.05691   1.24268   0.09396   0.36062   0.13316   0.20045   0.49245   0.06299   0.06535   0.39023   0.32778   0.26285   0.25447   0.19806   0.14965   0.61333   0.48871   1.07965   0.08452   0.74564   0.08935   0.66469   0.10279   1.30446   0.26763   0.12996   0.41218   0.42515   0.19760   0.35288   0.06186   0.49008   0.67052   1.75066  -0.09733  -2.46977   0.02725   7.05643  
 32 327.0496 156338.931411  x:  1.77506   0.39451   0.32473   0.42414   0.38582   0.07372   0.91514   0.18253   0.45879   0.46077   0.91002   1.55687   1.00893   0.31279   0.68946   0.62468   0.89467   0.08630   0.47127   0.09997   0.10925   0.49463   0.56140   0.50696   0.72763   0.47507   0.35092   0.14765   0.00375   0.00310   0.14852   0.61249   0.02317   1.18508   0.05969   1.24797   0.07286   0.34780   0.15040   0.19276   0.50616   0.06341   0.06062   0.40104   0.35336   0.26570   0.25623   0.20508   0.13463   0.61478   0.51220   1.06626   0.11336   0.79693   0.07457   0.65792   0.10242   1.30830   0.26750   0.14971   0.41304   0.44125   0.19505   0.37197   0.06629   0.47285   0.64549   1.76333  -0.02155  -2.38238   0.02735   7.07104  
 33 365.1285 156326.711642  x:  1.81309   0.39185   0.32236   0.42911   0.39124   0.06050   0.91802   0.19724   0.46024   0.46234   0.92372   1.46985   1.02026   0.32216   0.71448   0.60834   0.88620   0.08134   0.45754   0.12239   0.12053   0.49918   0.55922   0.50695   0.73499   0.46369   0.34047   0.15269   0.00375   0.00313   0.14549   0.61391   0.02522   1.25953   0.06009   1.25038   0.09507   0.34555   0.16456   0.21761   0.49490   0.05984   0.06408   0.40502   0.36136   0.25230   0.28670   0.19166   0.13409   0.60849   0.52848   1.06051   0.09061   0.81324   0.08032   0.64586   0.11461   1.30897   0.27157   0.14700   0.41382   0.43659   0.18912   0.38050   0.07042   0.46036   0.64420   1.76248   0.05663  -2.30073   0.02741   7.06944  
 34 312.8029 156310.310057  x:  1.85769   0.38252   0.34929   0.43381   0.41132   0.06437   0.88857   0.17739   0.45947   0.45040   0.95038   1.39558   1.03379   0.35711   0.72574   0.59748   0.87866   0.07985   0.42133   0.13810   0.09845   0.50332   0.56540   0.50993   0.72429   0.44212   0.32455   0.14446   0.00378   0.00313   0.15280   0.59551   0.02590   1.38583   0.05756   1.25034   0.08253   0.36071   0.13623   0.22001   0.46488   0.06847   0.06454   0.40377   0.34272   0.25475   0.26624   0.20198   0.12741   0.58935   0.52466   1.06282   0.10363   0.79179   0.08095   0.62762   0.10439   1.30893   0.27294   0.14091   0.42403   0.41847   0.20613   0.37050   0.06608   0.46372   0.67277   1.73667   0.21720  -2.16250   0.02725   7.04820  
 35 256.3713 156297.340215  x:  1.87513   0.36822   0.35782   0.41011   0.39010   0.06420   0.85599   0.17076   0.45760   0.44571   0.96626   1.39334   1.03898   0.36722   0.71180   0.60952   0.88255   0.09904   0.41299   0.09994   0.11209   0.49911   0.57402   0.51422   0.70203   0.44704   0.34168   0.15758   0.00374   0.00316   0.13722   0.58544   0.02851   1.45389   0.05729   1.24543   0.09087   0.37043   0.13571   0.19023   0.47752   0.06857   0.06303   0.39731   0.34864   0.26254   0.27839   0.19123   0.15115   0.58915   0.50005   1.07157   0.09850   0.74693   0.08342   0.63619   0.10548   1.30582   0.27072   0.14233   0.42056   0.42396   0.20491   0.35779   0.06805   0.47142   0.68009   1.71026   0.37899  -2.01239   0.02715   7.01421  
 36 233.3224 156283.460183  x:  1.87817   0.35132   0.34890   0.40579   0.37866   0.06317   0.82572   0.19341   0.45524   0.45112   0.97399   1.43663   1.03931   0.36382   0.67922   0.62950   0.89327   0.08360   0.43067   0.13234   0.11656   0.48927   0.57325   0.51960   0.69432   0.46310   0.35544   0.13088   0.00379   0.00323   0.16632   0.58161   0.03398   1.47915   0.06105   1.23624   0.09643   0.35944   0.13987   0.17816   0.50094   0.06983   0.06895   0.39157   0.35274   0.25492   0.28083   0.19893   0.15607   0.60077   0.47887   1.08490   0.11640   0.70878   0.08395   0.65467   0.09529   1.30011   0.26286   0.14832   0.40981   0.43643   0.20219   0.36002   0.07413   0.47375   0.66455   1.68435   0.57749  -1.81275   0.02717   6.96472  
 37 332.7884 156267.754784  x:  1.86798   0.34308   0.33306   0.43647   0.40274   0.07092   0.80448   0.19588   0.44939   0.45484   0.97529   1.52138   1.03531   0.37950   0.64463   0.64657   0.90974   0.10536   0.45329   0.14351   0.09015   0.48261   0.56458   0.51219   0.69714   0.47572   0.34719   0.15608   0.00378   0.00328   0.14064   0.58438   0.03995   1.45426   0.06682   1.22874   0.11020   0.33080   0.12287   0.18482   0.50048   0.07236   0.06169   0.41175   0.36675   0.25432   0.27507   0.20440   0.13284   0.61301   0.49087   1.10041   0.11658   0.70844   0.08329   0.66561   0.09057   1.29663   0.26521   0.14744   0.40551   0.43703   0.21341   0.37393   0.07391   0.47017   0.63937   1.66459   0.81767  -1.57212   0.02711   6.90166  
 38 414.4696 156253.463799  x:  1.84987   0.35061   0.32594   0.44728   0.41422   0.08006   0.80014   0.17081   0.44694   0.45213   0.97093   1.62100   1.02736   0.41192   0.62399   0.64236   0.92334   0.11304   0.44667   0.11333   0.12161   0.49615   0.56523   0.50399   0.70837   0.46307   0.32490   0.13474   0.00381   0.00336   0.16292   0.59577   0.04536   1.39051   0.07142   1.22994   0.12180   0.32745   0.13167   0.18992   0.47727   0.07352   0.06321   0.41302   0.35673   0.26531   0.28310   0.20307   0.12989   0.60886   0.53261   1.11640   0.12116   0.75233   0.08131   0.64938   0.08584   1.29969   0.26887   0.14109   0.41623   0.42654   0.21945   0.36947   0.07920   0.47047   0.63811   1.65565   1.04617  -1.34360   0.02711   6.84036  
 39 427.8006 156246.735461  x:  1.83932   0.36694   0.33376   0.42566   0.39547   0.07483   0.80989   0.18426   0.45634   0.45282   0.96629   1.67566   1.02147   0.43278   0.63069   0.62285   0.92494   0.11092   0.42246   0.12648   0.11233   0.50247   0.56448   0.50537   0.72309   0.44267   0.32469   0.14320   0.00383   0.00337   0.15414   0.61183   0.04737   1.34473   0.07361   1.24001   0.12335   0.34169   0.12533   0.17315   0.47814   0.08051   0.06572   0.40431   0.36423   0.25650   0.28373   0.20413   0.12656   0.58781   0.53869   1.12223   0.12442   0.78240   0.08281   0.62345   0.08060   1.30836   0.26575   0.14748   0.42224   0.42778   0.21592   0.35947   0.08165   0.46830   0.65386   1.65242   1.15560  -1.23919   0.02707   6.81172  
 40 262.3226 156245.421443  x:  1.83711   0.37413   0.33818   0.42461   0.39542   0.07528   0.81326   0.18323   0.45667   0.44987   0.96305   1.68782   1.01917   0.43601   0.64189   0.61075   0.92157   0.12052   0.41167   0.12722   0.10596   0.49995   0.56339   0.50802   0.72516   0.43794   0.32887   0.13615   0.00381   0.00338   0.16015   0.61489   0.04763   1.33362   0.07421   1.24733   0.12449   0.34028   0.12129   0.17932   0.48649   0.07602   0.06354   0.40711   0.36778   0.25876   0.28107   0.20489   0.13364   0.58269   0.53012   1.12167   0.11904   0.78209   0.08161   0.61662   0.08644   1.31435   0.26579   0.14705   0.41594   0.42906   0.21644   0.36310   0.08117   0.46356   0.65444   1.65119   1.17612  -1.21982   0.02705   6.80676  
 41 92.0445 156244.654052  x:  1.83620   0.38033   0.34000   0.42944   0.40032   0.07510   0.81525   0.17941   0.45577   0.44770   0.95790   1.69536   1.01672   0.43243   0.65554   0.59771   0.91649   0.11789   0.40330   0.12757   0.11248   0.49776   0.56379   0.51155   0.72525   0.43597   0.33049   0.14000   0.00381   0.00338   0.15678   0.61417   0.04809   1.32741   0.07428   1.25694   0.12386   0.33725   0.12453   0.17984   0.49007   0.07593   0.06491   0.40722   0.36245   0.26002   0.28272   0.20460   0.13076   0.58169   0.52121   1.12026   0.12394   0.77525   0.08260   0.61435   0.08335   1.32159   0.26412   0.14661   0.41153   0.43046   0.21726   0.36743   0.08175   0.46039   0.65174   1.64957   1.18689  -1.21098   0.02705   6.80493  
 42 52.5743 156243.859583  x:  1.83637   0.38591   0.33685   0.43029   0.39946   0.07386   0.81580   0.18137   0.45578   0.44996   0.94767   1.70203   1.01350   0.42559   0.67358   0.58501   0.91018   0.11755   0.40143   0.12360   0.10732   0.49577   0.56249   0.50999   0.72247   0.43858   0.32698   0.13686   0.00381   0.00337   0.15900   0.60877   0.04845   1.32454   0.07419   1.27165   0.12382   0.33396   0.12397   0.17454   0.48133   0.07844   0.06513   0.40679   0.36301   0.25580   0.28433   0.20277   0.12879   0.58829   0.52481   1.11730   0.12315   0.76327   0.08273   0.61711   0.08238   1.33231   0.26424   0.14661   0.41595   0.42971   0.21419   0.36396   0.08241   0.46062   0.64769   1.64682   1.19633  -1.20787   0.02699   6.80517  
 43 33.4496 156243.101636  x:  1.83677   0.38734   0.33358   0.42445   0.39325   0.07602   0.81246   0.17991   0.45313   0.44926   0.93572   1.70511   1.01018   0.42150   0.68309   0.58079   0.90635   0.11923   0.40600   0.13035   0.11396   0.49749   0.56163   0.50732   0.72060   0.44096   0.32482   0.13984   0.00381   0.00338   0.15661   0.60580   0.04876   1.32480   0.07478   1.28293   0.12405   0.33463   0.12051   0.17911   0.47759   0.07749   0.06414   0.40530   0.36539   0.26018   0.27895   0.20681   0.13289   0.59008   0.53053   1.11406   0.12397   0.75777   0.08208   0.61855   0.08319   1.33978   0.26495   0.14846   0.41807   0.42619   0.21718   0.36208   0.08265   0.46191   0.64664   1.64607   1.19901  -1.20544   0.02700   6.80732  
 44 30.9415 156239.430119  x:  1.84117   0.38949   0.33475   0.41666   0.39246   0.07942   0.79356   0.17975   0.44815   0.44615   0.88717   1.71193   0.99887   0.41963   0.69498   0.59400   0.90412   0.11416   0.42836   0.13004   0.10831   0.50466   0.55871   0.49237   0.71024   0.44514   0.33263   0.13679   0.00380   0.00338   0.15911   0.60793   0.04932   1.33631   0.07493   1.31931   0.12239   0.34876   0.12219   0.18445   0.48846   0.07541   0.06076   0.40717   0.36652   0.26857   0.28810   0.19853   0.11692   0.57208   0.53621   1.10461   0.12295   0.76126   0.08349   0.61805   0.07886   1.36109   0.26334   0.14222   0.41338   0.41748   0.22371   0.37000   0.07851   0.46515   0.65621   1.64771   1.20457  -1.20679   0.02690   6.82310  
 45 32.0025 156230.544201  x:  1.85253   0.40174   0.34339   0.43513   0.41882   0.07474   0.76365   0.19251   0.45316   0.44928   0.80619   1.72249   0.98096   0.43497   0.69030   0.62835   0.90695   0.11341   0.44323   0.12397   0.12005   0.50686   0.56150   0.49211   0.69572   0.43575   0.33636   0.13904   0.00382   0.00338   0.15759   0.60983   0.04893   1.36333   0.07459   1.37323   0.12080   0.34598   0.11489   0.17341   0.49747   0.07797   0.06820   0.41307   0.36401   0.24250   0.28054   0.21100   0.14373   0.56027   0.53583   1.09123   0.12297   0.77822   0.08311   0.61060   0.08257   1.38890   0.26054   0.14919   0.41365   0.43569   0.21413   0.36272   0.08322   0.45895   0.66351   1.66238   1.20459  -1.21114   0.02679   6.86555  
 46 82.4990 156207.832881  x:  1.88869   0.46397   0.34476   0.43251   0.40253   0.08354   0.74717   0.17428   0.46620   0.45879   0.72807   1.75162   0.97010   0.47061   0.64317   0.67650   0.91735   0.12148   0.41434   0.15276   0.09898   0.48702   0.57323   0.53951   0.69924   0.41452   0.33438   0.13899   0.00381   0.00336   0.15619   0.60711   0.04883   1.42186   0.07386   1.43675   0.11510   0.30674   0.15085   0.15883   0.47626   0.07516   0.05881   0.40206   0.36457   0.29396   0.28712   0.19439   0.14334   0.60098   0.51658   1.09030   0.12207   0.79717   0.08394   0.61113   0.08409   1.41441   0.26695   0.15114   0.41988   0.45697   0.20008   0.35304   0.08827   0.45584   0.64805   1.71035   1.20875  -1.24047   0.02633   6.97991  
 47 107.9479 156168.972482  x:  1.95645   0.54275   0.32659   0.41018   0.36260   0.08685   0.77536   0.17597   0.44406   0.45969   0.72376   1.80937   0.99531   0.47877   0.58281   0.69046   0.91885   0.12881   0.35690   0.12401   0.10948   0.48628   0.58338   0.56389   0.71122   0.42494   0.35573   0.13684   0.00385   0.00335   0.15653   0.60587   0.05199   1.49172   0.07689   1.47000   0.12067   0.30943   0.12500   0.20186   0.48382   0.07233   0.07404   0.38914   0.36410   0.22659   0.27858   0.21414   0.10589   0.65060   0.50901   1.10474   0.12365   0.78540   0.08896   0.63275   0.06816   1.41713   0.27087   0.12647   0.40454   0.41940   0.22445   0.36508   0.07856   0.47026   0.63196   1.79057   1.22700  -1.30361   0.02544   7.17126  
 48 204.7463 156111.791743  x:  2.06911   0.55736   0.30753   0.43855   0.41715   0.08746   0.81769   0.20572   0.38164   0.44889   0.81629   1.90894   1.09629   0.43480   0.56038   0.63153   0.88714   0.15234   0.33803   0.15408   0.11075   0.51416   0.55230   0.50972   0.72232   0.46951   0.36734   0.13429   0.00384   0.00337   0.15528   0.58751   0.05721   1.54373   0.08623   1.42889   0.12546   0.38798   0.12690   0.14909   0.51219   0.07104   0.06908   0.41374   0.34425   0.26445   0.28456   0.20375   0.13876   0.61936   0.54863   1.13223   0.12335   0.71447   0.09430   0.63350   0.07955   1.38118   0.24756   0.15141   0.40020   0.38705   0.22010   0.33355   0.08912   0.45581   0.64217   1.90117   1.24207  -1.39145   0.02432   7.46440  
 49 289.8060 156076.365594  x:  2.14882   0.45963   0.32286   0.42962   0.41515   0.09993   0.79227   0.16588   0.43640   0.48214   0.89661   1.98061   1.20657   0.41082   0.63651   0.59540   0.86352   0.14974   0.38234   0.15669   0.11554   0.51685   0.53883   0.48273   0.69200   0.47475   0.36142   0.13381   0.00385   0.00335   0.15418   0.57413   0.06086   1.54172   0.09018   1.35109   0.13454   0.35086   0.13102   0.17260   0.49416   0.06806   0.06670   0.38818   0.36852   0.25538   0.28067   0.20718   0.13193   0.54595   0.53881   1.14003   0.13203   0.68095   0.10057   0.60489   0.07793   1.35415   0.26611   0.12712   0.41312   0.45731   0.20304   0.32794   0.08833   0.46363   0.66268   1.95430   1.26048  -1.45646   0.02353   7.64654  
 50 294.3250 156063.465059  x:  2.18569   0.37991   0.32496   0.42611   0.39328   0.09803   0.74712   0.19278   0.43026   0.45296   0.93091   2.01280   1.27114   0.42523   0.70868   0.60779   0.86249   0.13800   0.38754   0.15499   0.11007   0.50298   0.54931   0.50694   0.65802   0.45365   0.36500   0.13449   0.00381   0.00331   0.15122   0.57512   0.05884   1.52462   0.08934   1.30693   0.13189   0.32135   0.14266   0.15724   0.48248   0.06791   0.06720   0.40135   0.35246   0.25245   0.27823   0.20816   0.14486   0.54916   0.54655   1.12829   0.13082   0.69323   0.10380   0.57748   0.07562   1.35541   0.26551   0.12198   0.39286   0.42374   0.21545   0.33805   0.08351   0.46694   0.64005   1.95442   1.27205  -1.48818   0.02315   7.71410  
 51 196.6820 156061.723247  x:  2.19172   0.36814   0.32011   0.42934   0.39438   0.09979   0.73086   0.18772   0.42200   0.44560   0.93932   2.01810   1.28308   0.42992   0.72414   0.61567   0.86295   0.13479   0.38180   0.15529   0.11074   0.49986   0.55027   0.51088   0.65370   0.44894   0.36454   0.13403   0.00380   0.00330   0.15111   0.57513   0.05874   1.51983   0.08872   1.29840   0.13093   0.33227   0.13923   0.16456   0.48771   0.06648   0.06707   0.39542   0.35806   0.25120   0.27819   0.20707   0.13469   0.55629   0.54105   1.11717   0.12825   0.69983   0.10204   0.57827   0.08064   1.36023   0.25652   0.13375   0.39916   0.42172   0.20216   0.32908   0.08703   0.46784   0.62993   1.95197   1.27467  -1.49304   0.02308   7.72417  
 52 85.7122 156061.355579  x:  2.19340   0.36923   0.31580   0.42909   0.39670   0.10055   0.72094   0.18952   0.42396   0.45219   0.94438   2.01921   1.28698   0.43110   0.72701   0.61974   0.86139   0.13584   0.37523   0.15649   0.11191   0.49990   0.54726   0.50697   0.65560   0.44777   0.36129   0.13397   0.00380   0.00330   0.15123   0.57355   0.05856   1.51706   0.08868   1.29447   0.13053   0.33989   0.13918   0.16268   0.48809   0.06646   0.06715   0.39331   0.35873   0.25222   0.27839   0.20708   0.13654   0.56013   0.53789   1.10431   0.12708   0.70285   0.10200   0.58203   0.07923   1.36590   0.25766   0.12931   0.39886   0.42398   0.20575   0.33261   0.08600   0.46863   0.62766   1.95089   1.27471  -1.49286   0.02308   7.72774  
 53 28.1593 156061.166057  x:  2.19451   0.37275   0.31697   0.42686   0.39628   0.10036   0.71628   0.18975   0.42254   0.45210   0.94890   2.01988   1.28942   0.43025   0.72511   0.62188   0.85866   0.13586   0.37363   0.15642   0.11204   0.50109   0.54653   0.50506   0.65894   0.44964   0.36298   0.13402   0.00380   0.00331   0.15118   0.57534   0.05863   1.51583   0.08880   1.29136   0.13095   0.33546   0.14117   0.16407   0.48711   0.06657   0.06692   0.39859   0.35632   0.25148   0.27819   0.20721   0.13590   0.55952   0.53813   1.09107   0.12750   0.70276   0.10189   0.58418   0.07846   1.37290   0.25883   0.13050   0.39858   0.42484   0.20447   0.32983   0.08638   0.46854   0.63187   1.94972   1.27560  -1.49221   0.02308   7.73164  
 54 14.8646 156060.950257  x:  2.19561   0.37320   0.31900   0.42908   0.39751   0.09989   0.71812   0.18977   0.42226   0.44948   0.95121   2.02051   1.29114   0.42875   0.72017   0.62220   0.85504   0.13598   0.37566   0.15523   0.11120   0.50091   0.54807   0.50763   0.66067   0.45031   0.36275   0.13403   0.00380   0.00331   0.15117   0.57609   0.05870   1.51587   0.08896   1.28844   0.13147   0.33225   0.14269   0.16303   0.48734   0.06647   0.06726   0.39094   0.36067   0.25157   0.27778   0.20746   0.13666   0.55827   0.54062   1.07930   0.12798   0.70142   0.10226   0.58288   0.07865   1.38125   0.25641   0.13048   0.39813   0.42208   0.20506   0.33148   0.08576   0.46787   0.63454   1.94888   1.27808  -1.49122   0.02308   7.73870  
 55 11.9331 156060.127573  x:  2.19890   0.36393   0.31551   0.43120   0.39234   0.10062   0.73557   0.18771   0.42930   0.45019   0.95000   2.02171   1.29317   0.42732   0.70689   0.62092   0.84701   0.13758   0.38230   0.15432   0.11009   0.49729   0.55147   0.51594   0.65777   0.44618   0.35736   0.13388   0.00380   0.00331   0.15104   0.57351   0.05909   1.51850   0.08934   1.28155   0.13201   0.34101   0.14241   0.16430   0.49069   0.06580   0.06702   0.39830   0.35550   0.25095   0.27780   0.20721   0.13525   0.55554   0.54035   1.06267   0.12795   0.69955   0.10281   0.57561   0.07918   1.40293   0.25460   0.12909   0.39975   0.42340   0.20663   0.32882   0.08653   0.46829   0.62677   1.94815   1.29004  -1.48644   0.02309   7.77155  
 56 14.7871 156055.639472  x:  2.21680   0.35360   0.31259   0.42789   0.39695   0.10130   0.76878   0.18853   0.41158   0.44428   0.94880   2.02289   1.29716   0.44128   0.69542   0.62736   0.84468   0.13695   0.37954   0.16028   0.11339   0.50169   0.53861   0.48948   0.64121   0.44270   0.37511   0.13306   0.00379   0.00333   0.14954   0.58075   0.05867   1.52551   0.08944   1.26399   0.13089   0.34192   0.14325   0.16474   0.46936   0.06675   0.06655   0.38792   0.35645   0.24969   0.27522   0.20599   0.13834   0.55308   0.52845   1.07328   0.12625   0.70582   0.10359   0.57404   0.07084   1.45616   0.27684   0.13212   0.38636   0.43148   0.19385   0.33072   0.08553   0.47554   0.60418   1.94284   1.35081  -1.45533   0.02307   7.96101  
 57 34.3531 156038.187643  x:  2.28173   0.37704   0.32133   0.41597   0.39649   0.10302   0.77376   0.18819   0.42230   0.47206   0.96257   2.01649   1.30634   0.46019   0.71310   0.64926   0.86562   0.13588   0.38400   0.16582   0.11984   0.50328   0.52081   0.46340   0.63304   0.46494   0.36378   0.13569   0.00378   0.00343   0.14444   0.57370   0.05954   1.53449   0.09422   1.22679   0.13205   0.31094   0.15448   0.16459   0.49811   0.05703   0.06959   0.38362   0.34502   0.23993   0.26822   0.20187   0.13693   0.55994   0.52501   1.15397   0.12627   0.72802   0.10445   0.58963   0.08884   1.55081   0.22381   0.12228   0.40411   0.40266   0.19918   0.32228   0.08561   0.44534   0.60525   1.94302   1.57276  -1.31624   0.02316   8.70417  
 58 206.1980 156020.263588  x:  2.34807   0.40165   0.31539   0.43978   0.39316   0.11018   0.73069   0.20833   0.42131   0.46056   0.97337   2.00796   1.32503   0.42699   0.73858   0.65463   0.89283   0.14583   0.40564   0.15801   0.11458   0.49808   0.55766   0.53133   0.67304   0.48486   0.36322   0.13513   0.00380   0.00357   0.14375   0.58298   0.06383   1.53238   0.10327   1.22984   0.13821   0.35072   0.15034   0.17476   0.49721   0.05329   0.06779   0.38089   0.34592   0.23936   0.26564   0.19846   0.12807   0.56878   0.54971   1.19756   0.12792   0.73675   0.10672   0.59655   0.07736   1.55649   0.27331   0.11900   0.38068   0.42245   0.18724   0.31712   0.08388   0.43722   0.63465   1.95392   1.79614  -1.15551   0.02344   9.48576  
 59 483.9107 156011.824629  x:  2.38591   0.39250   0.31860   0.44071   0.39944   0.11150   0.73405   0.21089   0.43198   0.46538   0.96741   2.01556   1.36842   0.40749   0.73353   0.65607   0.91296   0.15303   0.40470   0.15785   0.11302   0.51600   0.57090   0.52562   0.69824   0.46776   0.39681   0.13339   0.00379   0.00362   0.14265   0.60812   0.06555   1.53321   0.10618   1.29408   0.13730   0.35120   0.15647   0.17891   0.47373   0.05356   0.06685   0.38199   0.34230   0.23744   0.26385   0.19808   0.12978   0.56308   0.53856   1.14813   0.12795   0.72978   0.11009   0.59033   0.08958   1.46404   0.25484   0.11406   0.40024   0.41145   0.19195   0.31806   0.08109   0.45352   0.60143   1.94815   1.90730  -1.08855   0.02353   9.84668  
 60 209.9883 156007.497174  x:  2.40983   0.39472   0.31749   0.43312   0.39265   0.11030   0.75175   0.20860   0.42374   0.46029   0.96441   2.02690   1.40845   0.41494   0.72816   0.65880   0.92207   0.15177   0.40975   0.15685   0.11447   0.51005   0.55610   0.50976   0.69395   0.46291   0.36656   0.13340   0.00376   0.00362   0.14043   0.59265   0.06517   1.53712   0.10516   1.34444   0.13299   0.34182   0.16182   0.17743   0.48660   0.04995   0.06777   0.37341   0.33741   0.23216   0.25971   0.19524   0.12695   0.56239   0.53431   1.10487   0.12620   0.73513   0.10780   0.58749   0.08768   1.39119   0.26437   0.11726   0.37811   0.41101   0.18411   0.31044   0.08204   0.44022   0.59639   1.93677   1.97522  -1.06662   0.02343  10.03003  
 61 186.8394 156007.132881  x:  2.41240   0.39917   0.31308   0.43574   0.39121   0.11088   0.75347   0.20953   0.42115   0.45967   0.96095   2.02870   1.41583   0.41811   0.72638   0.65600   0.91545   0.15062   0.41032   0.15812   0.11680   0.49994   0.54935   0.51317   0.68273   0.46971   0.37124   0.13331   0.00376   0.00362   0.14028   0.59401   0.06504   1.53729   0.10503   1.34613   0.13254   0.34310   0.16194   0.17781   0.48360   0.05022   0.06730   0.37355   0.33778   0.23214   0.25942   0.19489   0.12713   0.56161   0.53225   1.10025   0.12560   0.74068   0.10755   0.58809   0.08806   1.38111   0.26402   0.11399   0.38327   0.41141   0.18602   0.30971   0.08158   0.43730   0.60187   1.93447   1.98097  -1.06463   0.02342  10.04589  
 62 32.6747 156007.041611  x:  2.41323   0.40269   0.31432   0.43557   0.39168   0.11092   0.75313   0.20855   0.42333   0.46223   0.95628   2.02951   1.42013   0.41889   0.72565   0.65421   0.90833   0.15058   0.40976   0.15899   0.11639   0.50158   0.55164   0.51393   0.67750   0.47218   0.37221   0.13335   0.00377   0.00363   0.14022   0.59339   0.06502   1.53736   0.10511   1.34267   0.13276   0.34382   0.16195   0.17778   0.48316   0.05032   0.06722   0.37391   0.33774   0.23203   0.25936   0.19491   0.12699   0.56251   0.53300   1.09967   0.12543   0.74326   0.10745   0.58977   0.08835   1.37687   0.26325   0.11662   0.38006   0.40984   0.18436   0.31073   0.08118   0.43931   0.60178   1.93346   1.98223  -1.06385   0.02343  10.05024  
 63 12.7760 156006.981035  x:  2.41399   0.40613   0.31544   0.43485   0.39192   0.11059   0.75333   0.20932   0.42164   0.46034   0.95053   2.03048   1.42447   0.41879   0.72606   0.65450   0.90236   0.15043   0.40927   0.15906   0.11559   0.50425   0.55419   0.51343   0.67711   0.47182   0.37178   0.13346   0.00376   0.00362   0.14017   0.59243   0.06497   1.53790   0.10512   1.33761   0.13280   0.34342   0.16230   0.17789   0.48487   0.04998   0.06732   0.37366   0.33780   0.23204   0.25940   0.19490   0.12680   0.56291   0.53335   1.10009   0.12540   0.74375   0.10723   0.59050   0.08818   1.37379   0.26388   0.11451   0.38219   0.41182   0.18547   0.31006   0.08141   0.43914   0.60002   1.93222   1.98332  -1.06356   0.02343  10.05354  
 64 10.0960 156006.889298  x:  2.41511   0.41075   0.31308   0.43496   0.39152   0.11085   0.75500   0.20867   0.42205   0.46000   0.94036   2.03206   1.43090   0.41709   0.72865   0.65838   0.89764   0.15034   0.40990   0.15769   0.11620   0.50203   0.55183   0.51244   0.68398   0.46872   0.37144   0.13328   0.00376   0.00362   0.14015   0.59283   0.06503   1.53965   0.10511   1.32847   0.13312   0.34391   0.16174   0.17767   0.48321   0.05020   0.06722   0.37365   0.33767   0.23178   0.25919   0.19471   0.12693   0.56218   0.53158   1.10116   0.12551   0.74131   0.10724   0.58964   0.08839   1.37039   0.26366   0.11531   0.38131   0.40956   0.18491   0.31014   0.08128   0.43824   0.60100   1.93069   1.98599  -1.06391   0.02341  10.05929  
 65  7.9165 156006.612904  x:  2.41688   0.41376   0.32257   0.43327   0.39123   0.10942   0.75510   0.20808   0.41762   0.46309   0.92935   2.03284   1.43583   0.41335   0.72944   0.65484   0.90950   0.15061   0.40655   0.15742   0.11672   0.49872   0.54574   0.51471   0.68331   0.47224   0.36851   0.13334   0.00376   0.00363   0.14004   0.59706   0.06515   1.54129   0.10550   1.31831   0.13336   0.34622   0.16106   0.17845   0.48156   0.05037   0.06738   0.37347   0.33706   0.23203   0.25950   0.19457   0.12555   0.56285   0.53592   1.09777   0.12553   0.73839   0.10759   0.58672   0.08952   1.36926   0.26039   0.11456   0.37817   0.41311   0.18695   0.30925   0.08124   0.44019   0.59814   1.92996   1.99164  -1.06287   0.02339  10.07949  
 66  3.6907 156005.547383  x:  2.42312   0.42131   0.31670   0.43409   0.39040   0.11056   0.75290   0.20717   0.41926   0.46236   0.90847   2.03290   1.44497   0.40893   0.72788   0.63611   0.94533   0.15248   0.40229   0.15901   0.11523   0.50616   0.54928   0.51505   0.67413   0.47988   0.36230   0.13293   0.00376   0.00364   0.13989   0.60043   0.06573   1.54331   0.10610   1.29810   0.13401   0.34430   0.16201   0.17682   0.48463   0.05053   0.06739   0.37249   0.33626   0.23154   0.25844   0.19387   0.12717   0.55771   0.52771   1.08753   0.12591   0.73595   0.10722   0.58589   0.08629   1.36944   0.27039   0.11635   0.38689   0.40200   0.18327   0.31090   0.08055   0.43784   0.59830   1.93057   2.01348  -1.05886   0.02327  10.15849  
 67 24.8480 156003.406618  x:  2.43657   0.43262   0.30320   0.43108   0.38837   0.11293   0.74570   0.20840   0.42373   0.44694   0.90173   2.02983   1.45337   0.41307   0.72117   0.61574   0.96528   0.15174   0.41349   0.15870   0.11366   0.50999   0.56127   0.50762   0.66939   0.47284   0.36947   0.13216   0.00377   0.00367   0.13939   0.58865   0.06657   1.53857   0.10710   1.29039   0.13363   0.34669   0.15850   0.17598   0.47037   0.05314   0.06755   0.37077   0.33259   0.23195   0.25716   0.19173   0.12516   0.55871   0.52239   1.08314   0.12406   0.73692   0.10632   0.59190   0.08962   1.37271   0.25251   0.11508   0.37231   0.41370   0.19106   0.30796   0.08040   0.42672   0.60178   1.93172   2.05747  -1.05159   0.02303  10.31622  
 68 56.6092 155997.311895  x:  2.47461   0.44138   0.33357   0.42155   0.39123   0.11032   0.72199   0.20595   0.42004   0.45238   0.91513   2.01532   1.46295   0.42061   0.69811   0.60576   0.93705   0.15371   0.43676   0.15710   0.11771   0.48233   0.55408   0.50169   0.67289   0.44609   0.39064   0.13120   0.00380   0.00377   0.13843   0.55783   0.06939   1.50932   0.11156   1.30945   0.13300   0.35018   0.15403   0.17241   0.47601   0.05537   0.06902   0.36735   0.32551   0.23293   0.25549   0.18860   0.12120   0.56226   0.52678   1.09215   0.12382   0.72980   0.10518   0.59077   0.08222   1.38004   0.26930   0.11972   0.38496   0.39884   0.18959   0.31106   0.07849   0.42512   0.58929   1.93481   2.17471  -1.02148   0.02246  10.76924  
 69 141.0184 155993.915685  x:  2.49634   0.42627   0.32846   0.42608   0.38135   0.11158   0.72109   0.20218   0.40693   0.46229   0.92507   2.00769   1.46416   0.41372   0.69172   0.64073   0.89884   0.15482   0.41509   0.15551   0.11344   0.50344   0.55005   0.51344   0.66842   0.47035   0.37041   0.13023   0.00380   0.00382   0.13817   0.57790   0.07130   1.49081   0.11316   1.33417   0.13136   0.34741   0.14903   0.17106   0.46723   0.05815   0.06959   0.36457   0.32167   0.23421   0.25542   0.18619   0.12131   0.55131   0.52013   1.10498   0.12434   0.71613   0.10566   0.57691   0.08360   1.38307   0.26617   0.12100   0.38259   0.40070   0.19213   0.31360   0.07824   0.41382   0.59181   1.93284   2.24043  -1.00521   0.02211  11.02187  
 70 154.9507 155993.780005  x:  2.49687   0.42439   0.33014   0.42250   0.38461   0.11151   0.72205   0.20240   0.41478   0.45389   0.92501   2.00716   1.46357   0.41134   0.69180   0.64387   0.89670   0.15568   0.41135   0.15627   0.11413   0.50035   0.54960   0.51152   0.66792   0.47480   0.36771   0.13005   0.00380   0.00382   0.13830   0.58151   0.07155   1.48999   0.11345   1.33530   0.13165   0.34835   0.14881   0.17078   0.46699   0.05836   0.06961   0.36466   0.32151   0.23428   0.25528   0.18620   0.12091   0.55226   0.52077   1.10546   0.12439   0.71606   0.10551   0.57894   0.08302   1.38295   0.26679   0.12111   0.38292   0.40055   0.19211   0.31371   0.07840   0.41341   0.59102   1.93390   2.24286  -1.00485   0.02210  11.03162  
 71 19.3873 155993.745918  x:  2.49683   0.42392   0.33107   0.42449   0.38260   0.11136   0.72228   0.20216   0.41395   0.45451   0.92482   2.00705   1.46346   0.41010   0.69193   0.64467   0.89676   0.15599   0.40972   0.15685   0.11432   0.49640   0.55431   0.50805   0.66832   0.47620   0.36731   0.12999   0.00380   0.00382   0.13831   0.58103   0.07160   1.48976   0.11353   1.33525   0.13170   0.34837   0.14874   0.17068   0.46658   0.05843   0.06958   0.36462   0.32152   0.23433   0.25526   0.18620   0.12110   0.55090   0.52071   1.10537   0.12433   0.71689   0.10543   0.57885   0.08292   1.38285   0.26664   0.12111   0.38284   0.40044   0.19216   0.31358   0.07847   0.41339   0.59092   1.93398   2.24128  -1.00740   0.02210  11.03221  
 72  1.3744 155991.598347  x:  2.49610   0.41609   0.32228   0.39685   0.40081   0.11115   0.71495   0.19918   0.40252   0.45682   0.92309   1.99575   1.46273   0.39531   0.68715   0.64424   0.88700   0.15432   0.40610   0.15449   0.11303   0.48755   0.56021   0.50507   0.66196   0.48401   0.36736   0.12899   0.00379   0.00382   0.13781   0.56048   0.07279   1.46900   0.11522   1.32327   0.13057   0.34299   0.14512   0.16859   0.45961   0.05926   0.06880   0.36350   0.32238   0.23296   0.25418   0.18579   0.12055   0.55078   0.50946   1.09790   0.12316   0.71515   0.10534   0.54820   0.08385   1.37259   0.26462   0.12153   0.38081   0.39807   0.19206   0.31200   0.07774   0.41064   0.58964   1.93631   2.11043  -1.19098   0.02227  11.04808  
 73  3.1115 155987.108202  x:  2.49398   0.39834   0.33085   0.41039   0.37128   0.10703   0.68924   0.19307   0.40130   0.43711   0.91712   1.96969   1.46128   0.38960   0.67277   0.62756   0.85969   0.15092   0.39618   0.15001   0.11096   0.49228   0.52930   0.49782   0.64661   0.46779   0.35544   0.12720   0.00376   0.00380   0.13625   0.55120   0.07404   1.42352   0.11802   1.29809   0.12601   0.33864   0.13878   0.16347   0.44904   0.06040   0.06789   0.35997   0.31964   0.23096   0.25139   0.18403   0.12468   0.52617   0.49773   1.08360   0.11788   0.69573   0.10062   0.56141   0.07997   1.35084   0.25864   0.12259   0.37654   0.39304   0.18952   0.31036   0.07700   0.40543   0.57704   1.94653   1.83148  -1.58320   0.02263  11.08263  
 74 175.7813 155986.912932  x:  2.49387   0.39940   0.32932   0.40827   0.37236   0.10708   0.68630   0.19307   0.39966   0.43850   0.91773   1.96810   1.46135   0.39704   0.67162   0.62332   0.85682   0.14930   0.40072   0.14958   0.11115   0.48866   0.53307   0.49451   0.64485   0.46449   0.34978   0.12729   0.00376   0.00380   0.13613   0.56425   0.07375   1.42136   0.11781   1.29695   0.12523   0.33926   0.13862   0.16338   0.44999   0.06018   0.06791   0.35970   0.31909   0.23076   0.25135   0.18369   0.12465   0.52860   0.49725   1.08315   0.11770   0.68860   0.10088   0.56071   0.08056   1.34967   0.25889   0.12236   0.37631   0.39306   0.18921   0.31073   0.07656   0.40507   0.57694   1.94774   1.81934  -1.59979   0.02265  11.08537  
 75 25.0077 155986.837531  x:  2.49304   0.40000   0.32722   0.40495   0.37489   0.10719   0.68673   0.19302   0.39791   0.43977   0.91781   1.96709   1.46029   0.39624   0.67146   0.62361   0.85700   0.14934   0.39980   0.14938   0.11079   0.48638   0.53411   0.49730   0.64405   0.46236   0.34875   0.12723   0.00376   0.00380   0.13609   0.56469   0.07377   1.42075   0.11786   1.29651   0.12512   0.33833   0.13858   0.16341   0.44959   0.06019   0.06790   0.35936   0.31901   0.23055   0.25113   0.18374   0.12520   0.52263   0.49884   1.08317   0.11742   0.68864   0.10032   0.56558   0.08009   1.34964   0.25818   0.12238   0.37589   0.39281   0.18906   0.31050   0.07670   0.40516   0.57478   1.94723   1.82642  -1.59567   0.02265  11.10990  
 76  1.1656 155982.193137  x:  2.43422   0.41291   0.32227   0.40318   0.37150   0.10193   0.68494   0.19147   0.39154   0.43518   0.90522   1.89581   1.38834   0.35553   0.64836   0.61348   0.84892   0.15123   0.40308   0.14741   0.11080   0.47901   0.52584   0.48428   0.61983   0.43149   0.33663   0.12509   0.00370   0.00394   0.13589   0.56610   0.07814   1.37784   0.12496   1.25767   0.12466   0.33198   0.13635   0.16253   0.44223   0.05562   0.06561   0.35809   0.32018   0.22446   0.24735   0.18462   0.12489   0.52719   0.48305   1.06927   0.11518   0.69236   0.09648   0.55258   0.07755   1.33802   0.24845   0.11623   0.36987   0.38575   0.18085   0.30218   0.07653   0.40489   0.56977   1.93707   2.25175  -1.30588   0.02295  12.61481  
 77 32.6006 155980.885781  x:  2.41773   0.39900   0.31672   0.40042   0.37030   0.10161   0.67722   0.19177   0.39116   0.43343   0.89117   1.87444   1.36952   0.37472   0.63512   0.59450   0.84283   0.14276   0.39673   0.14197   0.11003   0.47504   0.52222   0.48347   0.64102   0.45133   0.33850   0.12538   0.00367   0.00397   0.13489   0.55686   0.07788   1.36524   0.12534   1.24794   0.12171   0.32909   0.13688   0.16245   0.44250   0.05360   0.06457   0.35667   0.32019   0.22250   0.24572   0.18431   0.12641   0.52287   0.48187   1.06583   0.11311   0.69042   0.09581   0.54938   0.07843   1.33548   0.24558   0.11452   0.36736   0.38549   0.17658   0.30118   0.07532   0.40664   0.56095   1.93345   2.37605  -1.22339   0.02303  13.05590  
 78 316.3030 155977.976079  x:  2.31897   0.39176   0.30777   0.39928   0.36519   0.09631   0.67555   0.19347   0.38863   0.42831   0.86764   1.81095   1.27643   0.36893   0.62612   0.59113   0.83352   0.13303   0.38779   0.14025   0.10816   0.46834   0.51695   0.47860   0.64006   0.44231   0.33414   0.12632   0.00358   0.00418   0.13255   0.55501   0.07782   1.35330   0.12463   1.23400   0.11446   0.32351   0.13950   0.16330   0.44353   0.05217   0.06467   0.35194   0.31251   0.22257   0.24483   0.18107   0.12422   0.52565   0.48401   1.04662   0.11148   0.69072   0.09348   0.54926   0.08178   1.29778   0.24544   0.11422   0.36450   0.38344   0.17688   0.30315   0.07228   0.40567   0.56091   1.91955   2.08275  -1.60873   0.02304  13.43143  
 79  0.4754 155976.971836  x:  2.25872   0.38022   0.30623   0.39682   0.36305   0.09645   0.66662   0.19059   0.38654   0.42565   0.86477   1.81032   1.24251   0.37108   0.63878   0.59554   0.82095   0.13251   0.38172   0.14297   0.10790   0.46693   0.51463   0.47615   0.62845   0.43632   0.33704   0.12464   0.00355   0.00425   0.13224   0.54855   0.07837   1.36291   0.12220   1.22329   0.11385   0.32127   0.13830   0.15979   0.44243   0.05522   0.06532   0.34871   0.30939   0.22330   0.24362   0.17917   0.12084   0.52060   0.48457   1.03392   0.11300   0.68061   0.09400   0.54440   0.08017   1.27919   0.24743   0.11671   0.36289   0.38161   0.18112   0.29989   0.07204   0.40171   0.56253   1.92059   2.23772  -1.48807   0.02315  13.99686  
 80  0.5120 155976.598482  x:  2.22572   0.37964   0.30877   0.39797   0.36509   0.09862   0.67197   0.18901   0.38771   0.42857   0.86912   1.82250   1.24046   0.37986   0.64332   0.59775   0.82422   0.13687   0.38405   0.14445   0.10814   0.46854   0.51638   0.47731   0.62698   0.43882   0.34068   0.12432   0.00351   0.00433   0.13301   0.54826   0.07792   1.36793   0.11889   1.22013   0.11716   0.32334   0.13904   0.16063   0.44218   0.05444   0.06532   0.35076   0.31417   0.22220   0.24311   0.18099   0.12138   0.52018   0.48314   1.03272   0.11280   0.67768   0.09533   0.54644   0.07857   1.28736   0.24766   0.11471   0.36165   0.38179   0.18012   0.29729   0.07380   0.40193   0.56206   1.92305   2.20405  -1.52295   0.02315  14.16929  
 81  0.1098 155976.431969  x:  2.20671   0.38256   0.30831   0.39623   0.36345   0.09900   0.67148   0.18971   0.38550   0.42608   0.86647   1.81833   1.25083   0.37925   0.63965   0.59602   0.82410   0.13837   0.38503   0.14355   0.10822   0.46677   0.51527   0.47625   0.62745   0.43923   0.33760   0.12456   0.00346   0.00440   0.13220   0.54564   0.07800   1.35760   0.11606   1.21735   0.11878   0.32217   0.13855   0.16016   0.43990   0.05403   0.06507   0.34891   0.31075   0.22118   0.24315   0.17925   0.12084   0.51897   0.48242   1.02922   0.11291   0.67604   0.09562   0.54426   0.07900   1.28046   0.24605   0.11444   0.36114   0.38004   0.17932   0.29811   0.07345   0.39857   0.55817   1.92418   2.21344  -1.54691   0.02315  14.62929  
 82  0.2388 155976.352656  x:  2.19919   0.38390   0.30800   0.39669   0.36343   0.09914   0.66936   0.19057   0.38628   0.42636   0.86782   1.81357   1.25525   0.37755   0.63897   0.59703   0.82327   0.13826   0.38501   0.14361   0.10827   0.46744   0.51543   0.47709   0.62878   0.43993   0.33747   0.12481   0.00343   0.00442   0.13252   0.54743   0.07764   1.36020   0.11332   1.22120   0.11930   0.32228   0.13834   0.16005   0.44085   0.05457   0.06538   0.34927   0.31085   0.22216   0.24375   0.17979   0.12139   0.51906   0.48328   1.03302   0.11319   0.67841   0.09560   0.54451   0.07900   1.28329   0.24628   0.11535   0.36238   0.38115   0.17925   0.29915   0.07324   0.40066   0.55977   1.92300   2.21399  -1.55102   0.02316  14.98206  
 83  0.2202 155976.298000  x:  2.19926   0.38225   0.30700   0.39633   0.36288   0.09906   0.66681   0.18983   0.38609   0.42569   0.86666   1.81036   1.26035   0.37522   0.63851   0.59507   0.82187   0.13708   0.38342   0.14349   0.10791   0.46648   0.51415   0.47587   0.62609   0.43803   0.33735   0.12407   0.00338   0.00443   0.13234   0.54675   0.07705   1.36398   0.11076   1.22114   0.11878   0.32185   0.13798   0.15994   0.44024   0.05432   0.06516   0.34883   0.31107   0.22144   0.24251   0.17988   0.12125   0.51805   0.48178   1.03248   0.11299   0.67680   0.09525   0.54291   0.07899   1.28425   0.24593   0.11470   0.36128   0.38034   0.17861   0.29759   0.07295   0.40141   0.55938   1.92280   2.20252  -1.57381   0.02315  15.37890  
 84  0.2392 155976.244486  x:  2.20668   0.38141   0.30732   0.39672   0.36400   0.09861   0.67119   0.18967   0.38623   0.42644   0.86670   1.81311   1.26224   0.37536   0.63954   0.59455   0.82418   0.13619   0.38315   0.14365   0.10797   0.46671   0.51477   0.47534   0.62701   0.43703   0.33797   0.12435   0.00333   0.00442   0.13236   0.54664   0.07609   1.36612   0.10809   1.22156   0.11828   0.32170   0.13865   0.16052   0.44102   0.05425   0.06501   0.34945   0.31173   0.22170   0.24305   0.17968   0.12071   0.51930   0.48305   1.03147   0.11334   0.67710   0.09500   0.54406   0.07939   1.28487   0.24667   0.11482   0.36087   0.38050   0.18031   0.29785   0.07347   0.39941   0.55898   1.92282   2.20540  -1.56341   0.02315  15.92936  
 85  0.2031 155976.150742  x:  2.21590   0.38043   0.30892   0.39625   0.36386   0.09846   0.66876   0.18939   0.38663   0.42703   0.86638   1.81564   1.24841   0.37587   0.63787   0.59618   0.82134   0.13633   0.38324   0.14328   0.10826   0.46756   0.51575   0.47726   0.62856   0.43854   0.33849   0.12451   0.00325   0.00447   0.13249   0.54762   0.07506   1.35686   0.10635   1.21929   0.11855   0.32270   0.13821   0.15951   0.44000   0.05424   0.06490   0.34889   0.31126   0.22190   0.24284   0.17960   0.12105   0.51963   0.48309   1.03236   0.11325   0.67805   0.09527   0.54494   0.07808   1.28106   0.24668   0.11446   0.36169   0.38010   0.17958   0.29693   0.07368   0.39940   0.56082   1.92395   2.19884  -1.56684   0.02315  17.17092  
 86  0.3212 155976.011439  x:  2.22747   0.38347   0.30723   0.39630   0.36219   0.09965   0.66832   0.19048   0.38534   0.42542   0.86355   1.82059   1.23761   0.37764   0.63822   0.59546   0.82383   0.13941   0.38482   0.14406   0.10842   0.46642   0.51348   0.47560   0.62555   0.43860   0.33618   0.12429   0.00316   0.00454   0.13272   0.54660   0.07397   1.36235   0.10607   1.21737   0.12013   0.32170   0.13801   0.16064   0.44072   0.05445   0.06563   0.34939   0.31115   0.22139   0.24334   0.18010   0.12155   0.51832   0.48038   1.03062   0.11243   0.67685   0.09582   0.54364   0.07881   1.28282   0.24586   0.11533   0.36138   0.38075   0.17856   0.29943   0.07301   0.40090   0.55886   1.92233   2.20558  -1.55806   0.02316  19.31481  
 87  0.5705 155975.781474  x:  2.23574   0.38490   0.30720   0.39692   0.36505   0.10069   0.66956   0.18988   0.38749   0.42561   0.87186   1.81434   1.24696   0.37814   0.64212   0.59568   0.81977   0.14008   0.38425   0.14374   0.10705   0.46697   0.51606   0.47599   0.62954   0.43790   0.33862   0.12471   0.00306   0.00468   0.13187   0.54606   0.07269   1.36907   0.10911   1.22052   0.12170   0.32121   0.13881   0.15927   0.43991   0.05493   0.06483   0.34895   0.31109   0.22182   0.24309   0.17956   0.12017   0.51765   0.48639   1.03132   0.11492   0.67726   0.09562   0.54183   0.08029   1.28039   0.24496   0.11441   0.36189   0.38083   0.17918   0.29682   0.07340   0.40224   0.55824   1.92067   2.21198  -1.54938   0.02313  23.46758  
 88  0.8859 155975.454239  x:  2.21862   0.38258   0.30640   0.39704   0.36281   0.09903   0.66905   0.18893   0.38604   0.42634   0.86584   1.80268   1.25322   0.38030   0.64033   0.59459   0.82574   0.13691   0.38237   0.14278   0.10848   0.46673   0.51373   0.47621   0.62569   0.44038   0.33669   0.12419   0.00297   0.00480   0.13337   0.54685   0.07095   1.35730   0.11494   1.21640   0.12053   0.32215   0.13766   0.16060   0.44097   0.05430   0.06517   0.34915   0.31161   0.22224   0.24336   0.17995   0.12106   0.51840   0.48159   1.03231   0.11455   0.67705   0.09456   0.54384   0.07813   1.28491   0.24837   0.11473   0.36088   0.38009   0.18092   0.29777   0.07410   0.39922   0.56009   1.92319   2.23119  -1.54265   0.02313  30.54230  
 89  2.1434 155975.306212  x:  2.21164   0.38227   0.30851   0.39656   0.36362   0.09808   0.67034   0.19037   0.38660   0.42651   0.86610   1.81815   1.25970   0.37788   0.63827   0.59788   0.82240   0.13773   0.38437   0.14369   0.10803   0.46735   0.51569   0.47629   0.62747   0.43730   0.33905   0.12450   0.00294   0.00483   0.13245   0.54694   0.06933   1.36107   0.11671   1.22285   0.12000   0.32274   0.13841   0.16059   0.44062   0.05462   0.06544   0.34936   0.31149   0.22135   0.24316   0.17970   0.12100   0.51935   0.48248   1.03184   0.11296   0.67679   0.09582   0.54449   0.07961   1.28327   0.24563   0.11539   0.36193   0.38105   0.17901   0.29800   0.07343   0.40106   0.55951   1.92469   2.22691  -1.53614   0.02315  35.96423  
 90  2.5784 155975.191405  x:  2.19951   0.38283   0.30680   0.39633   0.36426   0.09891   0.66865   0.18866   0.38633   0.42600   0.86807   1.82343   1.25614   0.37617   0.63959   0.59339   0.82537   0.13834   0.38374   0.14408   0.10784   0.46685   0.51529   0.47703   0.62813   0.43977   0.33601   0.12453   0.00301   0.00477   0.13264   0.54708   0.06865   1.36233   0.11752   1.22080   0.11822   0.32176   0.13808   0.15906   0.44094   0.05455   0.06502   0.34949   0.31119   0.22263   0.24322   0.18007   0.12065   0.51905   0.48429   1.03434   0.11287   0.67891   0.09539   0.54345   0.07807   1.28724   0.24695   0.11438   0.36145   0.38032   0.17959   0.29865   0.07310   0.39938   0.56086   1.92277   2.23158  -1.52549   0.02314  42.77548  
 91  1.8453 155974.962140  x:  2.19784   0.38190   0.30800   0.39743   0.36214   0.09986   0.66896   0.18859   0.38651   0.42667   0.86879   1.81735   1.25756   0.37670   0.63691   0.59500   0.81994   0.13902   0.38396   0.14305   0.10931   0.46785   0.51330   0.47555   0.62861   0.43812   0.33924   0.12420   0.00335   0.00442   0.13343   0.54899   0.06971   1.36041   0.11464   1.22117   0.11568   0.32221   0.13720   0.16151   0.43934   0.05442   0.06544   0.34954   0.31197   0.22031   0.24397   0.18022   0.12104   0.51873   0.48095   1.03216   0.11338   0.67795   0.09474   0.54382   0.07951   1.28109   0.24657   0.11591   0.36306   0.38169   0.17931   0.29911   0.07395   0.40039   0.55775   1.91966   2.24176  -1.50840   0.02315  54.84551  
 92  2.5835 155974.780592  x:  2.20707   0.38337   0.30850   0.39632   0.36382   0.09978   0.66889   0.19111   0.38688   0.42612   0.86755   1.81192   1.25835   0.37667   0.63914   0.59662   0.82505   0.13907   0.38472   0.14338   0.10794   0.46743   0.51594   0.47655   0.62748   0.43874   0.33729   0.12455   0.00364   0.00413   0.13213   0.54678   0.07091   1.36388   0.11141   1.22201   0.11723   0.32263   0.13834   0.16019   0.44158   0.05435   0.06533   0.34938   0.31136   0.22234   0.24317   0.17951   0.12133   0.51918   0.48356   1.03351   0.11351   0.67709   0.09581   0.54422   0.07905   1.28572   0.24602   0.11479   0.36102   0.38020   0.17924   0.29780   0.07367   0.40102   0.56027   1.92226   2.25867  -1.48898   0.02317  66.86503  
 93  5.2999 155974.690231  x:  2.21025   0.38184   0.30662   0.39726   0.36422   0.09886   0.67020   0.18960   0.38621   0.42698   0.86650   1.81193   1.25686   0.37721   0.63951   0.59580   0.82211   0.13745   0.38311   0.14369   0.10810   0.46661   0.51443   0.47688   0.62751   0.43860   0.33870   0.12427   0.00375   0.00406   0.13260   0.54691   0.07119   1.36156   0.11198   1.21913   0.12008   0.32118   0.13812   0.15978   0.44037   0.05463   0.06500   0.34937   0.31169   0.22169   0.24337   0.18036   0.12084   0.51874   0.48270   1.03167   0.11308   0.67801   0.09574   0.54333   0.07860   1.28304   0.24688   0.11479   0.36215   0.38155   0.17960   0.29838   0.07320   0.40028   0.55965   1.92412   2.26553  -1.49429   0.02315  82.61293  
 94  5.4757 155974.623700  x:  2.21464   0.38166   0.30892   0.39650   0.36281   0.09847   0.66945   0.18938   0.38641   0.42607   0.86792   1.81985   1.25473   0.37791   0.63943   0.59592   0.82432   0.13744   0.38400   0.14401   0.10843   0.46806   0.51533   0.47607   0.62796   0.43795   0.33762   0.12434   0.00374   0.00411   0.13260   0.54761   0.06997   1.36439   0.11240   1.22184   0.12120   0.32300   0.13846   0.16063   0.44113   0.05389   0.06528   0.34945   0.31113   0.22169   0.24316   0.17959   0.12124   0.51976   0.48282   1.03310   0.11283   0.67752   0.09536   0.54506   0.07943   1.28501   0.24616   0.11518   0.36146   0.38020   0.17960   0.29804   0.07322   0.40060   0.55999   1.92272   2.25790  -1.50325   0.02314  102.40524  
 95  7.0993 155974.553548  x:  2.21104   0.38244   0.30705   0.39633   0.36470   0.09874   0.66953   0.19018   0.38597   0.42660   0.86651   1.81844   1.25388   0.37648   0.63845   0.59554   0.82247   0.13782   0.38467   0.14323   0.10774   0.46589   0.51521   0.47670   0.62698   0.43893   0.33775   0.12426   0.00371   0.00417   0.13207   0.54628   0.06917   1.36170   0.11281   1.21847   0.11995   0.32204   0.13816   0.15916   0.44018   0.05502   0.06514   0.34910   0.31196   0.22196   0.24276   0.17991   0.12076   0.51841   0.48229   1.03162   0.11384   0.67717   0.09481   0.54293   0.07851   1.28216   0.24648   0.11469   0.36161   0.38112   0.17888   0.29828   0.07369   0.39984   0.55918   1.92174   2.25768  -1.50870   0.02315  136.26729  
 96  8.7827 155974.470519  x:  2.21120   0.38228   0.30803   0.39706   0.36259   0.09926   0.66877   0.18996   0.38713   0.42621   0.86807   1.81316   1.25439   0.37823   0.63995   0.59646   0.82332   0.13864   0.38279   0.14317   0.10816   0.46810   0.51441   0.47634   0.62749   0.43825   0.33848   0.12413   0.00367   0.00424   0.13290   0.54722   0.06949   1.36083   0.11315   1.22110   0.11813   0.32163   0.13796   0.16142   0.44047   0.05390   0.06495   0.34962   0.31060   0.22156   0.24368   0.17987   0.12107   0.51862   0.48316   1.03259   0.11361   0.67733   0.09534   0.54393   0.07939   1.28508   0.24653   0.11476   0.36149   0.38004   0.18036   0.29777   0.07327   0.40084   0.55988   1.92392   2.26113  -1.49960   0.02315  187.05496  
 97 14.1889 155974.392994  x:  2.21494   0.38387   0.30778   0.39693   0.36414   0.09909   0.67088   0.18995   0.38621   0.42643   0.86587   1.81488   1.26091   0.37768   0.63922   0.59630   0.82453   0.13856   0.38472   0.14405   0.10860   0.46690   0.51570   0.47618   0.62777   0.43850   0.33742   0.12473   0.00351   0.00439   0.13226   0.54722   0.06998   1.36452   0.11198   1.22175   0.11832   0.32276   0.13819   0.15952   0.44200   0.05459   0.06544   0.34868   0.31255   0.22222   0.24316   0.17978   0.12099   0.51979   0.48292   1.03256   0.11294   0.67768   0.09602   0.54448   0.07871   1.28361   0.24628   0.11555   0.36177   0.38156   0.17866   0.29777   0.07362   0.40109   0.55978   1.92339   2.26770  -1.48672   0.02315  262.65813  
 98 23.6181 155974.347736  x:  2.21169   0.38117   0.30759   0.39671   0.36415   0.09898   0.66957   0.18990   0.38648   0.42674   0.86807   1.81489   1.25717   0.37624   0.63923   0.59617   0.82303   0.13793   0.38383   0.14378   0.10808   0.46713   0.51526   0.47706   0.62759   0.43859   0.33857   0.12441   0.00335   0.00453   0.13254   0.54692   0.07083   1.36384   0.11145   1.22038   0.11905   0.32191   0.13835   0.16014   0.44049   0.05444   0.06527   0.35018   0.31121   0.22160   0.24329   0.17994   0.12126   0.51904   0.48326   1.03300   0.11303   0.67734   0.09593   0.54378   0.07895   1.28483   0.24653   0.11449   0.36166   0.38074   0.17969   0.29884   0.07331   0.40044   0.56011   1.92267   2.27683  -1.47763   0.02315  339.57259  
 99 36.3679 155974.333042  x:  2.21232   0.38193   0.30823   0.39682   0.36327   0.09890   0.66965   0.18972   0.38649   0.42645   0.86790   1.81600   1.25772   0.37719   0.63958   0.59579   0.82397   0.13750   0.38385   0.14351   0.10806   0.46766   0.51489   0.47636   0.62808   0.43837   0.33778   0.12442   0.00329   0.00457   0.13278   0.54753   0.07122   1.36404   0.11121   1.22117   0.11919   0.32228   0.13829   0.16029   0.44108   0.05434   0.06522   0.34912   0.31169   0.22199   0.24333   0.18004   0.12114   0.51944   0.48284   1.03282   0.11304   0.67803   0.09535   0.54457   0.07906   1.28431   0.24643   0.11518   0.36185   0.38089   0.17954   0.29796   0.07352   0.40057   0.55999   1.92265   2.27266  -1.47966   0.02315  400.50883  
100 30.9279 155974.315818  x:  2.21201   0.38308   0.30796   0.39701   0.36452   0.09879   0.67023   0.19061   0.38658   0.42703   0.86738   1.81811   1.25838   0.37652   0.63938   0.59682   0.82341   0.13775   0.38475   0.14334   0.10837   0.46694   0.51581   0.47675   0.62768   0.43907   0.33826   0.12471   0.00327   0.00451   0.13230   0.54722   0.07110   1.36503   0.11117   1.22148   0.11951   0.32256   0.13826   0.16021   0.44120   0.05455   0.06526   0.34994   0.31159   0.22194   0.24316   0.17985   0.12130   0.51952   0.48273   1.03330   0.11331   0.67777   0.09501   0.54423   0.07900   1.28478   0.24681   0.11482   0.36150   0.38101   0.17944   0.29860   0.07320   0.40118   0.55976   1.92308   2.28273  -1.46827   0.02315  519.63390  
101 26.8495 155974.294727  x:  2.21020   0.38199   0.30801   0.39691   0.36351   0.09855   0.66965   0.19019   0.38669   0.42639   0.86872   1.81685   1.25707   0.37766   0.63987   0.59622   0.82435   0.13752   0.38389   0.14341   0.10805   0.46775   0.51493   0.47698   0.62802   0.43873   0.33818   0.12434   0.00333   0.00436   0.13274   0.54717   0.07055   1.36369   0.11180   1.22066   0.11919   0.32181   0.13830   0.16025   0.44061   0.05452   0.06522   0.34936   0.31157   0.22205   0.24336   0.17992   0.12119   0.51883   0.48320   1.03262   0.11318   0.67761   0.09486   0.54381   0.07912   1.28463   0.24621   0.11493   0.36195   0.38100   0.17952   0.29820   0.07319   0.40056   0.56000   1.92339   2.26894  -1.48574   0.02315  699.13969  
102 56.6463 155974.285833  x:  2.21115   0.38283   0.30810   0.39682   0.36360   0.09878   0.66993   0.18976   0.38647   0.42658   0.86730   1.81510   1.25711   0.37704   0.63958   0.59630   0.82297   0.13791   0.38419   0.14377   0.10831   0.46716   0.51521   0.47626   0.62757   0.43862   0.33791   0.12446   0.00333   0.00432   0.13256   0.54712   0.07045   1.36361   0.11201   1.22091   0.11923   0.32253   0.13823   0.16030   0.44106   0.05430   0.06520   0.34940   0.31144   0.22174   0.24320   0.17993   0.12109   0.51939   0.48272   1.03273   0.11312   0.67778   0.09536   0.54438   0.07887   1.28407   0.24667   0.11499   0.36161   0.38069   0.17947   0.29817   0.07334   0.40073   0.55970   1.92266   2.27817  -1.47830   0.02315  844.77752  
103 65.2080 155974.279233  x:  2.21173   0.38197   0.30786   0.39673   0.36384   0.09903   0.66954   0.18990   0.38641   0.42656   0.86746   1.81517   1.25753   0.37691   0.63924   0.59593   0.82384   0.13799   0.38413   0.14362   0.10814   0.46725   0.51521   0.47660   0.62773   0.43856   0.33811   0.12447   0.00331   0.00434   0.13251   0.54721   0.07049   1.36369   0.11195   1.22076   0.11924   0.32231   0.13833   0.16012   0.44082   0.05446   0.06527   0.34950   0.31152   0.22179   0.24322   0.17989   0.12116   0.51919   0.48281   1.03272   0.11314   0.67746   0.09577   0.54407   0.07902   1.28422   0.24645   0.11492   0.36164   0.38087   0.17948   0.29825   0.07349   0.40053   0.55983   1.92267   2.27378  -1.48238   0.02315  999.00000  
104 73.7775 155974.276224  x:  2.21104   0.38237   0.30802   0.39685   0.36359   0.09883   0.66987   0.18995   0.38653   0.42655   0.86773   1.81586   1.25715   0.37716   0.63953   0.59627   0.82326   0.13779   0.38399   0.14357   0.10820   0.46733   0.51508   0.47652   0.62774   0.43857   0.33799   0.12441   0.00333   0.00439   0.13265   0.54715   0.07062   1.36366   0.11181   1.22086   0.11919   0.32219   0.13825   0.16026   0.44096   0.05439   0.06522   0.34940   0.31152   0.22187   0.24326   0.17994   0.12112   0.51926   0.48295   1.03276   0.11315   0.67779   0.09527   0.54424   0.07898   1.28438   0.24651   0.11495   0.36172   0.38080   0.17950   0.29817   0.07334   0.40065   0.55986   1.92291   2.27520  -1.48002   0.02315  999.00000  
105  0.0020 155974.275433  x:  2.21166   0.38212   0.30794   0.39683   0.36374   0.09893   0.66971   0.18997   0.38650   0.42657   0.86769   1.81594   1.25745   0.37703   0.63945   0.59608   0.82378   0.13784   0.38403   0.14357   0.10818   0.46735   0.51517   0.47660   0.62779   0.43857   0.33809   0.12445   0.00336   0.00441   0.13258   0.54723   0.07054   1.36379   0.11172   1.22087   0.11917   0.32222   0.13826   0.16021   0.44090   0.05442   0.06523   0.34947   0.31154   0.22187   0.24327   0.17992   0.12115   0.51924   0.48291   1.03276   0.11315   0.67766   0.09542   0.54416   0.07901   1.28431   0.24648   0.11494   0.36172   0.38088   0.17949   0.29823   0.07338   0.40065   0.55990   1.92290   2.27470  -1.48019   0.02315  999.00000  
106  0.0007 155974.275393  x:  2.21162   0.38214   0.30794   0.39681   0.36372   0.09892   0.66973   0.18995   0.38648   0.42656   0.86765   1.81579   1.25737   0.37705   0.63940   0.59612   0.82357   0.13784   0.38402   0.14358   0.10816   0.46732   0.51514   0.47659   0.62776   0.43855   0.33805   0.12444   0.00336   0.00441   0.13258   0.54719   0.07052   1.36372   0.11175   1.22085   0.11918   0.32221   0.13827   0.16020   0.44090   0.05442   0.06524   0.34946   0.31154   0.22186   0.24326   0.17992   0.12115   0.51923   0.48292   1.03277   0.11314   0.67765   0.09544   0.54416   0.07900   1.28436   0.24647   0.11494   0.36170   0.38086   0.17949   0.29823   0.07339   0.40062   0.55989   1.92285   2.27414  -1.48092   0.02315  999.00000  
107  0.0009 155974.275390  x:  2.21157   0.38215   0.30794   0.39681   0.36371   0.09892   0.66972   0.18995   0.38649   0.42656   0.86765   1.81576   1.25735   0.37705   0.63941   0.59610   0.82360   0.13784   0.38402   0.14358   0.10816   0.46732   0.51514   0.47657   0.62777   0.43855   0.33805   0.12444   0.00336   0.00441   0.13259   0.54720   0.07051   1.36371   0.11175   1.22085   0.11920   0.32222   0.13827   0.16020   0.44091   0.05442   0.06524   0.34946   0.31154   0.22186   0.24326   0.17993   0.12115   0.51923   0.48291   1.03276   0.11314   0.67766   0.09544   0.54416   0.07900   1.28433   0.24648   0.11494   0.36170   0.38086   0.17949   0.29822   0.07340   0.40062   0.55988   1.92285   2.27430  -1.48074   0.02315  999.00000  
108  0.0002 155974.275390  x:  2.21156   0.38214   0.30794   0.39681   0.36371   0.09892   0.66972   0.18995   0.38649   0.42656   0.86765   1.81577   1.25737   0.37705   0.63941   0.59610   0.82360   0.13784   0.38402   0.14357   0.10816   0.46732   0.51514   0.47658   0.62777   0.43855   0.33805   0.12444   0.00336   0.00441   0.13259   0.54720   0.07051   1.36372   0.11175   1.22085   0.11920   0.32222   0.13827   0.16020   0.44091   0.05442   0.06524   0.34946   0.31154   0.22186   0.24326   0.17993   0.12115   0.51924   0.48291   1.03277   0.11314   0.67767   0.09544   0.54416   0.07900   1.28434   0.24648   0.11494   0.36170   0.38086   0.17950   0.29822   0.07340   0.40062   0.55988   1.92285   2.27428  -1.48071   0.02315  999.00000  