

TREE # 1

  0  0.0000 177558.703277  x:  1.93008   0.38762   0.31616   0.40622   0.36157   0.10063   0.76570   0.18691   0.50595   0.41567   0.82710   1.65034   1.15308   0.44253   0.60335   0.59829   0.79141   0.14567   0.39396   0.13702   0.12211   0.45131   0.53418   0.46895   0.61484   0.44119   0.34474   0.13164   0.00343   0.00448   0.13101   0.52479   0.22332   1.26404   0.13132   1.18031   0.13010   0.34248   0.14101   0.16779   0.44159   0.05445   0.06636   0.35148   0.30752   0.22266   0.24627   0.18051   0.11955   0.50518   0.53216   1.01344   0.12459   0.66048   0.09885   0.53839   0.08353   1.24556   0.25896   0.11185   0.36294   0.37832   0.17904   0.29025   0.07521   0.39852   0.54566   2.00000   1.28881   0.08796   0.27129  
  1 99.0000 158325.300004  x:  1.92822   0.38530   0.31426   0.40471   0.36035   0.09863   0.76365   0.18510   0.50400   0.41424   0.82516   1.64855   1.15099   0.44002   0.60133   0.59645   0.78953   0.14335   0.39192   0.13554   0.12041   0.44974   0.53257   0.46739   0.61334   0.43916   0.34325   0.13171   0.00589   0.00557   0.13096   0.52342   0.22078   1.26229   0.12889   1.17862   0.12791   0.34079   0.13964   0.16710   0.44103   0.05466   0.06692   0.35135   0.30752   0.22259   0.24647   0.18101   0.11923   0.50456   0.53104   1.01209   0.12289   0.65941   0.09767   0.53747   0.08243   1.24410   0.25770   0.11182   0.36212   0.37765   0.17861   0.29051   0.07567   0.39868   0.54565   2.00572   1.28290   0.09402   0.03413  
  2 78822.6001 158105.689659  x:  1.92925   0.38659   0.31689   0.40872   0.36541   0.10126   0.76503   0.18818   0.50536   0.41840   0.82710   1.64988   1.15191   0.43571   0.60277   0.59900   0.79181   0.14392   0.39348   0.13933   0.12354   0.45355   0.53623   0.47083   0.61713   0.44073   0.34675   0.14134   0.00583   0.00731   0.14048   0.52776   0.22052   1.26419   0.13001   1.18079   0.13010   0.34287   0.14309   0.17252   0.44763   0.06394   0.07728   0.35991   0.31654   0.23154   0.25631   0.19209   0.12697   0.51118   0.53518   1.01560   0.12551   0.66380   0.10227   0.54246   0.08758   1.24693   0.26118   0.11973   0.36819   0.38419   0.18606   0.30007   0.08644   0.40784   0.55410   2.00590   1.33037   0.04755   0.02594  
  3 4994.3549 157944.274124  x:  1.91810   0.37199   0.30666   0.40298   0.36311   0.08988   0.75217   0.17894   0.49258   0.41349   0.81618   1.63963   1.13886   0.41081   0.59050   0.58948   0.78175   0.12798   0.38097   0.13341   0.11492   0.44740   0.52945   0.46405   0.61152   0.42836   0.34069   0.14947   0.01574   0.00000   0.14777   0.52382   0.20182   1.25478   0.11408   1.17211   0.11715   0.33307   0.13691   0.17277   0.45154   0.07228   0.08930   0.36898   0.32686   0.24029   0.26828   0.20672   0.13325   0.51532   0.53231   1.01101   0.11609   0.66220   0.09840   0.54220   0.08533   1.24064   0.25592   0.12796   0.36975   0.38740   0.19070   0.31288   0.09978   0.42017   0.56482   2.04625   1.35548   0.02488   0.02659  
  4 2406.9724 157694.964877  x:  1.87999   0.32214   0.27179   0.38331   0.35514   0.05122   0.70824   0.14746   0.44895   0.39665   0.77886   1.60457   1.09427   0.32591   0.54863   0.55697   0.74736   0.07370   0.33831   0.11324   0.08558   0.42637   0.50623   0.44089   0.59233   0.38616   0.31997   0.17652   0.04734   0.01709   0.17191   0.51028   0.13808   1.22262   0.05989   1.14242   0.07310   0.29960   0.11578   0.17329   0.46460   0.09988   0.12925   0.39945   0.36151   0.26953   0.30841   0.25568   0.15431   0.52921   0.52238   0.99527   0.08409   0.65666   0.08520   0.54121   0.07751   1.21909   0.23786   0.15552   0.37482   0.39808   0.20610   0.35595   0.14433   0.46173   0.60097   2.18365   1.43973  -0.05107   0.02918  
  5 120455.9145 157583.977447  x:  1.86693   0.30724   0.26479   0.37839   0.35408   0.05011   0.69451   0.14327   0.43575   0.39337   0.76771   1.59282   1.07933   0.29929   0.53649   0.54746   0.73669   0.06345   0.32698   0.11133   0.08203   0.42165   0.50020   0.43578   0.58775   0.37456   0.31449   0.17304   0.00000   0.01679   0.16802   0.50721   0.12209   1.21285   0.05367   1.13337   0.06966   0.29132   0.11131   0.17020   0.46639   0.09691   0.12697   0.40377   0.36604   0.27022   0.31124   0.25807   0.15787   0.53265   0.51873   0.99052   0.08206   0.65585   0.08538   0.54136   0.07666   1.21213   0.23225   0.15803   0.37478   0.39976   0.20597   0.36194   0.14555   0.46962   0.60890   2.22074   1.46598  -0.07509   0.02922  
  6 3029.8307 157405.499094  x:  1.80942   0.25211   0.25493   0.36438   0.35601   0.09363   0.64000   0.15263   0.38619   0.38943   0.72604   1.54221   1.01526   0.19877   0.49365   0.51301   0.69492   0.06259   0.29268   0.12364   0.09368   0.41143   0.48184   0.42509   0.57592   0.33735   0.29800   0.11900   0.00932   0.01610   0.11365   0.50035   0.08327   1.17518   0.08438   1.09806   0.10495   0.26906   0.10501   0.14560   0.46413   0.04173   0.06122   0.39880   0.35764   0.23968   0.28273   0.21586   0.15938   0.54196   0.50139   0.97244   0.10843   0.65630   0.10293   0.54318   0.08052   1.18329   0.21080   0.14277   0.36744   0.39889   0.18530   0.35446   0.09937   0.47869   0.62520   2.34244   1.57935  -0.18165   0.02867  
  7 2020.3436 157342.713320  x:  1.76475   0.22455   0.25073   0.35404   0.35298   0.10161   0.60335   0.16042   0.36051   0.38795   0.70189   1.50364   0.96810   0.18038   0.47242   0.49418   0.66842   0.10694   0.28430   0.13011   0.09877   0.40532   0.46925   0.41887   0.56728   0.32593   0.29271   0.15493   0.00678   0.01588   0.15529   0.49603   0.10453   1.14700   0.10774   1.07000   0.11879   0.26010   0.11330   0.14026   0.45846   0.06174   0.05486   0.38228   0.33980   0.22607   0.25342   0.18310   0.14827   0.53622   0.48213   0.95788   0.10542   0.65008   0.09340   0.53443   0.07747   1.15988   0.19872   0.12272   0.35420   0.38689   0.16604   0.33002   0.05533   0.46186   0.61513   2.39469   1.63049  -0.23374   0.02873  
  8 1196.1346 157301.560811  x:  1.70723   0.21373   0.25192   0.34546   0.34760   0.09245   0.56743   0.16912   0.34791   0.38980   0.68443   1.45532   0.91060   0.20622   0.45703   0.48236   0.64481   0.14405   0.28844   0.13181   0.09929   0.40121   0.45837   0.41356   0.55718   0.32717   0.29077   0.12185   0.00470   0.01619   0.12450   0.49191   0.14758   1.11217   0.11452   1.03477   0.11373   0.25754   0.12463   0.14236   0.44300   0.07786   0.08953   0.35799   0.31597   0.22799   0.24395   0.18715   0.13151   0.51937   0.45856   0.93915   0.09119   0.63881   0.07892   0.51886   0.08135   1.13079   0.20095   0.11712   0.34154   0.37028   0.16793   0.30596   0.06287   0.43288   0.58953   2.41203   1.67281  -0.28274   0.02871  
  9 768.5585 157274.888953  x:  1.64685   0.22217   0.25813   0.34171   0.34240   0.08484   0.54359   0.17417   0.34895   0.39142   0.67744   1.40621   0.85366   0.22278   0.44750   0.47991   0.62991   0.14265   0.29548   0.12830   0.09706   0.39935   0.45237   0.40955   0.54727   0.33299   0.29125   0.13256   0.00385   0.01596   0.13187   0.48787   0.16707   1.07733   0.10279   1.00116   0.10196   0.26051   0.12467   0.14004   0.42169   0.04429   0.07050   0.33558   0.29432   0.21851   0.24783   0.19628   0.12470   0.50085   0.44329   0.91943   0.09428   0.62751   0.08703   0.50426   0.08524   1.10187   0.20963   0.12523   0.33578   0.35856   0.18027   0.29454   0.09154   0.40595   0.55991   2.39337   1.70017  -0.31854   0.02869  
 10 682.8115 157245.667284  x:  1.54354   0.25090   0.26861   0.34165   0.33549   0.08853   0.52616   0.17440   0.35902   0.38843   0.67619   1.32569   0.76414   0.21602   0.43981   0.48637   0.61769   0.09843   0.30378   0.12169   0.09543   0.39845   0.44932   0.40567   0.53391   0.34053   0.29040   0.13156   0.00461   0.01558   0.12733   0.47955   0.15963   1.02350   0.08241   0.95277   0.09800   0.26746   0.11750   0.15460   0.40823   0.07391   0.06061   0.33460   0.30076   0.21794   0.24441   0.18101   0.14182   0.48023   0.43653   0.88883   0.11120   0.60856   0.10124   0.48375   0.07328   1.05606   0.21106   0.12340   0.33147   0.34841   0.17719   0.28295   0.08515   0.37447   0.51766   2.31759   1.72516  -0.35830   0.02879  
 11 610.0073 157226.446423  x:  1.45129   0.26390   0.26289   0.34152   0.33066   0.08442   0.52650   0.16549   0.35937   0.37893   0.67308   1.25902   0.69755   0.20765   0.44226   0.49331   0.61343   0.08853   0.30618   0.12196   0.09498   0.39608   0.44828   0.40382   0.52846   0.34195   0.28777   0.13077   0.00419   0.01550   0.13286   0.47199   0.14980   0.98539   0.10096   0.92038   0.11296   0.26504   0.10701   0.13884   0.40296   0.05259   0.07896   0.35000   0.31439   0.22212   0.24148   0.17995   0.13680   0.47245   0.43921   0.86608   0.09522   0.59221   0.08188   0.47531   0.07324   1.02275   0.20656   0.11344   0.33119   0.34995   0.16664   0.29314   0.07605   0.38758   0.51465   2.23339   1.73401  -0.38244   0.02884  
 12 551.9443 157216.775948  x:  1.38831   0.25862   0.25155   0.33969   0.32866   0.07980   0.53319   0.15976   0.35355   0.37209   0.66673   1.21846   0.66552   0.20485   0.44541   0.49369   0.61168   0.10524   0.30152   0.12136   0.09162   0.39164   0.44630   0.40087   0.52786   0.33648   0.28463   0.12847   0.00403   0.01552   0.12992   0.46775   0.14414   0.96553   0.10807   0.90534   0.11459   0.26099   0.11522   0.13876   0.41275   0.06683   0.06107   0.34646   0.30701   0.21835   0.24183   0.18637   0.13412   0.47709   0.44356   0.85718   0.08975   0.58817   0.08547   0.48030   0.08462   1.00710   0.20517   0.11769   0.33274   0.35576   0.16822   0.30310   0.07896   0.40788   0.53091   2.17880   1.73033  -0.39144   0.02895  
 13 439.8635 157212.790260  x:  1.34823   0.24578   0.24797   0.33939   0.33148   0.08655   0.54049   0.16407   0.35092   0.37426   0.66120   1.19884   0.66135   0.20543   0.44457   0.48931   0.61133   0.11171   0.29357   0.12107   0.09281   0.38936   0.44596   0.39940   0.53059   0.32830   0.28391   0.13137   0.00423   0.01551   0.12937   0.46900   0.14369   0.95974   0.09908   0.90387   0.10609   0.25848   0.12020   0.14413   0.41799   0.05853   0.07392   0.34268   0.30385   0.21909   0.24396   0.18674   0.13396   0.48574   0.44566   0.85813   0.10052   0.59304   0.09400   0.48823   0.07927   1.00492   0.20188   0.12093   0.33239   0.35749   0.17036   0.29801   0.07349   0.40994   0.54361   2.15438   1.72403  -0.39611   0.02903  
 14 210.5653 157209.899375  x:  1.30611   0.23276   0.24914   0.33998   0.33625   0.08765   0.54550   0.16607   0.35214   0.38083   0.65885   1.18484   0.67273   0.20729   0.44147   0.48363   0.61282   0.10577   0.28749   0.12151   0.09484   0.39002   0.44737   0.39994   0.53565   0.32175   0.28525   0.12962   0.00451   0.01540   0.13045   0.47444   0.14898   0.96173   0.09390   0.91116   0.10320   0.25553   0.11494   0.14386   0.42042   0.05965   0.06691   0.34230   0.30602   0.21913   0.24441   0.18287   0.13201   0.49338   0.44435   0.86409   0.09461   0.59961   0.08183   0.49435   0.07114   1.01080   0.20159   0.11816   0.33128   0.35555   0.17247   0.29330   0.07829   0.40219   0.55039   2.14092   1.71851  -0.40584   0.02901  
 15 141.9451 157207.227737  x:  1.25786   0.22510   0.25071   0.33781   0.33662   0.08229   0.54509   0.16111   0.35154   0.38282   0.66038   1.17237   0.69220   0.20563   0.43799   0.47837   0.61433   0.09945   0.28615   0.11949   0.09096   0.39025   0.44699   0.39978   0.53920   0.31953   0.28472   0.13030   0.00445   0.01542   0.13149   0.47856   0.15211   0.96780   0.09875   0.92285   0.11010   0.25649   0.11226   0.14026   0.41786   0.06178   0.06823   0.34515   0.31032   0.22073   0.24415   0.18593   0.13065   0.49489   0.44066   0.87163   0.09585   0.60659   0.08854   0.49858   0.08163   1.02047   0.20697   0.11608   0.33028   0.35308   0.17318   0.29236   0.07873   0.39283   0.54850   2.13680   1.70766  -0.41584   0.02905  
 16 165.0606 157203.476210  x:  1.18808   0.23248   0.25583   0.33556   0.33231   0.08546   0.54009   0.15853   0.35046   0.37795   0.67136   1.15905   0.72548   0.19994   0.43731   0.47754   0.61712   0.10807   0.29561   0.11935   0.09072   0.39173   0.44651   0.40172   0.54128   0.32733   0.28155   0.13239   0.00419   0.01547   0.12838   0.47971   0.14636   0.97926   0.10075   0.93933   0.10791   0.26143   0.11937   0.14385   0.41222   0.06023   0.06919   0.34634   0.30819   0.21865   0.24235   0.18766   0.13821   0.48924   0.43900   0.88203   0.09364   0.60842   0.08668   0.49138   0.07408   1.03456   0.20258   0.12212   0.33456   0.35562   0.17061   0.30200   0.07863   0.39605   0.53968   2.14339   1.68818  -0.43532   0.02907  
 17 155.1501 157201.254990  x:  1.15691   0.24214   0.25325   0.33990   0.33299   0.08515   0.53872   0.16666   0.35359   0.37694   0.67870   1.15663   0.74105   0.20289   0.44074   0.48301   0.61915   0.10925   0.29847   0.12022   0.09528   0.39302   0.44737   0.40305   0.53858   0.33155   0.28182   0.12765   0.00429   0.01544   0.13254   0.47695   0.14195   0.98509   0.09533   0.94386   0.10045   0.25821   0.11106   0.14045   0.41605   0.06177   0.06915   0.34417   0.30493   0.22029   0.24539   0.18446   0.13165   0.48469   0.44189   0.88225   0.09614   0.60431   0.08863   0.48753   0.08040   1.03951   0.20317   0.11759   0.33301   0.35636   0.16786   0.29914   0.07551   0.40768   0.53877   2.15203   1.67407  -0.45236   0.02906  
 18 112.3456 157197.413992  x:  1.13168   0.25124   0.24265   0.34688   0.33599   0.08039   0.53954   0.17161   0.35745   0.37881   0.68439   1.16315   0.75329   0.21108   0.45066   0.49580   0.62100   0.10019   0.29273   0.11948   0.08937   0.39246   0.44725   0.40160   0.52963   0.33106   0.28816   0.13407   0.00394   0.01549   0.12749   0.47025   0.14536   0.99239   0.10265   0.94196   0.11162   0.25678   0.11566   0.14803   0.42564   0.05925   0.06865   0.34155   0.30687   0.21986   0.24289   0.18246   0.13274   0.48560   0.45271   0.87463   0.10167   0.59200   0.08609   0.48495   0.07632   1.03775   0.20362   0.11800   0.32986   0.35761   0.17599   0.28791   0.07667   0.41564   0.54418   2.16578   1.64045  -0.48751   0.02908  
 19 83.7165 157182.821984  x:  1.09928   0.25895   0.24355   0.34870   0.33792   0.10689   0.55189   0.15924   0.35730   0.38555   0.69043   1.20360   0.76957   0.19515   0.47909   0.52570   0.62159   0.09845   0.28446   0.13921   0.10438   0.39729   0.45526   0.40687   0.51875   0.32903   0.30888   0.12856   0.00349   0.01558   0.13502   0.45893   0.15222   1.00954   0.09787   0.92040   0.11326   0.26074   0.13283   0.14259   0.43073   0.06046   0.06631   0.34736   0.31685   0.21889   0.24346   0.20277   0.12735   0.49452   0.46834   0.84527   0.07861   0.57008   0.09711   0.49634   0.07730   1.02196   0.21238   0.12242   0.33049   0.35902   0.18573   0.28412   0.07019   0.39020   0.55563   2.18284   1.49963  -0.62657   0.02915  
 20 163.2760 157147.812864  x:  1.06874   0.25355   0.25339   0.34082   0.33860   0.10147   0.57803   0.13943   0.35491   0.39753   0.69464   1.30151   0.78961   0.15171   0.52306   0.56182   0.61969   0.11756   0.29183   0.14484   0.09556   0.40380   0.46644   0.41181   0.51687   0.33531   0.33218   0.12307   0.00238   0.01565   0.13823   0.45347   0.16341   1.04407   0.08810   0.87918   0.10569   0.27912   0.13094   0.13056   0.42178   0.06578   0.07506   0.35929   0.31987   0.21905   0.23234   0.16891   0.12318   0.51037   0.47149   0.79829   0.11471   0.56455   0.09187   0.52254   0.07764   0.99186   0.21675   0.10633   0.33935   0.35760   0.17346   0.32055   0.11028   0.36409   0.57556   2.18439   1.16321  -0.97877   0.02910  
 21 689.3207 157075.194526  x:  1.05913   0.23191   0.27579   0.33187   0.34225   0.06177   0.61207   0.15802   0.35288   0.40531   0.69732   1.47524   0.80599   0.11098   0.56033   0.57845   0.61293   0.11925   0.31852   0.11716   0.07070   0.40949   0.47407   0.41472   0.53809   0.34815   0.32931   0.13010   0.00081   0.01521   0.12043   0.46338   0.16381   1.09841   0.09320   0.83353   0.10019   0.29371   0.10345   0.14898   0.40218   0.06071   0.05380   0.36162   0.30207   0.23045   0.28176   0.20200   0.14442   0.52435   0.44798   0.76120   0.12623   0.59696   0.06858   0.54876   0.07496   0.95722   0.21172   0.10304   0.35898   0.36236   0.13431   0.33228   0.05646   0.36042   0.58193   2.14843   0.50631  -1.69198   0.02866  
 22 1616.3031 157007.187380  x:  1.06732   0.22233   0.28634   0.33062   0.34310   0.06707   0.61831   0.16795   0.34898   0.40039   0.69793   1.55747   0.80485   0.11153   0.56117   0.56893   0.60824   0.10284   0.32728   0.10802   0.08055   0.41116   0.47367   0.41693   0.55401   0.34953   0.31348   0.13065   0.00000   0.01512   0.12343   0.47153   0.15233   1.11934   0.09740   0.82491   0.10641   0.29223   0.10037   0.15415   0.39738   0.06241   0.05759   0.36345   0.30320   0.22750   0.27259   0.18961   0.14929   0.52285   0.43183   0.76354   0.10961   0.62032   0.07620   0.55210   0.07926   0.94901   0.21193   0.11844   0.36457   0.36653   0.14307   0.33386   0.05475   0.38314   0.57847   2.12349   0.13692  -2.08570   0.02857  
 23 3432.9437 157007.187380  x:  1.06732   0.22233   0.28634   0.33062   0.34310   0.06707   0.61831   0.16795   0.34898   0.40039   0.69793   1.55747   0.80485   0.11153   0.56117   0.56893   0.60824   0.10284   0.32728   0.10802   0.08055   0.41116   0.47367   0.41693   0.55401   0.34953   0.31348   0.13065   0.00000   0.01512   0.12343   0.47153   0.15233   1.11934   0.09740   0.82491   0.10641   0.29223   0.10037   0.15415   0.39738   0.06241   0.05759   0.36345   0.30320   0.22750   0.27259   0.18961   0.14929   0.52285   0.43183   0.76354   0.10961   0.62032   0.07620   0.55210   0.07926   0.94901   0.21193   0.11844   0.36457   0.36653   0.14307   0.33386   0.05475   0.38314   0.57847   2.12349   0.13692  -2.08570   0.02857  
 24 3677.2148 156980.446912  x:  1.06736   0.22237   0.28637   0.33066   0.34313   0.06712   0.61833   0.16798   0.34901   0.40042   0.69797   1.55748   0.80488   0.11157   0.56118   0.56894   0.60827   0.10287   0.32730   0.10806   0.08059   0.41119   0.47370   0.41696   0.55404   0.34955   0.31350   0.13069   0.00016   0.01492   0.12348   0.47156   0.15236   1.11936   0.09743   0.82496   0.10644   0.29225   0.10042   0.15418   0.39742   0.06244   0.05763   0.36347   0.30324   0.22752   0.27260   0.18963   0.14930   0.52286   0.43187   0.76359   0.10963   0.62035   0.07624   0.55211   0.07929   0.94905   0.21196   0.11846   0.36458   0.36656   0.14313   0.33388   0.05481   0.38318   0.57849   2.12341   0.13713  -2.08590   0.03158  
 25 18232.7348 156920.606928  x:  1.07051   0.22538   0.28786   0.33342   0.34530   0.07043   0.61949   0.16989   0.35132   0.40213   0.70026   1.55827   0.80657   0.11462   0.56206   0.57003   0.61067   0.10480   0.32891   0.11082   0.08355   0.41322   0.47552   0.41905   0.55618   0.35143   0.31505   0.13336   0.01098   0.00000   0.12703   0.47384   0.15465   1.12071   0.09955   0.82855   0.10905   0.29361   0.10385   0.15573   0.40029   0.06465   0.06079   0.36511   0.30577   0.22934   0.27293   0.19124   0.15040   0.52416   0.43418   0.76743   0.11055   0.62207   0.07902   0.55295   0.08143   0.95212   0.21410   0.12059   0.36584   0.36844   0.14716   0.33499   0.05957   0.38630   0.57994   2.11816   0.15184  -2.10053   0.03131  
 26 2710.9958 156729.736757  x:  1.10245   0.25580   0.30287   0.36131   0.36716   0.10360   0.63129   0.18917   0.37463   0.41939   0.72345   1.56625   0.82372   0.14502   0.57101   0.58098   0.63505   0.12417   0.34513   0.13854   0.11325   0.43373   0.49386   0.44021   0.57784   0.37041   0.33065   0.15978   0.09845   0.01602   0.16211   0.49689   0.17762   1.13436   0.12084   0.86494   0.13518   0.30736   0.13826   0.17119   0.42912   0.08650   0.09199   0.38151   0.33109   0.24752   0.27622   0.20725   0.16127   0.53723   0.45751   0.80632   0.11976   0.63949   0.10674   0.56143   0.10284   0.98326   0.23555   0.14177   0.37842   0.38731   0.18751   0.34609   0.10684   0.41760   0.59453   2.06485   0.30026  -2.24812   0.02872  
 27 9618.7254 156315.404539  x:  1.14174   0.28971   0.31759   0.39014   0.38905   0.13139   0.64444   0.20732   0.39868   0.43756   0.75034   1.57609   0.84453   0.16445   0.58156   0.59378   0.66396   0.14187   0.36277   0.16387   0.13895   0.45551   0.51306   0.46247   0.60131   0.39150   0.34699   0.16725   0.00000   0.00652   0.17782   0.52232   0.19886   1.15104   0.14027   0.90704   0.15870   0.32215   0.16898   0.18221   0.45631   0.09506   0.10681   0.39415   0.35157   0.25903   0.27591   0.21666   0.16767   0.55040   0.48197   0.84984   0.12677   0.65816   0.12780   0.57008   0.11840   1.01973   0.25518   0.15573   0.39011   0.40527   0.21949   0.35137   0.13629   0.44472   0.60771   2.00055   0.44914  -2.39545   0.02712  
 28 4820.1265 156171.159545  x:  1.19862   0.32352   0.32311   0.40865   0.39957   0.12509   0.65708   0.21111   0.41318   0.44960   0.78148   1.59044   0.87361   0.13056   0.59442   0.60826   0.70012   0.14577   0.37833   0.16720   0.13501   0.47227   0.52693   0.47837   0.62177   0.41251   0.35847   0.09890   0.00569   0.00677   0.11232   0.54530   0.20436   1.17401   0.14335   0.95644   0.16069   0.33412   0.17015   0.16837   0.46370   0.04558   0.05010   0.38344   0.34083   0.23615   0.25835   0.19161   0.15005   0.55626   0.49946   0.89500   0.12017   0.67362   0.11175   0.57456   0.10174   1.06423   0.25780   0.13078   0.39017   0.40972   0.20294   0.32710   0.08432   0.44081   0.60735   1.92335   0.54586  -2.48786   0.02569  
 29 1506.6037 156118.669188  x:  1.24650   0.34076   0.31881   0.40940   0.39482   0.10539   0.66230   0.20271   0.41165   0.44867   0.80094   1.60242   0.89754   0.11891   0.60243   0.61501   0.72430   0.14102   0.38384   0.15509   0.11578   0.47628   0.52924   0.48129   0.62986   0.42226   0.35982   0.13686   0.00625   0.00663   0.14361   0.55382   0.20167   1.19149   0.13516   0.99034   0.14866   0.33577   0.15641   0.15633   0.46147   0.03483   0.03713   0.37016   0.32680   0.22324   0.24807   0.17603   0.12895   0.55265   0.50210   0.92262   0.10851   0.67964   0.08855   0.57307   0.07907   1.09557   0.25087   0.10336   0.38190   0.40328   0.17792   0.30525   0.04061   0.42523   0.59891   1.88152   0.59022  -2.52928   0.02514  
 30 1166.9976 156082.105451  x:  1.31031   0.35391   0.30789   0.39983   0.37897   0.07545   0.66482   0.18547   0.39969   0.43935   0.82050   1.61806   0.92873   0.13279   0.61024   0.61844   0.75010   0.12913   0.38445   0.13139   0.08595   0.47401   0.52500   0.47793   0.63356   0.42773   0.35326   0.12948   0.00611   0.00655   0.13237   0.55554   0.19353   1.21301   0.11841   1.02894   0.12567   0.33119   0.13237   0.15096   0.45466   0.06897   0.07799   0.35634   0.31393   0.22215   0.24680   0.17629   0.10679   0.54266   0.49702   0.95072   0.09605   0.68266   0.06686   0.56837   0.05757   1.13193   0.24084   0.08511   0.37001   0.39158   0.15730   0.29354   0.04651   0.40735   0.58635   1.84600   0.62291  -2.55891   0.02477  
 31 924.9017 156057.588934  x:  1.38307   0.35966   0.29624   0.38356   0.35719   0.05898   0.66426   0.16882   0.38119   0.42458   0.83591   1.63536   0.96329   0.14107   0.61560   0.61612   0.77186   0.11190   0.37912   0.10917   0.06944   0.46693   0.51556   0.47081   0.63286   0.42630   0.33963   0.13131   0.00561   0.00648   0.13471   0.54921   0.17973   1.23576   0.10129   1.06655   0.10436   0.32225   0.10912   0.14754   0.43739   0.05254   0.06531   0.33949   0.29738   0.21315   0.25043   0.18268   0.09950   0.52893   0.48679   0.97378   0.09851   0.68235   0.07902   0.56266   0.06740   1.16768   0.23746   0.10402   0.36214   0.38188   0.16299   0.29843   0.08506   0.39352   0.57201   1.82680   0.64182  -2.57389   0.02455  
 32 681.5627 156038.400162  x:  1.48346   0.35568   0.29017   0.36565   0.33586   0.08612   0.66034   0.16535   0.36074   0.40788   0.84741   1.65846   1.00943   0.13636   0.61849   0.60458   0.79027   0.09573   0.36754   0.10660   0.09473   0.45654   0.50105   0.46242   0.62909   0.41657   0.31872   0.12711   0.00551   0.00644   0.13456   0.53359   0.16132   1.26510   0.09582   1.10927   0.09809   0.31122   0.11101   0.16594   0.42069   0.05879   0.06769   0.33997   0.30325   0.22109   0.24934   0.18427   0.12581   0.51389   0.47210   0.99477   0.10908   0.67410   0.09077   0.54961   0.07837   1.20672   0.22941   0.12091   0.35266   0.37012   0.16691   0.29804   0.06333   0.37477   0.55123   1.82746   0.64988  -2.57529   0.02434  
 33 455.6549 156024.975873  x:  1.59394   0.34081   0.28684   0.36703   0.34008   0.09490   0.65337   0.17586   0.36007   0.40676   0.85061   1.68358   1.05862   0.15252   0.62015   0.58739   0.79955   0.10893   0.35790   0.12422   0.10557   0.44618   0.48623   0.45482   0.62284   0.40687   0.30995   0.12743   0.00522   0.00644   0.13435   0.52096   0.15729   1.29538   0.11195   1.14503   0.11320   0.30444   0.12327   0.15786   0.41457   0.05060   0.05970   0.35175   0.31446   0.22352   0.24436   0.17545   0.12880   0.50250   0.45965   1.00485   0.10450   0.65982   0.07471   0.53394   0.06639   1.23801   0.21945   0.10942   0.35047   0.36583   0.16553   0.30829   0.07549   0.38935   0.54815   1.85235   0.64559  -2.56310   0.02421  
 34 362.7267 156013.839198  x:  1.71076   0.32290   0.28661   0.37962   0.35819   0.08316   0.64632   0.18571   0.37310   0.41709   0.84959   1.71021   1.10869   0.12854   0.62051   0.57070   0.80305   0.12417   0.35244   0.13551   0.09588   0.44144   0.47898   0.44986   0.61510   0.40145   0.31773   0.12931   0.00537   0.00647   0.13453   0.51801   0.15445   1.32437   0.11652   1.17235   0.11948   0.30345   0.12729   0.14744   0.42576   0.06177   0.06119   0.35720   0.31604   0.22589   0.25341   0.18687   0.12135   0.50247   0.45800   1.00660   0.10270   0.65042   0.09011   0.52948   0.07769   1.26292   0.22705   0.10773   0.35972   0.37537   0.16958   0.30926   0.06947   0.40647   0.55495   1.88449   0.63738  -2.54350   0.02409  
 35 421.5198 156006.924527  x:  1.80162   0.31337   0.29447   0.38812   0.36989   0.08023   0.64481   0.18833   0.38482   0.42718   0.84790   1.73135   1.14558   0.15200   0.62131   0.56384   0.80204   0.13101   0.35519   0.13541   0.09365   0.44848   0.48786   0.45398   0.61114   0.40452   0.33437   0.12908   0.00577   0.00654   0.13568   0.52568   0.16219   1.34410   0.10932   1.18312   0.11212   0.31063   0.12481   0.15665   0.43912   0.05753   0.06695   0.35333   0.31030   0.22280   0.25145   0.18191   0.12656   0.51619   0.47031   1.00171   0.10744   0.65048   0.09674   0.53595   0.08207   1.27389   0.23687   0.11487   0.36985   0.38732   0.17376   0.30394   0.05906   0.40933   0.56510   1.90499   0.62379  -2.52078   0.02399  
 36 342.8061 156001.458346  x:  1.88323   0.31293   0.30725   0.39040   0.37258   0.09110   0.64950   0.18725   0.39062   0.43322   0.84782   1.75123   1.17655   0.13860   0.62332   0.56653   0.79975   0.12608   0.36424   0.13294   0.10280   0.46281   0.50627   0.46571   0.61283   0.41329   0.35014   0.13208   0.00613   0.00662   0.13949   0.53742   0.16814   1.35984   0.10183   1.18462   0.10582   0.32244   0.12471   0.16823   0.44832   0.05481   0.07088   0.35231   0.31060   0.22534   0.25216   0.18314   0.13075   0.53310   0.48594   0.99452   0.11168   0.65788   0.08709   0.54800   0.07247   1.27637   0.24079   0.11285   0.37372   0.39248   0.17409   0.30599   0.07532   0.40777   0.57716   1.91758   0.60969  -2.49503   0.02390  
 37 321.1892 155998.060338  x:  1.94145   0.32264   0.31425   0.38789   0.36735   0.09523   0.65997   0.18437   0.38843   0.43299   0.85021   1.76707   1.19603   0.14519   0.62887   0.58018   0.79831   0.12019   0.37647   0.13225   0.10320   0.47421   0.52116   0.47791   0.62134   0.42433   0.35384   0.13391   0.00658   0.00670   0.14038   0.54577   0.17690   1.36972   0.11129   1.17804   0.11629   0.33129   0.12930   0.16261   0.44790   0.05993   0.06461   0.36012   0.31992   0.23161   0.25910   0.19349   0.12061   0.54048   0.49267   0.98891   0.11299   0.67241   0.09124   0.56320   0.07648   1.27084   0.24397   0.11003   0.37122   0.38990   0.17534   0.31107   0.07482   0.40290   0.58270   1.91903   0.59712  -2.47175   0.02381  
 38 201.4431 155996.789560  x:  1.96538   0.33131   0.31402   0.38898   0.36659   0.09192   0.66778   0.18525   0.38744   0.43289   0.85240   1.77495   1.20223   0.14207   0.63344   0.59132   0.79837   0.11992   0.38216   0.13357   0.09884   0.47639   0.52430   0.48218   0.62834   0.42958   0.35039   0.13490   0.00672   0.00673   0.14141   0.54765   0.17774   1.37273   0.11463   1.17123   0.12033   0.33234   0.13306   0.16215   0.44600   0.06013   0.06945   0.36457   0.32373   0.23177   0.25441   0.18411   0.12182   0.54079   0.49291   0.98811   0.10949   0.68095   0.09244   0.56911   0.07927   1.26512   0.24446   0.11628   0.37240   0.39013   0.18002   0.31507   0.07446   0.40557   0.58397   1.91808   0.59288  -2.46060   0.02377  
 39 139.2124 155995.918065  x:  1.98382   0.34187   0.31174   0.39331   0.36954   0.08945   0.67664   0.18875   0.38859   0.43428   0.85495   1.78298   1.20471   0.14325   0.63911   0.60420   0.79913   0.12306   0.38514   0.13545   0.09763   0.47518   0.52303   0.48361   0.63631   0.43301   0.34429   0.13515   0.00689   0.00676   0.14238   0.54774   0.17546   1.37374   0.11337   1.16158   0.12000   0.32996   0.13493   0.16629   0.44595   0.05967   0.06910   0.36405   0.32100   0.23138   0.25920   0.18988   0.12981   0.53880   0.49091   0.98993   0.10768   0.68856   0.09020   0.57103   0.07757   1.25720   0.24232   0.11799   0.37448   0.39138   0.18038   0.31574   0.07331   0.41206   0.58397   1.91782   0.59236  -2.45157   0.02374  
 40 91.2849 155995.564414  x:  1.99198   0.34731   0.31089   0.39551   0.37166   0.09213   0.68078   0.18945   0.39024   0.43573   0.85593   1.78832   1.20394   0.14411   0.64221   0.61049   0.79974   0.12390   0.38379   0.13452   0.10160   0.47376   0.52088   0.48246   0.63961   0.43305   0.34290   0.13529   0.00686   0.00676   0.14249   0.54813   0.17333   1.37340   0.11171   1.15512   0.11943   0.32796   0.13227   0.16473   0.44792   0.06061   0.06931   0.36289   0.32004   0.23136   0.25716   0.18828   0.12825   0.53670   0.48923   0.99259   0.11228   0.69141   0.09280   0.57032   0.07914   1.25198   0.24275   0.11442   0.37491   0.39241   0.17823   0.31421   0.07489   0.41411   0.58353   1.91920   0.59474  -2.44689   0.02373  
 41 53.6949 155995.272519  x:  1.99898   0.35068   0.31014   0.39514   0.37193   0.09353   0.68273   0.18649   0.39146   0.43672   0.85559   1.79582   1.20053   0.14439   0.64472   0.61429   0.80017   0.12298   0.37946   0.13174   0.10311   0.47228   0.51799   0.47941   0.64056   0.43124   0.34551   0.13515   0.00678   0.00675   0.14196   0.54955   0.17227   1.37220   0.11222   1.14755   0.11988   0.32721   0.13159   0.16318   0.45015   0.05838   0.07005   0.36329   0.32240   0.23250   0.25751   0.18931   0.12532   0.53616   0.48959   0.99755   0.11107   0.69067   0.08957   0.56711   0.07885   1.24593   0.24464   0.11658   0.37586   0.39473   0.18006   0.31330   0.07408   0.41144   0.58284   1.92246   0.60214  -2.44232   0.02372  
 42 32.9785 155994.978098  x:  2.00587   0.35199   0.30965   0.39336   0.37078   0.09193   0.68301   0.18399   0.39127   0.43653   0.85406   1.80528   1.19528   0.14465   0.64645   0.61563   0.80015   0.12208   0.37568   0.13155   0.10167   0.47174   0.51611   0.47713   0.64032   0.42929   0.34849   0.13472   0.00664   0.00673   0.14178   0.55056   0.17249   1.37050   0.11368   1.13986   0.12134   0.32804   0.13337   0.16573   0.45130   0.06133   0.06651   0.36244   0.32211   0.23125   0.25715   0.18739   0.12702   0.53750   0.49142   1.00326   0.10948   0.68843   0.09106   0.56437   0.07829   1.23974   0.24552   0.11491   0.37469   0.39422   0.17960   0.31377   0.07497   0.40895   0.58279   1.92472   0.61289  -2.43626   0.02371  
 43 46.9538 155994.546052  x:  2.01505   0.35115   0.31044   0.39124   0.36899   0.08997   0.68158   0.18493   0.38949   0.43498   0.85064   1.82039   1.18593   0.14446   0.64729   0.61392   0.79934   0.12211   0.37378   0.13551   0.10020   0.47273   0.51630   0.47692   0.63884   0.42772   0.34994   0.13392   0.00643   0.00670   0.14157   0.55013   0.17354   1.36758   0.11392   1.13035   0.12210   0.33005   0.13272   0.16560   0.44789   0.05626   0.07090   0.36243   0.32014   0.23077   0.25776   0.18805   0.12792   0.53909   0.49307   1.00969   0.11006   0.68439   0.09433   0.56286   0.07866   1.23214   0.24486   0.11220   0.37242   0.39107   0.17729   0.31436   0.07425   0.40797   0.58318   1.92486   0.63159  -2.42494   0.02370  
 44 58.7756 155993.772278  x:  2.02966   0.34761   0.31320   0.39061   0.36799   0.09083   0.67755   0.19034   0.38662   0.43244   0.84431   1.84740   1.16817   0.14532   0.64646   0.60754   0.79732   0.12330   0.37539   0.13994   0.10036   0.47517   0.51948   0.47954   0.63483   0.42727   0.34772   0.13348   0.00613   0.00666   0.14063   0.54707   0.17498   1.36217   0.11125   1.11756   0.12015   0.33203   0.12811   0.16188   0.44253   0.06085   0.06817   0.36124   0.31589   0.22973   0.25597   0.18785   0.12457   0.53937   0.49205   1.01651   0.11083   0.67776   0.09021   0.56324   0.07956   1.22214   0.24263   0.11743   0.37252   0.38838   0.17810   0.31431   0.07222   0.40969   0.58350   1.92045   0.66691  -2.40065   0.02367  
 45 95.6178 155992.553557  x:  2.04661   0.34240   0.31284   0.39529   0.37105   0.09118   0.67038   0.18883   0.38786   0.43299   0.83750   1.88500   1.14148   0.14726   0.64143   0.59692   0.79488   0.12175   0.38268   0.12692   0.09754   0.47428   0.52265   0.48225   0.62761   0.43013   0.34024   0.13350   0.00578   0.00661   0.13942   0.54227   0.17493   1.35475   0.11108   1.11127   0.12010   0.32914   0.12984   0.16528   0.44398   0.05832   0.06584   0.36289   0.32488   0.23188   0.25569   0.18711   0.12628   0.53536   0.48607   1.01463   0.11022   0.67595   0.09089   0.56868   0.07942   1.21690   0.24161   0.11377   0.37442   0.39087   0.17689   0.30967   0.07306   0.41217   0.58089   1.90869   0.72314  -2.35399   0.02366  
 46 84.0501 155990.806247  x:  2.06096   0.34192   0.30639   0.39467   0.36933   0.08996   0.66612   0.18022   0.39236   0.43624   0.83597   1.92752   1.10945   0.14998   0.63314   0.59097   0.79479   0.11881   0.38961   0.13260   0.10657   0.46996   0.52025   0.48316   0.62991   0.43323   0.34039   0.13128   0.00529   0.00655   0.14085   0.54513   0.17279   1.34673   0.11662   1.12074   0.12461   0.32282   0.13412   0.16141   0.45321   0.05721   0.06917   0.35706   0.31521   0.22766   0.25731   0.18677   0.12678   0.53105   0.48387   0.99859   0.10842   0.68392   0.09129   0.57135   0.07517   1.22338   0.24485   0.11268   0.37382   0.39599   0.18061   0.31392   0.07242   0.40800   0.57752   1.89800   0.80379  -2.27609   0.02365  
 47 104.4562 155988.089804  x:  2.07220   0.34970   0.30493   0.39128   0.36722   0.09959   0.67093   0.18727   0.39391   0.43745   0.84244   1.97792   1.07182   0.15540   0.62548   0.59557   0.79925   0.12176   0.38856   0.14013   0.09390   0.46478   0.51212   0.47610   0.63909   0.43279   0.34945   0.13421   0.00455   0.00646   0.13628   0.55513   0.17100   1.33837   0.11287   1.14659   0.11955   0.32200   0.13430   0.16149   0.45483   0.05684   0.06626   0.36377   0.31890   0.22962   0.25410   0.18869   0.12905   0.53456   0.49187   0.97366   0.11114   0.69738   0.08665   0.56842   0.08137   1.24321   0.24659   0.11348   0.37110   0.39330   0.17608   0.31558   0.07265   0.40790   0.58070   1.89723   0.93166  -2.15037   0.02362  
 48 182.7929 155985.418478  x:  2.07436   0.35785   0.30769   0.39468   0.37239   0.08840   0.67944   0.19223   0.39007   0.43484   0.85243   2.01211   1.05072   0.15950   0.62588   0.60799   0.80629   0.12541   0.38022   0.13474   0.10523   0.47156   0.51503   0.47435   0.64564   0.42835   0.35137   0.12792   0.00385   0.00638   0.14195   0.55883   0.17588   1.33670   0.11258   1.17337   0.11731   0.32990   0.13367   0.16515   0.44576   0.05830   0.06374   0.36594   0.32616   0.23216   0.25752   0.18660   0.12304   0.54013   0.49778   0.96447   0.11153   0.70230   0.09455   0.56360   0.07228   1.26353   0.24127   0.11959   0.37502   0.39012   0.17563   0.31116   0.07122   0.41350   0.58675   1.90657   1.05618  -2.02379   0.02359  
 49 238.9119 155982.542144  x:  2.06818   0.36336   0.31787   0.40163   0.37827   0.08793   0.68864   0.19017   0.38990   0.43590   0.86464   2.03228   1.04883   0.16356   0.63507   0.62273   0.81453   0.12553   0.37403   0.12754   0.10871   0.48297   0.52491   0.48116   0.64782   0.42547   0.34434   0.13443   0.00307   0.00630   0.13461   0.55563   0.18292   1.34395   0.11856   1.19734   0.12124   0.33873   0.13806   0.16898   0.44312   0.05741   0.06718   0.35848   0.31834   0.23066   0.25708   0.18798   0.12354   0.54381   0.49737   0.97936   0.10809   0.69560   0.08770   0.56428   0.08764   1.28303   0.24538   0.11226   0.37867   0.39153   0.18062   0.31284   0.07094   0.41642   0.58873   1.91683   1.19128  -1.87866   0.02355  
 50 237.9902 155978.504505  x:  2.05355   0.36465   0.32781   0.40543   0.37725   0.09904   0.69735   0.18648   0.39925   0.44501   0.87969   2.04304   1.06909   0.17116   0.65273   0.63519   0.82407   0.12332   0.37900   0.13669   0.09314   0.49047   0.53394   0.49551   0.64876   0.43085   0.33999   0.12851   0.00217   0.00621   0.14093   0.55343   0.18427   1.36285   0.11802   1.21827   0.12089   0.34124   0.13403   0.16379   0.45643   0.05695   0.06629   0.36509   0.32043   0.23211   0.25665   0.19006   0.12885   0.54463   0.49318   1.02140   0.11531   0.68250   0.09548   0.57030   0.07449   1.30140   0.24835   0.11301   0.38295   0.40224   0.18501   0.31987   0.07046   0.41346   0.58715   1.92158   1.37672  -1.67440   0.02353  
 51 313.7935 155976.046880  x:  2.04403   0.36138   0.32125   0.40450   0.37439   0.08960   0.69777   0.18892   0.40359   0.44868   0.88601   2.04015   1.09467   0.17732   0.66228   0.63251   0.82831   0.12390   0.38905   0.14564   0.10594   0.48835   0.53369   0.50033   0.64945   0.43919   0.35057   0.13267   0.00174   0.00616   0.13715   0.56088   0.17841   1.37901   0.11282   1.22119   0.11569   0.33559   0.13354   0.16401   0.46293   0.05648   0.06333   0.37302   0.33083   0.23485   0.26058   0.18858   0.13096   0.54525   0.49593   1.05124   0.11123   0.68167   0.09410   0.57555   0.08165   1.30664   0.25273   0.11596   0.38102   0.40208   0.17825   0.31867   0.07279   0.41675   0.58916   1.91326   1.49076  -1.54803   0.02352  
 52 275.5466 155974.570957  x:  2.04008   0.35974   0.31621   0.40623   0.37823   0.09401   0.69453   0.19623   0.40139   0.44621   0.88773   2.03069   1.11915   0.17923   0.66428   0.62226   0.83029   0.12392   0.39375   0.13751   0.10624   0.48193   0.52710   0.49297   0.64853   0.44295   0.36012   0.13055   0.00143   0.00612   0.13949   0.56839   0.17541   1.39155   0.11882   1.21535   0.12323   0.33374   0.13743   0.16691   0.45884   0.05631   0.06535   0.36728   0.32715   0.23459   0.25888   0.19065   0.12734   0.54704   0.50274   1.06436   0.11601   0.69174   0.09270   0.57591   0.08067   1.30383   0.25109   0.11972   0.38094   0.39814   0.17916   0.31844   0.07191   0.42228   0.59372   1.90087   1.55833  -1.47573   0.02350  
 53 160.2494 155973.937875  x:  2.04160   0.36176   0.31722   0.40752   0.38215   0.09744   0.69038   0.19359   0.39983   0.44453   0.88663   2.01958   1.13517   0.18054   0.66012   0.61394   0.83170   0.12355   0.39121   0.13887   0.10675   0.48219   0.52573   0.48757   0.65098   0.43875   0.35481   0.13188   0.00120   0.00608   0.13704   0.56774   0.17625   1.39657   0.11688   1.20651   0.12084   0.33548   0.13293   0.16577   0.45623   0.05642   0.06459   0.36860   0.32673   0.23442   0.26010   0.18926   0.12709   0.54886   0.50565   1.05934   0.10864   0.70133   0.09571   0.57296   0.07948   1.29844   0.24973   0.11527   0.38323   0.39936   0.18288   0.32129   0.07076   0.42057   0.59493   1.89586   1.58914  -1.45200   0.02350  
 54 61.4298 155973.560386  x:  2.04476   0.36421   0.31778   0.40610   0.38121   0.09280   0.68774   0.19101   0.40067   0.44513   0.88458   2.00900   1.14590   0.18057   0.65556   0.60958   0.83323   0.12369   0.38735   0.14085   0.10569   0.48383   0.52630   0.48627   0.65275   0.43424   0.34942   0.12961   0.00103   0.00606   0.13875   0.56629   0.17691   1.39830   0.11593   1.19949   0.12109   0.33844   0.13448   0.16564   0.45676   0.05625   0.06384   0.36946   0.32754   0.23410   0.25865   0.18975   0.12759   0.54877   0.50465   1.05127   0.11433   0.70479   0.09167   0.57041   0.08171   1.29393   0.24956   0.11512   0.38377   0.40084   0.18131   0.32002   0.07090   0.41832   0.59403   1.89334   1.60765  -1.44160   0.02350  
 55 56.7296 155973.288019  x:  2.04994   0.36719   0.31962   0.40397   0.37723   0.09304   0.68772   0.19380   0.40231   0.44661   0.88143   1.99698   1.15241   0.18073   0.65139   0.60976   0.83509   0.12501   0.38391   0.13920   0.10500   0.48490   0.52730   0.48902   0.65238   0.43162   0.34915   0.13132   0.00088   0.00603   0.13604   0.56682   0.17622   1.39678   0.11642   1.19446   0.12178   0.33762   0.13653   0.16602   0.45852   0.05545   0.06404   0.36698   0.32640   0.23371   0.25827   0.18946   0.12627   0.54660   0.50056   1.04173   0.11228   0.70031   0.09367   0.56941   0.07959   1.29025   0.25019   0.11821   0.38145   0.39960   0.17765   0.31801   0.07115   0.41861   0.59204   1.89175   1.61906  -1.43786   0.02350  
 56 31.4639 155973.067306  x:  2.05638   0.36943   0.31988   0.40531   0.37717   0.09305   0.68838   0.19341   0.40094   0.44565   0.87763   1.98434   1.15453   0.18102   0.64854   0.61257   0.83658   0.12496   0.38275   0.13747   0.10490   0.48425   0.52654   0.49169   0.65072   0.43173   0.35213   0.12781   0.00081   0.00601   0.13913   0.56820   0.17450   1.39263   0.11640   1.19204   0.12163   0.33498   0.13430   0.16558   0.45796   0.05548   0.06374   0.36719   0.32625   0.23352   0.25882   0.18871   0.12745   0.54594   0.49925   1.03478   0.11119   0.69232   0.09268   0.56956   0.08123   1.28822   0.25117   0.11605   0.38007   0.39748   0.17898   0.32045   0.06995   0.41984   0.59096   1.88947   1.62525  -1.43737   0.02350  
 57 27.0345 155972.828979  x:  2.06464   0.37091   0.31840   0.40729   0.37905   0.09182   0.68893   0.19060   0.39880   0.44386   0.87304   1.96929   1.15336   0.18124   0.64684   0.61609   0.83727   0.12381   0.38337   0.13827   0.10506   0.48284   0.52453   0.49225   0.64894   0.43299   0.35391   0.13121   0.00079   0.00599   0.13529   0.56845   0.17326   1.38611   0.11640   1.19155   0.12168   0.33429   0.13472   0.16466   0.45567   0.05585   0.06350   0.36815   0.32635   0.23323   0.25776   0.18934   0.12822   0.54636   0.50056   1.03139   0.11496   0.68505   0.09331   0.56947   0.07917   1.28715   0.24965   0.11521   0.38193   0.39799   0.18118   0.32096   0.06942   0.41928   0.59094   1.88632   1.62831  -1.43824   0.02352  
 58 31.7264 155972.336424  x:  2.08255   0.37225   0.31583   0.40624   0.38015   0.09487   0.68968   0.18999   0.39926   0.44367   0.86442   1.93797   1.14503   0.18129   0.64625   0.62024   0.83583   0.12276   0.38639   0.14158   0.10531   0.48097   0.52144   0.48769   0.64643   0.43545   0.35088   0.12875   0.00074   0.00597   0.13786   0.56477   0.17483   1.37104   0.11636   1.19382   0.12044   0.33643   0.13867   0.16452   0.45346   0.05574   0.06369   0.36716   0.32538   0.23289   0.25716   0.18956   0.12502   0.54750   0.50442   1.03399   0.11108   0.68040   0.09430   0.56905   0.08148   1.28748   0.24792   0.11522   0.38509   0.40116   0.17808   0.31542   0.07181   0.41595   0.59274   1.88158   1.62788  -1.44213   0.02356  
 59 33.9752 155971.593541  x:  2.10745   0.37317   0.31462   0.40155   0.37769   0.09306   0.68885   0.19330   0.40320   0.44619   0.85535   1.89484   1.12912   0.18009   0.64770   0.61994   0.83125   0.12400   0.38743   0.13926   0.10631   0.48137   0.52253   0.48111   0.64461   0.43546   0.34692   0.12984   0.00075   0.00593   0.13624   0.56117   0.17921   1.35157   0.11833   1.19860   0.12269   0.33813   0.13085   0.16692   0.45777   0.05508   0.06351   0.36602   0.32640   0.23382   0.25994   0.18747   0.12509   0.54794   0.50479   1.04374   0.11313   0.68708   0.09267   0.56788   0.08023   1.28920   0.24975   0.11575   0.38048   0.39924   0.17913   0.32051   0.06973   0.41745   0.59432   1.87971   1.62404  -1.45221   0.02361  
 60 53.8202 155970.948010  x:  2.12398   0.37435   0.31862   0.40424   0.37870   0.09204   0.68588   0.19095   0.40015   0.44389   0.85463   1.86633   1.11617   0.18029   0.64914   0.61375   0.82695   0.12418   0.38438   0.13817   0.10586   0.48260   0.52708   0.48452   0.64707   0.43223   0.35124   0.12889   0.00073   0.00589   0.13665   0.56493   0.17875   1.34289   0.11569   1.20077   0.12004   0.33568   0.13549   0.16332   0.45828   0.05502   0.06341   0.36770   0.32583   0.23176   0.25311   0.19181   0.12726   0.54519   0.49923   1.05292   0.11145   0.69807   0.09306   0.56753   0.07881   1.29046   0.25105   0.11598   0.37820   0.39575   0.17979   0.32034   0.06908   0.42011   0.59086   1.88307   1.61691  -1.46406   0.02365  
 61 43.5218 155970.311093  x:  2.13429   0.37525   0.32180   0.40759   0.37891   0.09339   0.68383   0.19029   0.39735   0.44220   0.85989   1.84910   1.10718   0.18008   0.65024   0.60702   0.82507   0.12358   0.38130   0.13978   0.10278   0.48257   0.52865   0.49168   0.65114   0.42916   0.35510   0.12919   0.00075   0.00585   0.13622   0.56950   0.17692   1.34401   0.11773   1.20091   0.12196   0.33181   0.13500   0.16274   0.45523   0.05540   0.06355   0.36690   0.32493   0.23296   0.26273   0.18529   0.12834   0.54392   0.49609   1.05726   0.11343   0.70333   0.09167   0.56817   0.08007   1.29084   0.24906   0.11663   0.38223   0.39759   0.17788   0.31585   0.07075   0.41870   0.58745   1.88562   1.60718  -1.47871   0.02367  
 62 40.4918 155968.015828  x:  2.15410   0.37401   0.31846   0.40807   0.37261   0.08972   0.68308   0.19649   0.40087   0.44647   0.88786   1.81942   1.09091   0.17868   0.65319   0.59309   0.82830   0.12504   0.37874   0.14001   0.10324   0.48146   0.52352   0.50753   0.66118   0.42658   0.35228   0.12879   0.00101   0.00573   0.13682   0.57436   0.17380   1.37116   0.12283   1.19574   0.12721   0.32645   0.12555   0.17235   0.44933   0.05509   0.06246   0.36257   0.32744   0.23774   0.25033   0.19194   0.12479   0.54682   0.50127   1.05659   0.10994   0.69798   0.09312   0.57048   0.08228   1.28983   0.24271   0.11298   0.39017   0.40648   0.17816   0.31824   0.07154   0.41219   0.58714   1.88759   1.56474  -1.53753   0.02369  
 63 44.1976 155962.963419  x:  2.18577   0.36397   0.30988   0.40531   0.36979   0.09531   0.68537   0.19712   0.40444   0.44940   0.94046   1.77680   1.07529   0.17662   0.65811   0.58261   0.84093   0.12764   0.38376   0.12867   0.10616   0.48261   0.51412   0.51023   0.66804   0.43307   0.33931   0.12815   0.00142   0.00547   0.13622   0.57223   0.17473   1.43367   0.10985   1.18247   0.11948   0.33642   0.14401   0.16266   0.45393   0.05587   0.06516   0.36692   0.32669   0.22278   0.26011   0.18729   0.12031   0.54864   0.51334   1.04776   0.11422   0.68112   0.09427   0.57130   0.08048   1.28699   0.24693   0.11197   0.37773   0.40018   0.18481   0.32246   0.06842   0.41616   0.59371   1.89056   1.46946  -1.67408   0.02372  
 64 146.0172 155958.104777  x:  2.20582   0.34795   0.31002   0.40716   0.38219   0.09627   0.68821   0.18503   0.39681   0.44016   0.96540   1.75622   1.08641   0.17190   0.66010   0.59589   0.85129   0.12294   0.39499   0.13755   0.10538   0.48725   0.51937   0.48824   0.65981   0.44627   0.34172   0.12710   0.00163   0.00518   0.13509   0.56658   0.18521   1.47924   0.11463   1.17568   0.12499   0.34177   0.13466   0.15824   0.46409   0.05363   0.06225   0.36577   0.31787   0.24224   0.25360   0.18608   0.13101   0.54267   0.50560   1.03568   0.11075   0.67808   0.09403   0.56937   0.07768   1.28528   0.25780   0.12129   0.36843   0.38730   0.17864   0.30511   0.07181   0.42090   0.59155   1.89418   1.37971  -1.81017   0.02369  
 65 179.7513 155952.518518  x:  2.21758   0.33311   0.31949   0.40399   0.38406   0.09624   0.69312   0.19157   0.39556   0.43579   0.95896   1.75533   1.13014   0.16789   0.65874   0.62606   0.85404   0.11724   0.40388   0.14990   0.10540   0.48694   0.53639   0.46510   0.63847   0.45748   0.35937   0.12581   0.00190   0.00483   0.13401   0.56037   0.18783   1.50181   0.11387   1.17817   0.12600   0.33798   0.13247   0.16969   0.45616   0.05411   0.06473   0.35977   0.32882   0.21585   0.25347   0.18869   0.12495   0.53107   0.48430   1.02814   0.11129   0.69336   0.09286   0.56662   0.07925   1.28583   0.25559   0.11776   0.37965   0.39264   0.17504   0.31162   0.07127   0.41358   0.57879   1.89994   1.27907  -1.96978   0.02362  
 66 184.4783 155946.876344  x:  2.22097   0.33707   0.32321   0.40016   0.37059   0.09115   0.69454   0.19785   0.40282   0.44212   0.92578   1.77273   1.20006   0.16631   0.65519   0.64994   0.84458   0.12238   0.40335   0.14300   0.10593   0.47633   0.54479   0.47253   0.62116   0.45617   0.36587   0.12344   0.00227   0.00449   0.13320   0.55249   0.17720   1.49324   0.10714   1.19178   0.11909   0.33129   0.14810   0.16077   0.44575   0.05341   0.06055   0.35851   0.31505   0.24183   0.25298   0.18163   0.12417   0.53381   0.48774   1.03092   0.11212   0.71313   0.09312   0.56584   0.08014   1.28969   0.24432   0.10867   0.38203   0.40028   0.18296   0.31811   0.06874   0.40919   0.57328   1.90655   1.17500  -2.13244   0.02357  
 67 206.4091 155940.783798  x:  2.21920   0.36706   0.31961   0.40733   0.36564   0.09686   0.69074   0.18765   0.39997   0.44298   0.87811   1.80361   1.29168   0.16221   0.65068   0.65457   0.82590   0.12803   0.39755   0.13844   0.10614   0.46798   0.53634   0.50230   0.62585   0.44618   0.35429   0.12300   0.00268   0.00413   0.13231   0.54776   0.16775   1.45927   0.11894   1.21561   0.12532   0.32703   0.13532   0.15637   0.44992   0.05463   0.06317   0.36306   0.31728   0.22130   0.24997   0.18523   0.12753   0.54373   0.50620   1.04008   0.10959   0.72055   0.09184   0.56833   0.07960   1.29704   0.24413   0.11611   0.36837   0.39361   0.18147   0.29799   0.07122   0.41337   0.57966   1.91163   1.05833  -2.29987   0.02355  
 68 242.8870 155938.335701  x:  2.21676   0.39372   0.31490   0.41110   0.37563   0.09823   0.68934   0.18807   0.39423   0.43857   0.86023   1.82018   1.33348   0.16138   0.65021   0.63844   0.81904   0.12482   0.39706   0.14210   0.10377   0.47861   0.52668   0.50414   0.64538   0.44585   0.34971   0.12282   0.00309   0.00401   0.13266   0.55743   0.17125   1.43272   0.11542   1.22652   0.12233   0.33454   0.13983   0.16678   0.45670   0.05213   0.06259   0.35531   0.32082   0.22827   0.25105   0.18349   0.11750   0.53661   0.49971   1.04680   0.11082   0.70839   0.09259   0.56929   0.07806   1.30174   0.25277   0.11812   0.37028   0.38880   0.17668   0.30893   0.06965   0.41260   0.58078   1.90884   1.00801  -2.36124   0.02356  
 69 136.9935 155937.671554  x:  2.21586   0.40504   0.31442   0.40601   0.37489   0.09718   0.69057   0.19276   0.39673   0.43969   0.85826   1.82536   1.34629   0.16046   0.65271   0.62696   0.82140   0.12506   0.39905   0.13710   0.10551   0.48541   0.52688   0.49601   0.65345   0.45030   0.35110   0.12296   0.00318   0.00398   0.13296   0.56462   0.17593   1.42036   0.11680   1.22880   0.12341   0.33636   0.13866   0.16091   0.45411   0.05339   0.06313   0.36010   0.31817   0.22658   0.25070   0.18415   0.12522   0.53437   0.49530   1.04781   0.11057   0.70080   0.09346   0.56919   0.07843   1.30348   0.25220   0.11581   0.37464   0.39156   0.17890   0.30584   0.07121   0.41123   0.57839   1.90876   0.99523  -2.37543   0.02356  
 70 60.2645 155937.518490  x:  2.21566   0.40775   0.31669   0.40567   0.37394   0.09730   0.69151   0.18938   0.39816   0.44050   0.86118   1.82645   1.35008   0.16039   0.65632   0.62084   0.82830   0.12585   0.40121   0.13866   0.10511   0.48354   0.53077   0.49269   0.65416   0.45414   0.35054   0.12284   0.00317   0.00397   0.13287   0.56528   0.17528   1.41273   0.11708   1.22739   0.12325   0.33347   0.13925   0.16226   0.45266   0.05338   0.06309   0.35811   0.31917   0.22691   0.25075   0.18399   0.12358   0.53599   0.49534   1.04665   0.11104   0.69921   0.09366   0.56922   0.07916   1.30423   0.24902   0.11580   0.37149   0.39219   0.18073   0.30463   0.07067   0.41347   0.57832   1.91231   0.99527  -2.37660   0.02356  
 71 17.5649 155937.423585  x:  2.21577   0.40712   0.31735   0.40767   0.37446   0.09667   0.69284   0.19114   0.39717   0.43995   0.86501   1.82700   1.35268   0.16079   0.65997   0.61704   0.83636   0.12413   0.40130   0.13832   0.10562   0.48067   0.53274   0.49311   0.65197   0.45518   0.34976   0.12294   0.00320   0.00396   0.13290   0.56386   0.17410   1.40526   0.11774   1.22530   0.12408   0.33346   0.13953   0.16178   0.45401   0.05332   0.06316   0.35969   0.31816   0.22668   0.25071   0.18403   0.12369   0.53698   0.49669   1.04527   0.11087   0.70002   0.09364   0.56918   0.07892   1.30513   0.25056   0.11683   0.37279   0.39168   0.17807   0.30660   0.07084   0.41181   0.57833   1.91388   0.99820  -2.37457   0.02355  
 72 13.6321 155937.343101  x:  2.21625   0.40358   0.31570   0.40687   0.37353   0.09718   0.69323   0.19176   0.39659   0.43988   0.86887   1.82713   1.35490   0.16088   0.66237   0.61630   0.84225   0.12557   0.40070   0.13941   0.10537   0.48126   0.53090   0.49575   0.65014   0.45376   0.35100   0.12296   0.00324   0.00396   0.13303   0.56295   0.17464   1.39868   0.11784   1.22303   0.12368   0.33591   0.13941   0.16196   0.45409   0.05332   0.06316   0.35825   0.31932   0.22692   0.25077   0.18406   0.12401   0.53539   0.49606   1.04418   0.11087   0.70181   0.09358   0.56941   0.07831   1.30595   0.25251   0.11539   0.37382   0.39085   0.18088   0.30455   0.07116   0.41189   0.57854   1.91284   1.00375  -2.36884   0.02355  
 73 10.7997 155937.206928  x:  2.21757   0.39692   0.31443   0.40602   0.37473   0.09862   0.69201   0.18896   0.39796   0.44081   0.87453   1.82663   1.35787   0.16141   0.66226   0.61813   0.84481   0.12541   0.39990   0.13842   0.10533   0.48596   0.52721   0.49730   0.64998   0.45072   0.35252   0.12309   0.00333   0.00396   0.13313   0.56320   0.17611   1.39100   0.11806   1.22032   0.12393   0.33584   0.13917   0.16240   0.45285   0.05354   0.06328   0.36011   0.31797   0.22674   0.25072   0.18412   0.12410   0.53397   0.49514   1.04341   0.11054   0.70286   0.09370   0.56993   0.07940   1.30666   0.24879   0.11703   0.37188   0.39294   0.17832   0.30635   0.07073   0.41378   0.57916   1.91120   1.01913  -2.35574   0.02354  
 74 13.1201 155936.713356  x:  2.22270   0.38266   0.31691   0.40620   0.37672   0.09674   0.68849   0.19400   0.39777   0.43886   0.88883   1.82254   1.36568   0.16445   0.65335   0.62459   0.83529   0.12277   0.40121   0.13758   0.10472   0.49001   0.52477   0.49410   0.65607   0.44805   0.34741   0.12309   0.00350   0.00392   0.13321   0.56440   0.17465   1.37546   0.11764   1.21483   0.12495   0.32703   0.14098   0.15961   0.45418   0.05331   0.06338   0.35610   0.31966   0.22631   0.25023   0.18375   0.12423   0.53715   0.49692   1.04179   0.11073   0.70050   0.09351   0.56958   0.07884   1.30627   0.24810   0.11655   0.36899   0.38979   0.18058   0.30407   0.07177   0.40912   0.57518   1.91272   1.08502  -2.30313   0.02353  
 75 26.6375 155935.989108  x:  2.22970   0.37678   0.31754   0.40315   0.36906   0.09798   0.68573   0.18922   0.39351   0.43540   0.90092   1.81523   1.37273   0.16809   0.64274   0.62779   0.81843   0.12878   0.40134   0.13558   0.10526   0.47965   0.52874   0.49092   0.65844   0.45100   0.34387   0.12308   0.00377   0.00386   0.13318   0.56513   0.17230   1.36413   0.11934   1.21096   0.12406   0.33054   0.14013   0.16310   0.45295   0.05300   0.06328   0.35998   0.31497   0.22566   0.24955   0.18328   0.12141   0.53472   0.49363   1.03878   0.11071   0.69650   0.09386   0.56649   0.07766   1.30323   0.25340   0.11506   0.37452   0.38923   0.17870   0.30319   0.07079   0.41233   0.57561   1.91544   1.18493  -2.22344   0.02350  
 76 80.3737 155935.176954  x:  2.23658   0.38543   0.31346   0.40665   0.37090   0.09843   0.68749   0.18908   0.39588   0.43917   0.89863   1.80602   1.37452   0.17324   0.63848   0.62403   0.80870   0.12392   0.39583   0.13784   0.10537   0.46967   0.53300   0.49059   0.65049   0.45254   0.34643   0.12359   0.00417   0.00382   0.13352   0.56204   0.17283   1.36456   0.11864   1.21130   0.12366   0.34106   0.13873   0.15812   0.44864   0.05413   0.06375   0.35301   0.31835   0.22562   0.24900   0.18299   0.12629   0.52853   0.48997   1.03360   0.10876   0.69461   0.09448   0.56335   0.07912   1.29737   0.24909   0.11686   0.36760   0.38914   0.17770   0.30363   0.07140   0.40929   0.57543   1.91527   1.29608  -2.12994   0.02346  
 77 96.7723 155934.257157  x:  2.24320   0.40107   0.31117   0.40401   0.37271   0.09842   0.68998   0.19082   0.39341   0.43680   0.87744   1.79470   1.37097   0.17811   0.64356   0.61715   0.81336   0.12374   0.39193   0.14093   0.10476   0.47668   0.53093   0.48903   0.63873   0.44942   0.34790   0.12416   0.00462   0.00376   0.13395   0.55469   0.17489   1.37614   0.11704   1.21387   0.12336   0.33187   0.14093   0.16313   0.45249   0.05334   0.06395   0.35980   0.31299   0.22475   0.24881   0.18269   0.12123   0.52725   0.48945   1.02654   0.10909   0.69534   0.09445   0.56306   0.07940   1.29000   0.24664   0.11584   0.36493   0.38679   0.18220   0.29928   0.07273   0.40699   0.57108   1.91487   1.42087  -2.02243   0.02343  
 78 112.2605 155933.937272  x:  2.24521   0.40425   0.31325   0.40135   0.37041   0.09910   0.68855   0.18820   0.39208   0.43442   0.86456   1.79066   1.36846   0.17986   0.64679   0.61597   0.82028   0.12597   0.39425   0.14001   0.10483   0.48019   0.52784   0.48805   0.63886   0.44721   0.34672   0.12424   0.00479   0.00374   0.13422   0.55409   0.17423   1.38221   0.11707   1.21438   0.12290   0.32821   0.14182   0.15886   0.45146   0.05384   0.06433   0.35419   0.31599   0.22483   0.24842   0.18278   0.12386   0.52961   0.49033   1.02430   0.10915   0.69597   0.09446   0.56329   0.07880   1.28841   0.24958   0.11649   0.36890   0.38744   0.17805   0.30153   0.07212   0.40970   0.57100   1.91651   1.46420  -1.98621   0.02341  
 79 87.6250 155933.822319  x:  2.24570   0.40188   0.31547   0.40291   0.36997   0.09886   0.68588   0.18858   0.39390   0.43518   0.85582   1.78926   1.36682   0.18078   0.64729   0.61724   0.82681   0.12454   0.39763   0.13899   0.10510   0.47811   0.52632   0.48818   0.64453   0.44596   0.34522   0.12428   0.00484   0.00374   0.13432   0.55729   0.17254   1.38527   0.11707   1.21343   0.12320   0.33106   0.14142   0.16001   0.44943   0.05398   0.06426   0.35543   0.31497   0.22484   0.24839   0.18265   0.12343   0.52928   0.48832   1.02422   0.10893   0.69602   0.09447   0.56297   0.07854   1.28951   0.25053   0.11648   0.36753   0.38678   0.17882   0.30075   0.07241   0.40856   0.57117   1.91874   1.47845  -1.97465   0.02340  
 80 23.1693 155933.791338  x:  2.24581   0.40103   0.31435   0.40263   0.37002   0.09918   0.68536   0.18917   0.39222   0.43444   0.85365   1.78933   1.36626   0.18072   0.64609   0.61791   0.82892   0.12542   0.39689   0.13859   0.10499   0.47706   0.52828   0.48837   0.64642   0.44610   0.34490   0.12429   0.00485   0.00374   0.13435   0.55851   0.17337   1.38604   0.11721   1.21209   0.12310   0.33156   0.14134   0.15970   0.45195   0.05375   0.06439   0.35513   0.31520   0.22481   0.24841   0.18268   0.12353   0.52848   0.48900   1.02487   0.10884   0.69571   0.09468   0.56239   0.07926   1.29138   0.24799   0.11636   0.36763   0.38733   0.17915   0.30088   0.07243   0.40857   0.57095   1.91869   1.47987  -1.97320   0.02340  
 81  5.3547 155933.696520  x:  2.24626   0.40164   0.31205   0.40181   0.37137   0.10014   0.68552   0.18879   0.39336   0.43641   0.85141   1.79072   1.36458   0.18086   0.64065   0.61862   0.83209   0.12507   0.39249   0.13936   0.10459   0.47667   0.53235   0.48826   0.64754   0.44699   0.34419   0.12456   0.00489   0.00373   0.13456   0.55894   0.17467   1.38731   0.11675   1.20716   0.12405   0.32903   0.14164   0.15999   0.44937   0.05420   0.06445   0.35558   0.31544   0.22505   0.24853   0.18283   0.12353   0.52795   0.49074   1.02758   0.10917   0.69534   0.09484   0.56178   0.07847   1.29910   0.25087   0.11652   0.36803   0.38701   0.17907   0.30086   0.07261   0.40988   0.57083   1.91678   1.47840  -1.97383   0.02340  
 82  4.1510 155933.288409  x:  2.24858   0.40923   0.31816   0.40397   0.37099   0.09882   0.68795   0.18839   0.39449   0.43372   0.85133   1.79713   1.35933   0.18118   0.62971   0.61783   0.83353   0.13112   0.39319   0.13987   0.10625   0.47895   0.52529   0.48743   0.64235   0.45046   0.34599   0.12498   0.00489   0.00370   0.13480   0.55586   0.17121   1.39019   0.11909   1.19383   0.12441   0.33183   0.14131   0.15997   0.45058   0.05424   0.06495   0.35560   0.31570   0.22513   0.24858   0.18287   0.12409   0.53132   0.48683   1.03379   0.10940   0.69637   0.09540   0.56388   0.07863   1.32138   0.24904   0.11716   0.36671   0.38700   0.17969   0.30173   0.07347   0.40583   0.57240   1.91770   1.47026  -1.98844   0.02333  
 83  8.1684 155932.580188  x:  2.25313   0.41345   0.31685   0.40256   0.36588   0.09832   0.68871   0.19024   0.39283   0.43336   0.85355   1.80827   1.35338   0.18265   0.63128   0.61622   0.82992   0.11653   0.40029   0.14132   0.10634   0.47985   0.52023   0.48837   0.63890   0.44723   0.34714   0.12503   0.00475   0.00361   0.13454   0.55408   0.17208   1.39299   0.11608   1.18872   0.12832   0.33429   0.14057   0.16020   0.45342   0.05386   0.06515   0.35494   0.31523   0.22500   0.24792   0.18252   0.12318   0.52966   0.48845   1.03636   0.10847   0.69624   0.09536   0.56240   0.07888   1.33630   0.24639   0.11488   0.37044   0.38788   0.18169   0.29973   0.07212   0.41508   0.57155   1.92571   1.45765  -2.02112   0.02322  
 84 20.0811 155930.549745  x:  2.26736   0.41027   0.30616   0.40429   0.37043   0.10218   0.68513   0.18953   0.39010   0.43779   0.86119   1.84156   1.33818   0.18109   0.66086   0.61357   0.81931   0.12609   0.41362   0.13975   0.10749   0.47807   0.52395   0.48971   0.63959   0.43743   0.34734   0.12541   0.00432   0.00338   0.13486   0.55446   0.18090   1.39992   0.11848   1.19860   0.12550   0.33175   0.14001   0.16244   0.44577   0.05527   0.06578   0.35402   0.31498   0.22493   0.24665   0.18203   0.12299   0.52096   0.49599   1.03738   0.11098   0.69179   0.09640   0.55359   0.07900   1.34697   0.24980   0.11628   0.36701   0.38586   0.18101   0.30263   0.07462   0.40574   0.56192   1.93364   1.41617  -2.11618   0.02287  
 85 51.9630 155929.216965  x:  2.27705   0.40079   0.31471   0.40086   0.37135   0.10168   0.68286   0.19070   0.39329   0.43300   0.86810   1.86479   1.32677   0.18311   0.67155   0.61269   0.82405   0.12430   0.39364   0.14317   0.10886   0.47522   0.52655   0.48494   0.64463   0.43981   0.34493   0.12643   0.00438   0.00328   0.13622   0.55654   0.17187   1.40354   0.11950   1.22307   0.12645   0.33175   0.14097   0.16195   0.44907   0.05549   0.06698   0.35466   0.31617   0.22550   0.24652   0.18245   0.12377   0.52772   0.48847   1.04293   0.11062   0.68809   0.09730   0.55515   0.08007   1.33219   0.24907   0.11560   0.36737   0.38708   0.18454   0.30191   0.07553   0.40703   0.57482   1.91973   1.38258  -2.17395   0.02265  
 86 56.5871 155928.901022  x:  2.27912   0.39881   0.31359   0.40427   0.36890   0.10223   0.68386   0.19035   0.39392   0.43324   0.87085   1.86999   1.32431   0.18291   0.65850   0.61163   0.83308   0.12576   0.39009   0.14335   0.10942   0.47695   0.52197   0.48595   0.64482   0.44842   0.34455   0.12667   0.00432   0.00324   0.13618   0.55598   0.17494   1.40374   0.11881   1.23519   0.12651   0.33427   0.14016   0.16245   0.44855   0.05568   0.06709   0.35464   0.31621   0.22561   0.24640   0.18244   0.12316   0.52874   0.49093   1.04901   0.11056   0.69001   0.09716   0.55743   0.08043   1.31811   0.24908   0.11600   0.36796   0.38630   0.18426   0.30258   0.07598   0.40870   0.56583   1.92409   1.37472  -2.18787   0.02261  
 87 24.0295 155928.849000  x:  2.27946   0.39975   0.31305   0.40325   0.36973   0.10211   0.68460   0.19091   0.39275   0.43352   0.87214   1.87081   1.32386   0.18295   0.65295   0.61146   0.83617   0.12560   0.39289   0.14307   0.10921   0.47751   0.52243   0.48690   0.64434   0.44759   0.34488   0.12668   0.00430   0.00324   0.13612   0.55547   0.17520   1.40369   0.11991   1.23805   0.12536   0.33279   0.14023   0.16244   0.44818   0.05572   0.06707   0.35458   0.31615   0.22562   0.24636   0.18239   0.12358   0.52672   0.49066   1.05116   0.11091   0.69045   0.09713   0.55611   0.08048   1.31420   0.24975   0.11575   0.36736   0.38729   0.18443   0.30245   0.07583   0.40764   0.56984   1.92612   1.37357  -2.19030   0.02260  
 88 11.7299 155928.841876  x:  2.27952   0.40032   0.31326   0.40292   0.37009   0.10216   0.68468   0.19058   0.39307   0.43374   0.87264   1.87098   1.32371   0.18303   0.65185   0.61155   0.83683   0.12609   0.39407   0.14306   0.10923   0.47723   0.52300   0.48674   0.64412   0.44589   0.34521   0.12671   0.00431   0.00324   0.13616   0.55540   0.17483   1.40364   0.11906   1.23862   0.12636   0.33299   0.14017   0.16246   0.44839   0.05571   0.06712   0.35462   0.31620   0.22563   0.24640   0.18242   0.12357   0.52695   0.49068   1.05166   0.11077   0.69021   0.09721   0.55573   0.08064   1.31355   0.24947   0.11586   0.36785   0.38660   0.18447   0.30250   0.07590   0.40759   0.56963   1.92564   1.37314  -2.19031   0.02260  
 89  3.8874 155928.838018  x:  2.27956   0.40066   0.31335   0.40309   0.37000   0.10213   0.68465   0.19074   0.39317   0.43359   0.87292   1.87109   1.32359   0.18303   0.65142   0.61165   0.83712   0.12597   0.39451   0.14320   0.10928   0.47692   0.52331   0.48636   0.64397   0.44456   0.34535   0.12674   0.00432   0.00324   0.13621   0.55546   0.17485   1.40365   0.11983   1.23877   0.12561   0.33321   0.14021   0.16247   0.44846   0.05572   0.06714   0.35469   0.31624   0.22566   0.24643   0.18244   0.12349   0.52744   0.49072   1.05189   0.11085   0.68998   0.09723   0.55586   0.08060   1.31334   0.24963   0.11585   0.36765   0.38692   0.18450   0.30252   0.07593   0.40803   0.56895   1.92513   1.37293  -2.19022   0.02260  
 90  1.7876 155928.798777  x:  2.27983   0.40119   0.31229   0.40527   0.36792   0.10218   0.68354   0.19125   0.39231   0.43218   0.87339   1.87174   1.32267   0.18293   0.65121   0.61195   0.83748   0.12662   0.39422   0.14353   0.10946   0.47606   0.52337   0.48474   0.64303   0.44242   0.34496   0.12669   0.00430   0.00325   0.13615   0.55638   0.17667   1.40360   0.11786   1.23894   0.12708   0.33260   0.14018   0.16242   0.44790   0.05573   0.06707   0.35458   0.31615   0.22566   0.24638   0.18240   0.12359   0.52762   0.49008   1.05214   0.11079   0.68947   0.09699   0.55860   0.08012   1.31309   0.25041   0.11567   0.36613   0.38898   0.18442   0.30235   0.07596   0.40752   0.56974   1.92542   1.37408  -2.19141   0.02261  
 91  0.6202 155928.394200  x:  2.28247   0.40153   0.30981   0.40678   0.36445   0.10240   0.67662   0.18969   0.39448   0.43407   0.87511   1.87811   1.31247   0.18373   0.65127   0.61181   0.83772   0.12558   0.39126   0.14457   0.10974   0.47376   0.52139   0.48113   0.63784   0.43975   0.34136   0.12636   0.00419   0.00339   0.13560   0.55994   0.18006   1.40368   0.12050   1.23850   0.12297   0.32975   0.13971   0.16193   0.44728   0.05558   0.06691   0.35370   0.31543   0.22497   0.24590   0.18194   0.12382   0.52458   0.48854   1.05254   0.11140   0.68732   0.09636   0.56343   0.08048   1.31135   0.24600   0.11582   0.37107   0.37933   0.18420   0.30241   0.07534   0.40439   0.57234   1.92846   1.38710  -2.20421   0.02269  
 92  4.3933 155927.484345  x:  2.28833   0.39727   0.31102   0.39611   0.36942   0.10046   0.67177   0.19076   0.38862   0.43102   0.87646   1.89248   1.28878   0.18747   0.65178   0.60706   0.83582   0.12540   0.38886   0.14382   0.10945   0.47263   0.51738   0.48229   0.63396   0.44296   0.33897   0.12587   0.00397   0.00372   0.13457   0.55699   0.17256   1.40346   0.11908   1.23782   0.12520   0.33149   0.13681   0.16212   0.44334   0.05553   0.06637   0.35206   0.31431   0.22409   0.24505   0.18103   0.12297   0.52201   0.48915   1.05192   0.11095   0.68359   0.09610   0.55087   0.08013   1.30786   0.24740   0.11428   0.36471   0.38491   0.18325   0.30110   0.07487   0.40373   0.56395   1.92984   1.41500  -2.23155   0.02288  
 93 26.6680 155927.384525  x:  2.28895   0.39385   0.30909   0.39920   0.36644   0.10079   0.67823   0.18973   0.38947   0.42977   0.87511   1.89401   1.28644   0.18768   0.65133   0.60407   0.83477   0.12494   0.38917   0.14287   0.10917   0.47273   0.51773   0.48194   0.63894   0.44218   0.34254   0.12584   0.00394   0.00375   0.13435   0.55027   0.17370   1.40364   0.11895   1.23759   0.12489   0.33048   0.13671   0.16190   0.44305   0.05545   0.06633   0.35186   0.31416   0.22398   0.24494   0.18090   0.12285   0.52379   0.48718   1.05170   0.11108   0.68292   0.09610   0.54799   0.08030   1.30759   0.24698   0.11418   0.36490   0.38398   0.18314   0.30101   0.07474   0.40304   0.56456   1.92901   1.41830  -2.23486   0.02290  
 94 13.6970 155927.380652  x:  2.28895   0.39340   0.30966   0.39857   0.36688   0.10061   0.67947   0.18957   0.38918   0.43003   0.87489   1.89401   1.28638   0.18768   0.65123   0.60366   0.83462   0.12499   0.38901   0.14282   0.10925   0.47222   0.51754   0.48173   0.63942   0.44173   0.34273   0.12582   0.00393   0.00375   0.13433   0.54985   0.17371   1.40367   0.11895   1.23756   0.12486   0.33051   0.13668   0.16191   0.44300   0.05545   0.06630   0.35183   0.31413   0.22396   0.24491   0.18088   0.12288   0.52307   0.48762   1.05170   0.11108   0.68282   0.09600   0.54939   0.08018   1.30759   0.24694   0.11417   0.36488   0.38397   0.18312   0.30100   0.07472   0.40302   0.56442   1.92914   1.41856  -2.23522   0.02290  
 95  2.7539 155927.375651  x:  2.28879   0.39268   0.30911   0.39877   0.36676   0.10070   0.68141   0.18931   0.38916   0.42996   0.87443   1.89356   1.28636   0.18775   0.65104   0.60314   0.83437   0.12510   0.38904   0.14294   0.10916   0.47271   0.51768   0.48156   0.63853   0.44137   0.34173   0.12578   0.00393   0.00375   0.13432   0.55153   0.17299   1.40357   0.11903   1.23745   0.12490   0.33066   0.13663   0.16189   0.44295   0.05543   0.06628   0.35180   0.31409   0.22393   0.24489   0.18086   0.12284   0.52318   0.48749   1.05167   0.11102   0.68286   0.09600   0.54924   0.08017   1.30752   0.24692   0.11415   0.36484   0.38393   0.18309   0.30095   0.07468   0.40299   0.56437   1.92920   1.41842  -2.23625   0.02290  
 96  0.3500 155927.294421  x:  2.28600   0.39239   0.31284   0.39828   0.36626   0.09959   0.68317   0.18871   0.38943   0.42907   0.87227   1.88577   1.28665   0.18696   0.64991   0.60195   0.83360   0.12464   0.38909   0.14284   0.10948   0.46924   0.51501   0.48295   0.63635   0.44092   0.33998   0.12548   0.00392   0.00382   0.13406   0.55400   0.17876   1.40139   0.11789   1.23517   0.12451   0.32856   0.13681   0.16168   0.44280   0.05529   0.06613   0.35154   0.31396   0.22368   0.24479   0.18076   0.12278   0.52273   0.48674   1.05037   0.11112   0.68229   0.09602   0.54550   0.08029   1.30598   0.24674   0.11417   0.36442   0.38358   0.18279   0.30055   0.07450   0.40280   0.56382   1.92619   1.41308  -2.25192   0.02289  
 97  1.1255 155926.842034  x:  2.27039   0.39596   0.30854   0.39745   0.36393   0.09894   0.67373   0.18847   0.38751   0.42810   0.86196   1.84135   1.28758   0.18703   0.64385   0.59862   0.83080   0.12448   0.38778   0.14167   0.10790   0.46993   0.51547   0.47941   0.63464   0.43870   0.34119   0.12335   0.00370   0.00419   0.13225   0.54765   0.17270   1.38852   0.11775   1.22241   0.12410   0.32808   0.13628   0.16047   0.44103   0.05416   0.06466   0.34982   0.31228   0.22211   0.24378   0.17969   0.12194   0.51928   0.48495   1.04208   0.10984   0.67845   0.09495   0.54581   0.07926   1.29696   0.24557   0.11351   0.36256   0.38150   0.18105   0.29807   0.07301   0.40107   0.56054   1.92107   1.38684  -2.34226   0.02284  
 98 20.7582 155926.841244  x:  2.27035   0.39598   0.30816   0.39705   0.36428   0.09901   0.67374   0.18849   0.38762   0.42789   0.86194   1.84127   1.28760   0.18701   0.64383   0.59862   0.83080   0.12445   0.38780   0.14162   0.10790   0.46970   0.51546   0.47960   0.63465   0.43871   0.34118   0.12334   0.00369   0.00419   0.13223   0.54765   0.17286   1.38850   0.11772   1.22238   0.12407   0.32808   0.13629   0.16044   0.44099   0.05415   0.06465   0.34981   0.31225   0.22209   0.24377   0.17968   0.12192   0.51979   0.48453   1.04206   0.10985   0.67848   0.09493   0.54603   0.07924   1.29695   0.24555   0.11350   0.36257   0.38147   0.18103   0.29807   0.07300   0.40103   0.56049   1.92127   1.38690  -2.34249   0.02284  
 99  1.3710 155926.775264  x:  2.25601   0.39501   0.30817   0.39715   0.36478   0.09917   0.67367   0.18855   0.39136   0.42362   0.86329   1.84006   1.28440   0.18715   0.64286   0.60029   0.82889   0.12442   0.38830   0.14147   0.10765   0.46983   0.51640   0.48015   0.63451   0.43878   0.34096   0.12396   0.00352   0.00430   0.13281   0.54783   0.17291   1.38588   0.11778   1.21975   0.12407   0.32834   0.13656   0.16052   0.44136   0.05438   0.06502   0.34995   0.31227   0.22231   0.24373   0.17985   0.12202   0.51809   0.48592   1.04034   0.10976   0.67893   0.09503   0.54678   0.07929   1.29511   0.24577   0.11368   0.36266   0.38151   0.18121   0.29839   0.07324   0.40135   0.56083   1.92155   1.40227  -2.33593   0.02286  
100  0.0301 155926.737097  x:  2.24769   0.39427   0.30828   0.39758   0.36477   0.09927   0.67361   0.18859   0.38803   0.42787   0.86404   1.83939   1.28251   0.18720   0.64233   0.60130   0.82783   0.12439   0.38860   0.14144   0.10770   0.46980   0.51613   0.47981   0.63445   0.43890   0.34083   0.12435   0.00342   0.00436   0.13317   0.54797   0.17332   1.38439   0.11772   1.21824   0.12408   0.32838   0.13687   0.16041   0.44172   0.05447   0.06529   0.35007   0.31229   0.22244   0.24372   0.17996   0.12198   0.52009   0.48455   1.03939   0.10971   0.67921   0.09513   0.54708   0.07932   1.29408   0.24587   0.11382   0.36268   0.38155   0.18133   0.29857   0.07344   0.40158   0.56107   1.92110   1.41113  -2.33209   0.02287  
101 12.2570 155926.732502  x:  2.24334   0.39521   0.30846   0.39721   0.36468   0.09930   0.67341   0.18848   0.38776   0.42762   0.86162   1.84061   1.28179   0.18651   0.64213   0.60046   0.82793   0.12442   0.38793   0.14160   0.10776   0.46974   0.51595   0.47932   0.63423   0.43853   0.34086   0.12423   0.00339   0.00438   0.13307   0.54771   0.17337   1.38401   0.11778   1.21792   0.12416   0.32837   0.13689   0.16031   0.44145   0.05448   0.06530   0.34981   0.31212   0.22222   0.24355   0.17982   0.12191   0.51985   0.48420   1.03867   0.10967   0.67880   0.09521   0.54642   0.07939   1.29284   0.24592   0.11380   0.36249   0.38132   0.18128   0.29823   0.07347   0.40142   0.56081   1.92118   1.40635  -2.33894   0.02288  
102  0.0090 155926.732123  x:  2.24322   0.39508   0.30843   0.39725   0.36469   0.09934   0.67339   0.18850   0.38780   0.42768   0.86194   1.84037   1.28171   0.18621   0.64217   0.60046   0.82801   0.12443   0.38792   0.14165   0.10781   0.46972   0.51595   0.47937   0.63428   0.43852   0.34088   0.12417   0.00338   0.00439   0.13303   0.54774   0.17337   1.38413   0.11781   1.21796   0.12418   0.32835   0.13689   0.16032   0.44147   0.05445   0.06524   0.34988   0.31219   0.22225   0.24361   0.17985   0.12194   0.51989   0.48426   1.03889   0.10969   0.67877   0.09523   0.54641   0.07939   1.29302   0.24591   0.11379   0.36252   0.38137   0.18129   0.29828   0.07345   0.40143   0.56083   1.92107   1.40652  -2.33802   0.02288  
103  0.0008 155926.732076  x:  2.24358   0.39507   0.30842   0.39725   0.36468   0.09934   0.67339   0.18850   0.38779   0.42766   0.86193   1.84035   1.28169   0.18607   0.64216   0.60048   0.82799   0.12443   0.38793   0.14163   0.10781   0.46972   0.51594   0.47936   0.63426   0.43852   0.34086   0.12420   0.00338   0.00439   0.13305   0.54772   0.17336   1.38409   0.11780   1.21799   0.12417   0.32834   0.13690   0.16031   0.44146   0.05446   0.06525   0.34987   0.31217   0.22226   0.24359   0.17985   0.12194   0.51988   0.48424   1.03887   0.10968   0.67877   0.09523   0.54643   0.07939   1.29304   0.24590   0.11380   0.36251   0.38135   0.18129   0.29829   0.07345   0.40144   0.56082   1.92108   1.40528  -2.33940   0.02288  
104  0.0013 155926.732074  x:  2.24359   0.39506   0.30843   0.39725   0.36468   0.09934   0.67339   0.18849   0.38779   0.42766   0.86193   1.84037   1.28170   0.18606   0.64216   0.60047   0.82799   0.12443   0.38793   0.14163   0.10780   0.46972   0.51594   0.47936   0.63426   0.43853   0.34086   0.12419   0.00339   0.00439   0.13305   0.54772   0.17337   1.38409   0.11780   1.21798   0.12417   0.32835   0.13689   0.16031   0.44146   0.05446   0.06525   0.34987   0.31217   0.22225   0.24359   0.17985   0.12193   0.51987   0.48424   1.03886   0.10968   0.67877   0.09523   0.54642   0.07939   1.29303   0.24591   0.11379   0.36251   0.38135   0.18129   0.29828   0.07345   0.40143   0.56082   1.92109   1.40532  -2.33948   0.02288  
105  0.0001 155926.732074  x:  2.24357   0.39506   0.30843   0.39725   0.36468   0.09934   0.67339   0.18849   0.38779   0.42766   0.86194   1.84038   1.28169   0.18606   0.64216   0.60048   0.82799   0.12443   0.38793   0.14163   0.10780   0.46972   0.51594   0.47936   0.63426   0.43853   0.34086   0.12419   0.00339   0.00439   0.13305   0.54772   0.17337   1.38410   0.11780   1.21798   0.12417   0.32835   0.13689   0.16031   0.44146   0.05446   0.06525   0.34987   0.31217   0.22225   0.24359   0.17985   0.12193   0.51987   0.48424   1.03886   0.10968   0.67877   0.09523   0.54642   0.07939   1.29303   0.24591   0.11379   0.36251   0.38135   0.18129   0.29828   0.07345   0.40143   0.56082   1.92109   1.40528  -2.33953   0.02288  
106  0.0001 155926.732074  x:  2.24357   0.39506   0.30843   0.39725   0.36468   0.09934   0.67339   0.18849   0.38779   0.42766   0.86194   1.84037   1.28169   0.18606   0.64216   0.60048   0.82799   0.12443   0.38793   0.14163   0.10780   0.46972   0.51594   0.47936   0.63426   0.43853   0.34086   0.12419   0.00339   0.00439   0.13305   0.54772   0.17337   1.38409   0.11780   1.21798   0.12417   0.32835   0.13689   0.16031   0.44146   0.05446   0.06525   0.34987   0.31217   0.22225   0.24359   0.17985   0.12193   0.51987   0.48424   1.03886   0.10968   0.67877   0.09523   0.54642   0.07939   1.29303   0.24591   0.11379   0.36251   0.38135   0.18129   0.29828   0.07345   0.40143   0.56082   1.92109   1.40528  -2.33954   0.02288  
107  0.0000 155926.732074  x:  2.24356   0.39506   0.30843   0.39725   0.36468   0.09934   0.67339   0.18849   0.38779   0.42766   0.86194   1.84037   1.28169   0.18606   0.64216   0.60048   0.82799   0.12443   0.38793   0.14163   0.10780   0.46972   0.51594   0.47936   0.63426   0.43853   0.34086   0.12419   0.00339   0.00439   0.13305   0.54772   0.17337   1.38409   0.11780   1.21798   0.12417   0.32835   0.13689   0.16031   0.44146   0.05446   0.06525   0.34987   0.31217   0.22225   0.24359   0.17985   0.12193   0.51987   0.48424   1.03886   0.10968   0.67877   0.09523   0.54642   0.07939   1.29303   0.24591   0.11379   0.36251   0.38135   0.18129   0.29828   0.07345   0.40143   0.56082   1.92109   1.40528  -2.33954   0.02288  
108  0.0000 155926.732074  x:  2.24356   0.39506   0.30843   0.39725   0.36468   0.09934   0.67339   0.18849   0.38779   0.42766   0.86194   1.84037   1.28169   0.18606   0.64216   0.60048   0.82799   0.12443   0.38793   0.14163   0.10780   0.46972   0.51594   0.47936   0.63426   0.43853   0.34086   0.12419   0.00339   0.00439   0.13305   0.54772   0.17337   1.38409   0.11780   1.21798   0.12417   0.32835   0.13689   0.16031   0.44146   0.05446   0.06525   0.34987   0.31217   0.22225   0.24359   0.17985   0.12193   0.51987   0.48424   1.03886   0.10968   0.67877   0.09523   0.54642   0.07939   1.29303   0.24591   0.11379   0.36251   0.38135   0.18129   0.29828   0.07345   0.40143   0.56082   1.92109   1.40528  -2.33954   0.02288  
109  0.0000 155926.732074  x:  2.24356   0.39506   0.30843   0.39725   0.36468   0.09934   0.67339   0.18849   0.38779   0.42766   0.86194   1.84037   1.28169   0.18606   0.64216   0.60048   0.82799   0.12443   0.38793   0.14163   0.10780   0.46972   0.51594   0.47936   0.63426   0.43853   0.34086   0.12419   0.00339   0.00439   0.13305   0.54772   0.17337   1.38409   0.11780   1.21798   0.12417   0.32835   0.13689   0.16031   0.44146   0.05446   0.06525   0.34987   0.31217   0.22225   0.24359   0.17985   0.12193   0.51987   0.48424   1.03886   0.10968   0.67877   0.09523   0.54642   0.07939   1.29303   0.24591   0.11379   0.36251   0.38135   0.18129   0.29828   0.07345   0.40143   0.56082   1.92109   1.40528  -2.33954   0.02288  
110  0.0000 155926.732074  x:  2.24356   0.39506   0.30843   0.39725   0.36468   0.09934   0.67339   0.18849   0.38779   0.42766   0.86194   1.84037   1.28169   0.18606   0.64216   0.60048   0.82799   0.12443   0.38793   0.14163   0.10780   0.46972   0.51594   0.47936   0.63426   0.43853   0.34086   0.12419   0.00339   0.00439   0.13305   0.54772   0.17337   1.38409   0.11780   1.21798   0.12417   0.32835   0.13689   0.16031   0.44146   0.05446   0.06525   0.34987   0.31217   0.22225   0.24359   0.17985   0.12193   0.51987   0.48424   1.03886   0.10968   0.67877   0.09523   0.54642   0.07939   1.29303   0.24591   0.11379   0.36251   0.38135   0.18129   0.29828   0.07345   0.40143   0.56082   1.92109   1.40528  -2.33954   0.02288  
111  0.0223 155926.732074  x:  2.24356   0.39506   0.30843   0.39725   0.36468   0.09934   0.67339   0.18849   0.38779   0.42766   0.86194   1.84037   1.28169   0.18606   0.64216   0.60048   0.82799   0.12443   0.38793   0.14163   0.10780   0.46972   0.51594   0.47936   0.63426   0.43853   0.34086   0.12419   0.00339   0.00438   0.13305   0.54772   0.17337   1.38409   0.11780   1.21798   0.12417   0.32835   0.13689   0.16031   0.44146   0.05446   0.06525   0.34987   0.31217   0.22225   0.24359   0.17985   0.12193   0.51987   0.48424   1.03886   0.10968   0.67877   0.09523   0.54642   0.07939   1.29303   0.24591   0.11379   0.36251   0.38135   0.18129   0.29828   0.07345   0.40143   0.56082   1.92109   1.40528  -2.33954   0.02288  
112  0.0903 155926.732074  x:  2.24356   0.39506   0.30843   0.39725   0.36468   0.09934   0.67339   0.18849   0.38779   0.42766   0.86194   1.84037   1.28169   0.18606   0.64216   0.60048   0.82799   0.12443   0.38793   0.14163   0.10780   0.46972   0.51594   0.47936   0.63426   0.43853   0.34086   0.12419   0.00339   0.00438   0.13305   0.54772   0.17337   1.38409   0.11780   1.21798   0.12417   0.32835   0.13689   0.16031   0.44146   0.05446   0.06525   0.34987   0.31217   0.22225   0.24359   0.17985   0.12193   0.51987   0.48424   1.03886   0.10968   0.67877   0.09523   0.54642   0.07939   1.29303   0.24591   0.11379   0.36251   0.38135   0.18129   0.29828   0.07345   0.40143   0.56082   1.92109   1.40528  -2.33954   0.02288  
113  0.0137 155926.732074  x:  2.24356   0.39506   0.30843   0.39725   0.36468   0.09934   0.67339   0.18849   0.38779   0.42766   0.86194   1.84037   1.28169   0.18606   0.64216   0.60048   0.82799   0.12443   0.38793   0.14163   0.10780   0.46972   0.51594   0.47936   0.63426   0.43853   0.34086   0.12419   0.00339   0.00438   0.13305   0.54772   0.17337   1.38409   0.11780   1.21798   0.12417   0.32835   0.13689   0.16031   0.44146   0.05446   0.06525   0.34987   0.31217   0.22225   0.24359   0.17985   0.12193   0.51987   0.48424   1.03886   0.10968   0.67877   0.09523   0.54642   0.07939   1.29303   0.24591   0.11379   0.36251   0.38135   0.18129   0.29828   0.07345   0.40143   0.56082   1.92109   1.40528  -2.33954   0.02288  
114  0.0012 155926.732074  x:  2.24356   0.39506   0.30843   0.39725   0.36468   0.09934   0.67339   0.18849   0.38779   0.42766   0.86194   1.84037   1.28169   0.18606   0.64216   0.60048   0.82799   0.12443   0.38793   0.14163   0.10780   0.46972   0.51594   0.47936   0.63426   0.43853   0.34086   0.12419   0.00339   0.00438   0.13305   0.54772   0.17337   1.38409   0.11780   1.21798   0.12417   0.32835   0.13689   0.16031   0.44146   0.05446   0.06525   0.34987   0.31217   0.22225   0.24359   0.17985   0.12193   0.51987   0.48424   1.03886   0.10968   0.67877   0.09523   0.54642   0.07939   1.29303   0.24591   0.11379   0.36251   0.38135   0.18129   0.29828   0.07345   0.40143   0.56082   1.92109   1.40528  -2.33954   0.02288  
115  0.0009 155926.732074  x:  2.24356   0.39506   0.30843   0.39725   0.36468   0.09934   0.67339   0.18849   0.38779   0.42766   0.86194   1.84037   1.28169   0.18606   0.64216   0.60048   0.82799   0.12443   0.38793   0.14163   0.10780   0.46972   0.51594   0.47936   0.63426   0.43853   0.34086   0.12419   0.00339   0.00438   0.13305   0.54772   0.17337   1.38409   0.11780   1.21798   0.12417   0.32835   0.13689   0.16031   0.44146   0.05446   0.06525   0.34987   0.31217   0.22225   0.24359   0.17985   0.12193   0.51987   0.48424   1.03886   0.10968   0.67877   0.09523   0.54642   0.07939   1.29303   0.24591   0.11379   0.36251   0.38135   0.18129   0.29828   0.07345   0.40143   0.56082   1.92109   1.40528  -2.33954   0.02288  
check convergence!
