

TREE # 1

  0  0.0000 176838.279395  x:  1.93008   0.38762   0.31616   0.40622   0.36157   0.10063   0.76570   0.18691   0.50595   0.41567   0.82710   1.65034   1.15308   0.44253   0.60335   0.59829   0.79141   0.14567   0.39396   0.13702   0.12211   0.45131   0.53418   0.46895   0.61484   0.44119   0.34474   0.13164   0.00343   0.00448   0.13101   0.52479   0.22332   1.26404   0.13132   1.18031   0.13010   0.34248   0.14101   0.16779   0.44159   0.05445   0.06636   0.35148   0.30752   0.22266   0.24627   0.18051   0.11955   0.50518   0.53216   1.01344   0.12459   0.66048   0.09885   0.53839   0.08353   1.24556   0.25896   0.11185   0.36294   0.37832   0.17904   0.29025   0.07521   0.39852   0.54566   2.00000   1.33120   0.17775   0.26229  
  1 99.0000 158652.670166  x:  1.92837   0.38551   0.31446   0.40489   0.36052   0.09884   0.76385   0.18531   0.50420   0.41442   0.82535   1.64869   1.15116   0.44059   0.60151   0.59663   0.78971   0.14357   0.39210   0.13571   0.12060   0.44992   0.53275   0.46757   0.61351   0.43935   0.34341   0.13183   0.00588   0.00565   0.13108   0.52359   0.22106   1.26244   0.12914   1.17878   0.12814   0.34097   0.13981   0.16723   0.44115   0.05477   0.06699   0.35146   0.30762   0.22269   0.24657   0.18109   0.11934   0.50469   0.53119   1.01223   0.12312   0.65936   0.09792   0.53762   0.08262   1.24425   0.25787   0.11190   0.36226   0.37779   0.17875   0.29060   0.07576   0.39877   0.54575   2.00523   1.32603   0.18327   0.03484  
  2 79509.2440 158405.213064  x:  1.92942   0.38682   0.31728   0.40920   0.36595   0.10163   0.76534   0.18864   0.50574   0.41890   0.82740   1.65008   1.15213   0.44188   0.60318   0.59934   0.79214   0.14497   0.39372   0.13984   0.12400   0.45396   0.53672   0.47124   0.61750   0.44112   0.34711   0.14221   0.00615   0.00756   0.14120   0.52826   0.22245   1.26445   0.13074   1.18107   0.13065   0.34335   0.14365   0.17305   0.44819   0.06477   0.07806   0.36065   0.31726   0.23227   0.25710   0.19297   0.12770   0.51177   0.53567   1.01600   0.12591   0.66014   0.10356   0.54307   0.08883   1.24727   0.26182   0.12042   0.36877   0.38475   0.18674   0.30081   0.08735   0.40855   0.55482   2.00576   1.37855   0.13362   0.02609  
  3 5177.7781 158263.454049  x:  1.91873   0.37297   0.30772   0.40388   0.36387   0.09094   0.75332   0.18009   0.49393   0.41438   0.81712   1.64024   1.13975   0.42925   0.59178   0.59037   0.78263   0.13115   0.38187   0.13443   0.11606   0.44816   0.53048   0.46488   0.61213   0.42962   0.34131   0.14979   0.01422   0.00000   0.14774   0.52465   0.20769   1.25551   0.11644   1.17280   0.11881   0.33444   0.13807   0.17324   0.45179   0.07244   0.08896   0.36917   0.32684   0.24035   0.26824   0.20655   0.13356   0.51566   0.53306   1.01167   0.11731   0.65210   0.10141   0.54307   0.08766   1.24132   0.25720   0.12796   0.37024   0.38771   0.19113   0.31271   0.09972   0.42003   0.56493   2.04393   1.40250   0.11587   0.02669  
  4 2296.1816 158008.516811  x:  1.87759   0.31974   0.27103   0.38336   0.35577   0.05000   0.70711   0.14726   0.44853   0.39694   0.77758   1.60237   1.09212   0.38075   0.54799   0.55585   0.74605   0.07816   0.33636   0.11365   0.08561   0.42582   0.50643   0.44042   0.59143   0.38543   0.31897   0.17830   0.04445   0.01291   0.17226   0.51069   0.15105   1.22111   0.06165   1.14099   0.07345   0.30019   0.11657   0.17368   0.46533   0.10120   0.12990   0.40145   0.36311   0.27081   0.31039   0.25787   0.15570   0.53035   0.52290   0.99495   0.08435   0.62121   0.09308   0.54290   0.08302   1.21839   0.23935   0.15645   0.37566   0.39883   0.20760   0.35786   0.14639   0.46365   0.60337   2.19030   1.49301   0.04910   0.02942  
  5 121683.3730 157912.084693  x:  1.86446   0.30504   0.26442   0.37867   0.35487   0.04949   0.69376   0.14357   0.43590   0.39391   0.76664   1.59056   1.07719   0.36873   0.53611   0.54647   0.73552   0.06971   0.32497   0.11200   0.08248   0.42115   0.50073   0.43543   0.58680   0.37413   0.31347   0.17472   0.00000   0.01363   0.16806   0.50780   0.13919   1.21131   0.05653   1.13197   0.07027   0.29247   0.11249   0.17053   0.46692   0.09805   0.12726   0.40561   0.36733   0.27126   0.31288   0.25990   0.15914   0.53371   0.51944   0.99031   0.08264   0.61241   0.09415   0.54318   0.08276   1.21148   0.23408   0.15863   0.37564   0.40038   0.20731   0.36347   0.14721   0.47117   0.61112   2.22719   1.52085   0.02984   0.02940  
  6 2824.9316 157716.645277  x:  1.79744   0.24068   0.25234   0.36269   0.35708   0.09722   0.63190   0.15330   0.38018   0.38913   0.71836   1.53141   1.00221   0.32379   0.48513   0.50594   0.68705   0.06760   0.28135   0.12433   0.09427   0.40784   0.48008   0.42179   0.57151   0.32964   0.29286   0.11483   0.00718   0.01299   0.10701   0.49980   0.10820   1.16628   0.08521   1.09053   0.10186   0.26733   0.10480   0.14295   0.46456   0.03816   0.05668   0.40247   0.36001   0.23916   0.28346   0.21603   0.16245   0.54507   0.50073   0.96966   0.10949   0.57225   0.11328   0.54544   0.08672   1.17801   0.20979   0.14308   0.36852   0.40009   0.18468   0.35754   0.09813   0.48348   0.63188   2.37437   1.66618  -0.06727   0.02885  
  7 2141.5811 157650.624745  x:  1.75268   0.21420   0.24967   0.35323   0.35474   0.10894   0.59683   0.16253   0.35629   0.38834   0.69507   1.49265   0.95425   0.31243   0.46254   0.48727   0.66099   0.10095   0.27110   0.13178   0.10116   0.40193   0.46869   0.41589   0.56269   0.31744   0.28721   0.15256   0.00593   0.01274   0.15122   0.49608   0.11967   1.13750   0.10278   1.06298   0.11410   0.26010   0.11361   0.13722   0.45851   0.05787   0.04944   0.38586   0.34163   0.22418   0.25255   0.18102   0.15165   0.53968   0.48263   0.95589   0.11369   0.54927   0.10865   0.53750   0.08426   1.15492   0.19871   0.12235   0.35576   0.38828   0.16458   0.33258   0.05228   0.46646   0.62222   2.42972   1.73350  -0.10129   0.02891  
  8 1371.9307 157606.045042  x:  1.69204   0.20830   0.25297   0.34506   0.34871   0.09848   0.56222   0.17263   0.34743   0.39112   0.67984   1.44168   0.89316   0.31554   0.44753   0.47698   0.63823   0.13918   0.28016   0.13539   0.10261   0.39867   0.45870   0.41152   0.55270   0.32359   0.28746   0.12327   0.00465   0.01297   0.12491   0.49298   0.15615   1.10050   0.10777   1.02689   0.11008   0.26122   0.12812   0.14131   0.44064   0.08452   0.09774   0.35681   0.31284   0.22709   0.23881   0.18316   0.13101   0.51953   0.45750   0.93737   0.10348   0.52816   0.09368   0.51947   0.08670   1.12462   0.20322   0.11259   0.34070   0.36817   0.16479   0.30156   0.05780   0.43033   0.59088   2.44484   1.80140  -0.12108   0.02893  
  9 796.2297 157572.544885  x:  1.62348   0.21996   0.25906   0.34023   0.34158   0.08323   0.53648   0.17686   0.34932   0.39232   0.67326   1.38578   0.82834   0.31980   0.43840   0.47517   0.62252   0.14759   0.29304   0.13198   0.09824   0.39672   0.45171   0.40711   0.54174   0.33496   0.28979   0.13281   0.00377   0.01278   0.13192   0.48887   0.18162   1.06075   0.10039   0.98922   0.10016   0.26555   0.12863   0.13818   0.41462   0.05098   0.07748   0.32811   0.28452   0.21566   0.24425   0.19618   0.12035   0.49644   0.43876   0.91582   0.09848   0.51638   0.09386   0.50053   0.08999   1.09194   0.21436   0.12163   0.33297   0.35307   0.18037   0.28665   0.09494   0.39673   0.55453   2.42551   1.86483  -0.12762   0.02888  
 10 809.6215 157536.401103  x:  1.50421   0.25351   0.26666   0.33894   0.33101   0.07933   0.52104   0.16991   0.35814   0.38368   0.67282   1.29326   0.72769   0.31923   0.43294   0.48361   0.61137   0.10430   0.30301   0.11929   0.09057   0.39392   0.44671   0.40033   0.52501   0.34492   0.28761   0.12931   0.00417   0.01240   0.12515   0.47649   0.18241   0.99867   0.08413   0.93426   0.09743   0.27187   0.11482   0.15648   0.40145   0.07229   0.05474   0.33899   0.30692   0.21935   0.24554   0.17909   0.15057   0.47415   0.43402   0.88098   0.10951   0.51681   0.11268   0.47626   0.07574   1.03937   0.21407   0.12220   0.32961   0.34438   0.17698   0.28091   0.08241   0.36649   0.50779   2.33961   1.95069  -0.10957   0.02895  
 11 584.7599 157514.791558  x:  1.40733   0.26424   0.26210   0.33943   0.32692   0.08717   0.52414   0.16454   0.35705   0.37344   0.66835   1.22394   0.66142   0.31854   0.43449   0.48915   0.60704   0.08826   0.30081   0.12275   0.09826   0.39132   0.44576   0.39869   0.51949   0.34215   0.28302   0.13202   0.00390   0.01243   0.13267   0.46680   0.17010   0.95842   0.09909   0.90079   0.11053   0.26796   0.10518   0.13495   0.39834   0.05140   0.08254   0.35116   0.31564   0.22310   0.23850   0.17745   0.13909   0.46641   0.43643   0.85779   0.10287   0.52052   0.10032   0.46942   0.08094   1.00507   0.20870   0.11232   0.32955   0.34753   0.16560   0.29495   0.07819   0.38813   0.51039   2.25553   2.00873  -0.07697   0.02909  
 12 604.2158 157501.842997  x:  1.33447   0.25706   0.25043   0.33928   0.32732   0.08407   0.53213   0.16148   0.35224   0.36876   0.66056   1.17765   0.62790   0.31818   0.43744   0.48941   0.60516   0.10294   0.29341   0.12527   0.09639   0.38727   0.44448   0.39649   0.51980   0.33387   0.28040   0.12847   0.00387   0.01240   0.12896   0.46305   0.15759   0.93582   0.10470   0.88419   0.11229   0.26276   0.11786   0.13434   0.41050   0.07021   0.06378   0.34340   0.30157   0.21755   0.24005   0.18846   0.13215   0.47312   0.44176   0.84846   0.09448   0.52711   0.09082   0.47522   0.08935   0.98772   0.20517   0.11596   0.33197   0.35481   0.16542   0.30316   0.07671   0.41121   0.53056   2.19300   2.05059  -0.04228   0.02918  
 13 537.0990 157495.528748  x:  1.28551   0.23979   0.24422   0.33833   0.33122   0.07986   0.53848   0.16379   0.35002   0.37393   0.65335   1.15537   0.62933   0.31709   0.43644   0.48396   0.60455   0.11497   0.28474   0.12206   0.08872   0.38451   0.44377   0.39423   0.52360   0.32467   0.28176   0.13096   0.00408   0.01231   0.12801   0.46730   0.15519   0.93110   0.09533   0.88472   0.10413   0.25929   0.12358   0.14583   0.41537   0.05603   0.07477   0.33954   0.30009   0.21757   0.24255   0.18386   0.13580   0.48569   0.44483   0.85088   0.10184   0.53568   0.10293   0.48721   0.08339   0.98722   0.20382   0.12095   0.33110   0.35562   0.17111   0.29355   0.07127   0.40757   0.54423   2.16283   2.08448  -0.00882   0.02923  
 14 251.6624 157488.304559  x:  1.21738   0.21880   0.24936   0.33613   0.33613   0.08876   0.54253   0.16614   0.34931   0.38290   0.64922   1.13507   0.65712   0.31417   0.43005   0.47350   0.60496   0.10837   0.27671   0.12126   0.09648   0.38598   0.44606   0.39576   0.53170   0.31498   0.28256   0.12958   0.00416   0.01230   0.13043   0.47674   0.16304   0.93767   0.09214   0.89891   0.10152   0.25364   0.11070   0.14188   0.41657   0.06185   0.06843   0.34232   0.30872   0.22188   0.24538   0.18224   0.12989   0.49609   0.44011   0.86047   0.09812   0.54249   0.09266   0.49698   0.07027   0.99853   0.20359   0.11409   0.32666   0.34921   0.17420   0.28652   0.08606   0.38955   0.55141   2.14155   2.14565   0.05137   0.02926  
 15 229.8189 157480.609951  x:  1.14297   0.21448   0.25251   0.33242   0.33435   0.08075   0.53785   0.15695   0.34688   0.38152   0.65482   1.12018   0.69937   0.30974   0.42434   0.46670   0.60662   0.09749   0.27932   0.11895   0.09146   0.38630   0.44485   0.39587   0.53648   0.31558   0.27817   0.13078   0.00421   0.01227   0.13007   0.48152   0.16735   0.95197   0.09819   0.92019   0.10756   0.25798   0.11440   0.13556   0.41080   0.06402   0.06838   0.34624   0.31116   0.22122   0.24145   0.18915   0.13219   0.49454   0.43444   0.87334   0.09784   0.54954   0.09173   0.49853   0.09594   1.01705   0.21258   0.11881   0.32952   0.34983   0.17396   0.29177   0.07664   0.38056   0.54466   2.13874   2.23024   0.13831   0.02930  
 16 303.2805 157470.750705  x:  1.06453   0.23286   0.25575   0.33423   0.33040   0.08114   0.53149   0.15909   0.34906   0.37431   0.67131   1.11080   0.74929   0.30742   0.42576   0.46970   0.61072   0.10678   0.29283   0.12066   0.08855   0.38759   0.44356   0.39760   0.53708   0.32815   0.27319   0.13146   0.00410   0.01230   0.12774   0.48035   0.16118   0.97062   0.09591   0.94242   0.10236   0.26439   0.12230   0.14180   0.40683   0.05990   0.07127   0.34472   0.30276   0.21578   0.23787   0.18390   0.14252   0.48439   0.43506   0.88554   0.09432   0.55413   0.08831   0.48395   0.07739   1.03551   0.20029   0.11879   0.33552   0.35504   0.16362   0.30815   0.07804   0.40105   0.53550   2.15266   2.35416   0.26320   0.02927  
 17 416.5594 157463.672114  x:  1.03843   0.24867   0.25129   0.34099   0.33061   0.08711   0.53238   0.17160   0.35501   0.37313   0.68103   1.11402   0.76726   0.31082   0.43383   0.48031   0.61410   0.11376   0.29505   0.12253   0.09898   0.38968   0.44533   0.39935   0.53067   0.33386   0.27703   0.12851   0.00406   0.01238   0.13190   0.47447   0.15219   0.97902   0.09258   0.94672   0.09710   0.25764   0.10747   0.13821   0.41448   0.06454   0.07140   0.34122   0.30086   0.22257   0.25134   0.19008   0.12963   0.47691   0.44108   0.88261   0.10049   0.56011   0.10624   0.47896   0.08043   1.03955   0.20292   0.11866   0.33229   0.35607   0.16744   0.29716   0.07133   0.41487   0.53304   2.17032   2.45452   0.37261   0.02934  
 18 328.3687 157448.240076  x:  1.04296   0.26551   0.23621   0.35328   0.33610   0.08050   0.54207   0.17756   0.36520   0.37941   0.69075   1.13843   0.77276   0.32772   0.45584   0.50641   0.62158   0.10980   0.28691   0.12351   0.09853   0.39331   0.45067   0.40078   0.51561   0.33569   0.29682   0.13151   0.00395   0.01244   0.13091   0.46418   0.14911   0.98964   0.10170   0.94002   0.10599   0.25113   0.11196   0.14997   0.43204   0.06257   0.06945   0.34455   0.31565   0.22496   0.23805   0.16834   0.12881   0.48132   0.46380   0.86765   0.09952   0.57200   0.08700   0.47964   0.09136   1.03416   0.21585   0.12289   0.32566   0.35695   0.18986   0.27568   0.08741   0.42081   0.54234   2.20114   2.69331   0.62885   0.02939  
 19 465.2882 157426.433546  x:  1.09157   0.26773   0.23834   0.35640   0.34114   0.08548   0.55835   0.16659   0.36647   0.38737   0.69422   1.18272   0.76046   0.34790   0.47797   0.52892   0.62809   0.10077   0.28109   0.13237   0.09029   0.39797   0.45824   0.40535   0.51085   0.33450   0.31511   0.13569   0.00373   0.01256   0.13044   0.45867   0.15734   1.00003   0.10702   0.92579   0.11691   0.25994   0.13627   0.15110   0.43661   0.05245   0.06712   0.35026   0.32199   0.22575   0.25017   0.20886   0.13535   0.49538   0.48029   0.85128   0.09795   0.59450   0.07022   0.49155   0.07322   1.02112   0.21148   0.10854   0.32553   0.35751   0.18245   0.27332   0.07179   0.40045   0.55438   2.22336   3.04661   1.00243   0.02940  
 20 1071.0310 157395.290540  x:  1.19840   0.24960   0.26245   0.34509   0.34140   0.09583   0.57806   0.14818   0.35682   0.39271   0.68930   1.25156   0.72695   0.36166   0.49137   0.53567   0.63023   0.09722   0.28818   0.14308   0.09218   0.40319   0.46686   0.41368   0.52572   0.33431   0.31775   0.13233   0.00399   0.01267   0.13465   0.46255   0.16890   1.00991   0.09320   0.90698   0.11065   0.27371   0.14154   0.13140   0.42513   0.06969   0.07579   0.35249   0.30998   0.21644   0.23714   0.19646   0.12913   0.50883   0.47271   0.83868   0.09459   0.63332   0.10894   0.51984   0.06979   1.00624   0.20832   0.11721   0.34489   0.36504   0.16816   0.32448   0.08911   0.38052   0.57020   2.22558   3.56636   1.55310   0.02949  
 21 1681.3840 157371.852725  x:  1.30297   0.23030   0.27579   0.33801   0.34010   0.08180   0.58205   0.16429   0.35618   0.39104   0.68280   1.29852   0.69691   0.34666   0.47632   0.51087   0.62687   0.10650   0.30646   0.12699   0.09853   0.40243   0.46545   0.41429   0.54992   0.33965   0.29285   0.13054   0.00434   0.01243   0.13246   0.47927   0.16434   1.01459   0.08474   0.90961   0.09603   0.27172   0.10948   0.14372   0.41281   0.06290   0.07177   0.35345   0.30432   0.22721   0.25881   0.17830   0.13863   0.50751   0.44539   0.85308   0.08562   0.64840   0.07559   0.52359   0.08329   1.01128   0.20831   0.12992   0.35468   0.36716   0.15916   0.32966   0.06839   0.39880   0.56519   2.19080   3.93801   1.92587   0.02928  
 22 1129.8526 157360.298929  x:  1.36680   0.22379   0.27143   0.33897   0.33871   0.07612   0.57222   0.16908   0.35694   0.38368   0.67915   1.31583   0.68035   0.32514   0.45426   0.48452   0.62319   0.10551   0.30894   0.11247   0.09354   0.39687   0.45693   0.40845   0.56044   0.33791   0.27334   0.13446   0.00412   0.01255   0.13300   0.49080   0.15684   1.01436   0.09963   0.92373   0.10936   0.26927   0.11091   0.15084   0.41386   0.06689   0.07237   0.35212   0.30929   0.22982   0.25405   0.18864   0.13971   0.49890   0.43180   0.87487   0.10631   0.64842   0.08362   0.51276   0.07736   1.02160   0.20500   0.12063   0.34434   0.36035   0.16364   0.31642   0.08510   0.42190   0.55590   2.15985   4.12184   2.11402   0.02931  
 23 847.0855 157355.126182  x:  1.40042   0.22983   0.26250   0.34385   0.33869   0.08461   0.56081   0.16262   0.35975   0.37921   0.67979   1.31478   0.67600   0.31226   0.43928   0.47223   0.62397   0.10485   0.30272   0.11864   0.09514   0.39491   0.45265   0.40611   0.56172   0.33436   0.27153   0.13305   0.00442   0.01241   0.13357   0.49689   0.15368   1.00954   0.09230   0.93751   0.10163   0.26246   0.11962   0.14244   0.42007   0.06520   0.07288   0.35268   0.31440   0.22358   0.24396   0.19283   0.13686   0.49462   0.43872   0.89239   0.08876   0.64017   0.08967   0.50042   0.07311   1.03349   0.20552   0.12446   0.33908   0.36211   0.17379   0.30645   0.08020   0.42356   0.54850   2.13948   4.19783   2.18462   0.02922  
 24 351.4547 157351.908542  x:  1.42454   0.23728   0.25130   0.34334   0.33492   0.08323   0.54941   0.15660   0.36072   0.37762   0.67845   1.29776   0.67871   0.30997   0.43205   0.47165   0.62793   0.10981   0.29069   0.12382   0.09350   0.39374   0.45086   0.40349   0.55258   0.32937   0.27851   0.13247   0.00443   0.01239   0.13301   0.49461   0.16000   0.99987   0.08964   0.95336   0.09940   0.25848   0.11358   0.13740   0.42465   0.06557   0.07447   0.35047   0.30904   0.22297   0.25403   0.18652   0.13867   0.49469   0.45339   0.90511   0.09839   0.62774   0.08696   0.49196   0.07766   1.04669   0.20192   0.11955   0.33844   0.36454   0.16733   0.31512   0.08260   0.41475   0.54864   2.12790   4.23215   2.21637   0.02917  
 25 125.4801 157347.307706  x:  1.45717   0.24130   0.25614   0.34045   0.33383   0.08896   0.54482   0.17413   0.35905   0.38043   0.67040   1.25100   0.68978   0.31385   0.43131   0.48013   0.63335   0.10938   0.28303   0.11874   0.09448   0.39290   0.45257   0.40173   0.53524   0.32619   0.28131   0.13501   0.00421   0.01248   0.13245   0.48035   0.16323   0.98061   0.09873   0.97523   0.10219   0.26020   0.10889   0.15004   0.41858   0.06521   0.07445   0.35156   0.30871   0.22928   0.24776   0.19346   0.13628   0.49306   0.45520   0.91666   0.09286   0.61320   0.09087   0.49314   0.07610   1.06437   0.20118   0.13118   0.34679   0.36605   0.16530   0.32425   0.08096   0.40867   0.55611   2.12400   4.25517   2.24460   0.02922  
 26 94.1751 157338.733443  x:  1.51030   0.24268   0.26638   0.34318   0.34210   0.06963   0.54863   0.16967   0.35627   0.38408   0.65735   1.16092   0.71602   0.32257   0.43989   0.49531   0.63868   0.10701   0.29851   0.12887   0.10151   0.39607   0.46006   0.40834   0.52840   0.33556   0.28455   0.13112   0.00437   0.01237   0.13433   0.46788   0.15588   0.95193   0.09080   1.00238   0.09524   0.27098   0.11604   0.14864   0.41120   0.06445   0.06923   0.35814   0.31870   0.22590   0.24602   0.19156   0.13132   0.49317   0.44408   0.92621   0.09441   0.60918   0.09299   0.50636   0.07493   1.08768   0.20583   0.11774   0.34497   0.35766   0.16309   0.31648   0.08019   0.41944   0.56648   2.12682   4.28364   2.27078   0.02916  
 27 165.4359 157328.387877  x:  1.56153   0.24686   0.27523   0.34442   0.34318   0.09542   0.56310   0.15262   0.35751   0.38350   0.65135   1.06693   0.74804   0.32869   0.44982   0.49847   0.63600   0.10453   0.31772   0.12658   0.08321   0.39568   0.46005   0.40928   0.53994   0.34636   0.28782   0.13576   0.00406   0.01250   0.13253   0.47564   0.15223   0.93735   0.09662   1.01470   0.10051   0.27063   0.11289   0.13506   0.41967   0.06958   0.07637   0.35264   0.31074   0.22146   0.25869   0.18578   0.14242   0.49931   0.43693   0.92212   0.09990   0.62362   0.08492   0.51365   0.07151   1.09850   0.20823   0.12564   0.34270   0.36238   0.18007   0.30637   0.08000   0.42801   0.56118   2.13650   4.30070   2.28992   0.02923  
 28 210.9654 157309.381169  x:  1.62548   0.25618   0.25193   0.34347   0.33237   0.08239   0.58907   0.15356   0.37258   0.38352   0.65843   0.95494   0.80261   0.33028   0.45867   0.48446   0.62570   0.10235   0.32025   0.11453   0.11271   0.40334   0.46144   0.41344   0.57618   0.34687   0.28487   0.13267   0.00354   0.01253   0.13606   0.50907   0.16386   0.95229   0.10839   1.00308   0.10726   0.25328   0.11130   0.14539   0.44259   0.06165   0.07596   0.34774   0.30177   0.23019   0.24677   0.19433   0.15697   0.51000   0.44938   0.90099   0.08567   0.66361   0.09428   0.50619   0.07513   1.09081   0.19837   0.12056   0.33945   0.37709   0.17069   0.31607   0.08329   0.42360   0.53877   2.14526   4.31521   2.29708   0.02924  
 29 193.0624 157277.814654  x:  1.68686   0.27499   0.24640   0.35868   0.33976   0.08325   0.60296   0.19026   0.37940   0.38151   0.68504   0.87347   0.87641   0.32244   0.46182   0.47200   0.62394   0.11416   0.29317   0.10541   0.08421   0.40380   0.45313   0.40854   0.60340   0.33413   0.26703   0.13346   0.00314   0.01243   0.13214   0.53357   0.17284   1.00348   0.08475   0.96501   0.09782   0.26001   0.13388   0.14197   0.43666   0.06263   0.06691   0.36501   0.33055   0.22642   0.24158   0.19440   0.10497   0.49823   0.46397   0.87681   0.10857   0.69724   0.07761   0.48683   0.08150   1.06350   0.19902   0.12767   0.34926   0.37859   0.15539   0.33336   0.08179   0.41545   0.53442   2.12880   4.32553   2.28045   0.02908  
 30 219.0683 157175.467212  x:  1.79512   0.29178   0.28141   0.37241   0.36138   0.08421   0.55733   0.17827   0.33764   0.36162   0.75110   0.81355   1.06324   0.29355   0.45115   0.48037   0.65388   0.12474   0.22732   0.17504   0.09626   0.40712   0.45124   0.42013   0.60100   0.31077   0.23310   0.13467   0.00123   0.01249   0.13566   0.52334   0.16714   1.17062   0.09612   0.85668   0.13135   0.29323   0.12120   0.18119   0.37040   0.07188   0.07615   0.35609   0.32513   0.21494   0.29133   0.17825   0.13895   0.46913   0.49268   0.83962   0.07755   0.69611   0.09628   0.46931   0.08163   0.97893   0.24183   0.12659   0.35588   0.32750   0.17737   0.31495   0.08600   0.42768   0.59325   2.01942   4.31214   2.20713   0.02892  
 31 279.4503 157008.589661  x:  1.86828   0.27058   0.28725   0.34636   0.34525   0.06674   0.51586   0.15096   0.35801   0.40099   0.78731   0.85907   1.21530   0.29343   0.44708   0.51132   0.69584   0.11352   0.27163   0.14173   0.08457   0.40722   0.46375   0.41868   0.55024   0.34891   0.29566   0.13140   0.00000   0.01197   0.13357   0.50136   0.14367   1.30893   0.08165   0.79125   0.12560   0.30415   0.08399   0.14733   0.39832   0.07112   0.06804   0.35075   0.29525   0.24453   0.22883   0.19862   0.14260   0.46568   0.48250   0.84668   0.09706   0.64176   0.09297   0.49645   0.06224   0.92773   0.23377   0.12632   0.36129   0.35954   0.18418   0.29540   0.06756   0.43967   0.62990   1.88777   4.29655   2.08688   0.02820  
 32 508.9660 157008.589661  x:  1.86828   0.27058   0.28725   0.34636   0.34525   0.06674   0.51586   0.15096   0.35801   0.40099   0.78731   0.85907   1.21530   0.29343   0.44708   0.51132   0.69584   0.11352   0.27163   0.14173   0.08457   0.40722   0.46375   0.41868   0.55024   0.34891   0.29566   0.13140   0.00000   0.01197   0.13357   0.50136   0.14367   1.30893   0.08165   0.79125   0.12560   0.30415   0.08399   0.14733   0.39832   0.07112   0.06804   0.35075   0.29525   0.24453   0.22883   0.19862   0.14260   0.46568   0.48250   0.84668   0.09706   0.64176   0.09297   0.49645   0.06224   0.92773   0.23377   0.12632   0.36129   0.35954   0.18418   0.29540   0.06756   0.43967   0.62990   1.88777   4.29655   2.08688   0.02820  
 33 615.0088 156985.659655  x:  1.86829   0.27060   0.28727   0.34639   0.34528   0.06678   0.51590   0.15100   0.35804   0.40102   0.78732   0.85912   1.21531   0.29347   0.44711   0.51135   0.69586   0.11354   0.27166   0.14175   0.08460   0.40725   0.46378   0.41870   0.55026   0.34893   0.29569   0.13143   0.00032   0.01186   0.13360   0.50138   0.14370   1.30894   0.08169   0.79130   0.12563   0.30416   0.08405   0.14736   0.39836   0.07113   0.06806   0.35078   0.29529   0.24455   0.22887   0.19864   0.14262   0.46571   0.48252   0.84672   0.09708   0.64177   0.09299   0.49647   0.06229   0.92777   0.23378   0.12633   0.36131   0.35957   0.18420   0.29543   0.06759   0.43969   0.62990   1.88775   4.29674   2.08669   0.03090  
 34 17329.5429 156940.423981  x:  1.86893   0.27239   0.28892   0.34910   0.34768   0.07082   0.51975   0.15484   0.36069   0.40327   0.78850   0.86345   1.21581   0.29696   0.44987   0.51349   0.69757   0.11581   0.27487   0.14323   0.08750   0.40974   0.46625   0.42100   0.55270   0.35114   0.29778   0.13430   0.02416   0.00000   0.13636   0.50363   0.14717   1.30924   0.08465   0.79601   0.12800   0.30546   0.08923   0.14985   0.40176   0.07260   0.07036   0.35352   0.29909   0.24568   0.23309   0.20089   0.14473   0.46910   0.48416   0.84997   0.09903   0.64293   0.09515   0.49912   0.06668   0.93193   0.23541   0.12781   0.36286   0.36214   0.18610   0.29827   0.07073   0.44085   0.63023   1.88620   4.31441   2.06909   0.03005  
 35 2806.1883 156825.614088  x:  1.87301   0.28376   0.29914   0.36603   0.36268   0.09550   0.54395   0.17862   0.37728   0.41734   0.79596   0.89100   1.21898   0.31897   0.46737   0.52704   0.70844   0.12982   0.29511   0.15246   0.10529   0.42535   0.48176   0.43544   0.56802   0.36503   0.31096   0.15134   0.06435   0.04645   0.15257   0.51784   0.16887   1.31116   0.10295   0.82579   0.14270   0.31350   0.12089   0.16495   0.42293   0.08097   0.08367   0.37042   0.32239   0.25238   0.25878   0.21427   0.15744   0.49026   0.49437   0.87044   0.11088   0.65015   0.10826   0.51571   0.09323   0.95823   0.24543   0.13670   0.37256   0.37815   0.19760   0.31570   0.08946   0.44785   0.63213   1.87611   4.42453   1.95946   0.02727  
 36 5798.7602 156374.572571  x:  1.88084   0.30479   0.31646   0.39571   0.38866   0.13494   0.58733   0.21833   0.40604   0.44202   0.80983   0.94293   1.22486   0.35886   0.49979   0.55202   0.72880   0.15420   0.33154   0.16786   0.13458   0.45309   0.50913   0.46112   0.59563   0.39029   0.33417   0.17150   0.00000   0.00313   0.17249   0.54347   0.20699   1.31485   0.13389   0.88068   0.16738   0.32752   0.17234   0.18810   0.45889   0.08994   0.10011   0.39765   0.36004   0.26094   0.29848   0.23234   0.17622   0.52725   0.51199   0.90754   0.12977   0.66264   0.12823   0.54497   0.13406   1.00675   0.26185   0.14954   0.38918   0.40567   0.21514   0.34360   0.11637   0.45828   0.63435   1.85563   4.61365   1.77120   0.02667  
 37 8040.1849 156259.356580  x:  1.89122   0.32501   0.31909   0.40948   0.39776   0.12381   0.61696   0.22078   0.41638   0.45269   0.82357   1.00178   1.23103   0.38989   0.53097   0.57433   0.75026   0.16482   0.35747   0.16814   0.13141   0.46936   0.52408   0.47607   0.61530   0.41066   0.34644   0.10400   0.00053   0.00332   0.11207   0.56130   0.22682   1.31924   0.13977   0.93170   0.16924   0.33346   0.16496   0.17027   0.46578   0.04480   0.04939   0.38888   0.34943   0.23608   0.27045   0.19239   0.15451   0.54313   0.51740   0.93676   0.12262   0.66705   0.11189   0.55993   0.10838   1.05233   0.25954   0.12975   0.39177   0.41278   0.19952   0.33226   0.07867   0.44574   0.62450   1.82896   4.68549   1.69971   0.02557  
 38 1189.9878 156212.150120  x:  1.90202   0.34098   0.31541   0.41227   0.39594   0.10012   0.63609   0.20877   0.41530   0.45349   0.83457   1.05815   1.23643   0.41120   0.55553   0.59023   0.76807   0.16514   0.37279   0.16031   0.11616   0.47656   0.52997   0.48259   0.62712   0.42369   0.35102   0.13424   0.00049   0.00294   0.14458   0.57101   0.23498   1.32266   0.13426   0.97467   0.16059   0.33379   0.14437   0.15343   0.46628   0.03684   0.03917   0.37529   0.33324   0.22435   0.24194   0.16723   0.12744   0.54769   0.51513   0.95962   0.10924   0.66772   0.09081   0.56681   0.07240   1.09129   0.25256   0.10826   0.38751   0.40983   0.18127   0.31534   0.04598   0.43032   0.61181   1.81421   4.72140   1.66391   0.02505  
 39 1066.0361 156183.255927  x:  1.91501   0.35586   0.30894   0.40831   0.38672   0.07260   0.65110   0.18870   0.40685   0.44810   0.84493   1.12237   1.24177   0.42809   0.57842   0.60299   0.78535   0.15745   0.38204   0.14745   0.09608   0.47862   0.53042   0.48462   0.63513   0.43243   0.34922   0.12436   0.00057   0.00287   0.13750   0.57544   0.23565   1.32580   0.12177   1.01884   0.14545   0.33090   0.12055   0.14806   0.46410   0.06980   0.07803   0.36285   0.32004   0.23019   0.23374   0.17854   0.10567   0.54686   0.50869   0.98198   0.09811   0.66715   0.07775   0.57105   0.04564   1.13208   0.24763   0.09836   0.38145   0.40266   0.17286   0.30505   0.05511   0.41934   0.59890   1.80617   4.74118   1.64411   0.02475  
 40 853.0842 156159.499135  x:  1.93430   0.37213   0.30275   0.39716   0.36883   0.05791   0.66459   0.16428   0.39035   0.43600   0.85628   1.21241   1.24799   0.44192   0.60333   0.61302   0.80465   0.13823   0.38457   0.13092   0.07954   0.47555   0.52502   0.48284   0.64036   0.43634   0.33936   0.12799   0.00057   0.00279   0.14039   0.57382   0.22683   1.32963   0.10362   1.07446   0.12453   0.32604   0.10078   0.14872   0.44958   0.05496   0.06646   0.34372   0.30027   0.22685   0.24260   0.20070   0.10106   0.54010   0.49919   1.00810   0.10177   0.66605   0.09059   0.57422   0.06896   1.18444   0.25177   0.11209   0.37472   0.39198   0.18096   0.30233   0.08702   0.41153   0.58349   1.80661   4.74506   1.64003   0.02454  
 41 596.3504 156138.221952  x:  1.96402   0.38808   0.30575   0.38507   0.35039   0.09533   0.67611   0.16026   0.37426   0.42355   0.86800   1.34206   1.25511   0.45052   0.62951   0.61667   0.82487   0.11164   0.37788   0.12418   0.09624   0.46918   0.51505   0.47978   0.64355   0.43317   0.32191   0.12926   0.00063   0.00289   0.13849   0.56534   0.20722   1.33614   0.09554   1.14548   0.10798   0.32368   0.11918   0.17412   0.43458   0.06082   0.07107   0.34760   0.31123   0.23192   0.24236   0.18610   0.13446   0.52984   0.49015   1.03998   0.11418   0.66082   0.09727   0.56711   0.07159   1.24881   0.24773   0.12599   0.36658   0.37918   0.18546   0.29738   0.07146   0.40303   0.56726   1.81962   4.72704   1.65757   0.02443  
 42 476.0706 156124.312438  x:  1.99618   0.39056   0.30625   0.39266   0.35968   0.09590   0.67625   0.18198   0.38314   0.43014   0.87269   1.46506   1.26028   0.45069   0.64441   0.60967   0.83542   0.11682   0.36803   0.13989   0.11607   0.46500   0.50779   0.47788   0.64357   0.42738   0.31775   0.13226   0.00103   0.00316   0.14260   0.56008   0.19461   1.34618   0.11935   1.19988   0.12043   0.32207   0.12575   0.15761   0.43497   0.05359   0.06479   0.36993   0.33150   0.23939   0.25777   0.19442   0.12928   0.51945   0.48684   1.05820   0.11272   0.65581   0.08931   0.55525   0.05636   1.29546   0.24231   0.12176   0.37062   0.38265   0.18713   0.31746   0.08377   0.42364   0.57764   1.84673   4.69738   1.68653   0.02439  
 43 342.0149 156117.068535  x:  2.02131   0.38671   0.30698   0.40352   0.37455   0.08429   0.67108   0.19261   0.39587   0.44023   0.87403   1.54649   1.26333   0.44760   0.64826   0.60150   0.83888   0.13352   0.36351   0.14951   0.11293   0.46545   0.50798   0.47706   0.64164   0.42604   0.32669   0.13325   0.00123   0.00336   0.14345   0.56179   0.19351   1.35531   0.12850   1.22578   0.12790   0.32359   0.12687   0.15572   0.44953   0.07035   0.06547   0.37379   0.33154   0.23992   0.25160   0.18947   0.12756   0.52177   0.49369   1.06420   0.11230   0.65817   0.10120   0.55425   0.08345   1.31808   0.25090   0.12013   0.37892   0.39354   0.18761   0.31997   0.07196   0.43381   0.59054   1.86708   4.67534   1.70788   0.02436  
 44 341.7187 156112.842942  x:  2.04577   0.38029   0.31391   0.41037   0.38517   0.08935   0.66475   0.19253   0.40475   0.44788   0.87535   1.60537   1.26568   0.44246   0.64356   0.59438   0.83896   0.14728   0.36523   0.15210   0.10340   0.47235   0.51779   0.48025   0.63976   0.42993   0.34294   0.13587   0.00144   0.00350   0.14420   0.56894   0.20253   1.36601   0.12194   1.23069   0.12481   0.33059   0.12948   0.16932   0.46119   0.05714   0.07543   0.36719   0.32349   0.23961   0.25477   0.19858   0.13685   0.53522   0.50867   1.06256   0.11342   0.66545   0.10117   0.55787   0.07583   1.32222   0.25365   0.12171   0.38701   0.40409   0.18920   0.31541   0.07126   0.43526   0.60398   1.88143   4.66001   1.72230   0.02433  
 45 193.8585 156110.983164  x:  2.06613   0.37593   0.31925   0.40904   0.38435   0.09683   0.66255   0.18836   0.40470   0.44861   0.87803   1.63887   1.26749   0.43835   0.63624   0.59269   0.83894   0.14675   0.37034   0.15152   0.10742   0.48029   0.52912   0.48665   0.64060   0.43505   0.35054   0.13660   0.00152   0.00356   0.14562   0.57368   0.21248   1.37655   0.11703   1.22318   0.12223   0.33604   0.13031   0.16890   0.46454   0.06520   0.06872   0.36703   0.32558   0.23926   0.25388   0.19207   0.13083   0.54271   0.51522   1.05808   0.11679   0.67392   0.09995   0.56539   0.07267   1.31557   0.25645   0.12172   0.38715   0.40432   0.19226   0.31632   0.08269   0.43309   0.60964   1.88585   4.65297   1.72848   0.02429  
 46 124.7832 156109.674769  x:  2.08738   0.37266   0.32138   0.40649   0.38098   0.09716   0.66303   0.18631   0.40275   0.44774   0.88180   1.66563   1.26931   0.43517   0.62906   0.59413   0.83950   0.14221   0.37582   0.15002   0.10997   0.48572   0.53721   0.49238   0.64267   0.43983   0.35231   0.13628   0.00158   0.00359   0.14584   0.57604   0.22063   1.38818   0.11747   1.21144   0.12308   0.33934   0.13074   0.16432   0.46223   0.06267   0.07118   0.37212   0.33211   0.24292   0.25897   0.19639   0.12451   0.54608   0.51734   1.05309   0.11768   0.68174   0.09997   0.57316   0.07727   1.30515   0.25935   0.12061   0.38495   0.40153   0.19233   0.31528   0.07581   0.42847   0.61006   1.88681   4.64917   1.73136   0.02425  
 47 132.5404 156108.476039  x:  2.11831   0.37057   0.31951   0.40626   0.37874   0.08887   0.66776   0.19090   0.40136   0.44705   0.88852   1.69311   1.27167   0.43325   0.62225   0.60045   0.84123   0.13751   0.38093   0.14765   0.10382   0.48552   0.53800   0.49536   0.64648   0.44379   0.34633   0.13718   0.00160   0.00360   0.14522   0.57502   0.22437   1.40471   0.12386   1.19181   0.12813   0.33920   0.13398   0.16877   0.45822   0.06201   0.07122   0.37403   0.33179   0.24240   0.25459   0.19489   0.13236   0.54562   0.51483   1.04767   0.11252   0.68753   0.09783   0.57792   0.07725   1.28745   0.25837   0.12366   0.38455   0.39956   0.19284   0.32089   0.07675   0.43091   0.60770   1.88477   4.64916   1.73001   0.02417  
 48 87.4610 156107.729130  x:  2.14550   0.37070   0.31936   0.40916   0.38086   0.09384   0.67194   0.19408   0.40209   0.44745   0.89454   1.70954   1.27321   0.43379   0.62013   0.60615   0.84239   0.14015   0.38108   0.14801   0.10496   0.48210   0.53330   0.49419   0.64923   0.44392   0.34150   0.13663   0.00158   0.00358   0.14523   0.57350   0.22026   1.41699   0.12177   1.17564   0.12859   0.33664   0.13193   0.16759   0.45862   0.06531   0.06899   0.36986   0.32601   0.24062   0.25765   0.19781   0.13210   0.54110   0.51035   1.04473   0.11523   0.68775   0.10016   0.57632   0.07591   1.27317   0.25601   0.12246   0.38557   0.40068   0.18942   0.31859   0.07493   0.43373   0.60500   1.88351   4.65163   1.72628   0.02411  
 49 77.3904 156107.381316  x:  2.16158   0.37082   0.31859   0.41005   0.38187   0.09495   0.67279   0.19189   0.40246   0.44753   0.89735   1.71565   1.27379   0.43504   0.62049   0.60825   0.84249   0.14274   0.37906   0.14838   0.10730   0.48020   0.53006   0.49215   0.64966   0.44256   0.34120   0.13629   0.00154   0.00356   0.14520   0.57341   0.21637   1.42268   0.11867   1.16790   0.12747   0.33533   0.13104   0.16587   0.45927   0.06156   0.07326   0.36986   0.32720   0.24061   0.25543   0.19391   0.13038   0.53896   0.50915   1.04408   0.11608   0.68552   0.09982   0.57355   0.07766   1.26662   0.25627   0.12269   0.38612   0.40197   0.18991   0.31719   0.07706   0.43432   0.60424   1.88376   4.65370   1.72338   0.02408  
 50 73.8654 156107.075953  x:  2.18009   0.37054   0.31702   0.40884   0.38133   0.09224   0.67142   0.18654   0.40241   0.44723   0.89898   1.71785   1.27398   0.43741   0.62257   0.60820   0.84163   0.14424   0.37491   0.14826   0.10858   0.47919   0.52737   0.48892   0.64820   0.43971   0.34410   0.13605   0.00152   0.00354   0.14475   0.57434   0.21249   1.42693   0.11713   1.16252   0.12705   0.33524   0.13292   0.16712   0.46117   0.06251   0.06976   0.37065   0.33030   0.24127   0.25598   0.19526   0.13076   0.53928   0.51064   1.04499   0.11455   0.68062   0.09737   0.56921   0.07747   1.26226   0.25722   0.12187   0.38528   0.40230   0.19159   0.31592   0.07627   0.43180   0.60424   1.88479   4.65614   1.71982   0.02406  
 51 47.6614 156106.750426  x:  2.20566   0.36964   0.31750   0.40585   0.37912   0.09359   0.66856   0.18768   0.40189   0.44665   0.89869   1.71464   1.27357   0.44075   0.62638   0.60483   0.83924   0.14159   0.37053   0.14835   0.10601   0.47994   0.52708   0.48623   0.64454   0.43623   0.34760   0.13558   0.00150   0.00352   0.14473   0.57485   0.21135   1.42937   0.12103   1.16091   0.12990   0.33661   0.13172   0.16630   0.46010   0.06209   0.07051   0.37006   0.32856   0.24099   0.25472   0.19472   0.12964   0.54121   0.51335   1.04718   0.11589   0.67480   0.10292   0.56655   0.07554   1.26111   0.25808   0.11972   0.38297   0.40007   0.19168   0.31728   0.07659   0.42862   0.60527   1.88508   4.65770   1.71631   0.02403  
 52 35.4403 156106.313574  x:  2.24303   0.36814   0.31886   0.40512   0.37882   0.09472   0.66488   0.19318   0.40097   0.44598   0.89608   1.70488   1.27250   0.44392   0.63127   0.59904   0.83573   0.13886   0.37006   0.15089   0.10723   0.48190   0.52997   0.48717   0.64071   0.43479   0.34745   0.13566   0.00153   0.00353   0.14451   0.57317   0.21277   1.42916   0.12066   1.16281   0.12837   0.33798   0.12942   0.16571   0.45690   0.06301   0.07155   0.36867   0.32466   0.23960   0.25564   0.19442   0.12857   0.54227   0.51379   1.05026   0.11284   0.66941   0.09724   0.56674   0.07826   1.26398   0.25824   0.12425   0.38404   0.39936   0.19120   0.31732   0.07565   0.42852   0.60596   1.88423   4.65746   1.71310   0.02400  
 53 47.0724 156105.701616  x:  2.29537   0.36681   0.31859   0.40795   0.38131   0.09055   0.66148   0.19282   0.40011   0.44546   0.89118   1.68710   1.27098   0.44484   0.63616   0.59349   0.83269   0.13982   0.37522   0.15193   0.10728   0.48220   0.53306   0.49081   0.63837   0.43733   0.34340   0.13609   0.00161   0.00359   0.14459   0.56979   0.21585   1.42564   0.11602   1.16913   0.12563   0.33874   0.13130   0.16790   0.45565   0.06258   0.07063   0.37027   0.32844   0.24023   0.25531   0.19458   0.13049   0.54086   0.51061   1.05364   0.11691   0.66995   0.10030   0.57078   0.07763   1.27094   0.25571   0.12087   0.38505   0.39912   0.18697   0.31531   0.07695   0.43248   0.60512   1.88353   4.65465   1.71018   0.02398  
 54 68.3115 156105.206229  x:  2.33386   0.36864   0.31865   0.40904   0.38143   0.09532   0.66365   0.18773   0.40132   0.44646   0.88805   1.67116   1.27062   0.44158   0.63635   0.59491   0.83409   0.14247   0.37976   0.14834   0.10401   0.47964   0.53159   0.49177   0.64041   0.44149   0.34267   0.13605   0.00171   0.00365   0.14499   0.57002   0.21745   1.42093   0.11843   1.17634   0.12782   0.33624   0.13177   0.16561   0.45970   0.06277   0.07023   0.37023   0.32969   0.24185   0.25479   0.19502   0.12986   0.53846   0.50803   1.05389   0.11486   0.67644   0.10117   0.57305   0.07555   1.27760   0.25654   0.12356   0.38565   0.40199   0.19376   0.31696   0.07521   0.43237   0.60288   1.88571   4.65069   1.70869   0.02396  
 55 58.9498 156104.828650  x:  2.35753   0.37234   0.31783   0.40791   0.37970   0.09604   0.66902   0.18698   0.40288   0.44765   0.88701   1.65958   1.27181   0.43741   0.63319   0.60048   0.83825   0.14255   0.38021   0.14773   0.10788   0.47891   0.52981   0.49131   0.64521   0.44370   0.34517   0.13661   0.00176   0.00368   0.14481   0.57294   0.21722   1.41666   0.12145   1.18190   0.12951   0.33472   0.13215   0.16658   0.46225   0.06206   0.07178   0.36882   0.32685   0.24048   0.25601   0.19474   0.13191   0.53901   0.50964   1.05245   0.11413   0.68294   0.09787   0.57243   0.07850   1.28229   0.25772   0.11828   0.38315   0.40118   0.19210   0.31693   0.07732   0.43077   0.60268   1.88928   4.64701   1.70762   0.02395  
 56 50.2373 156104.473146  x:  2.37180   0.37743   0.31732   0.40733   0.37939   0.09211   0.67530   0.19063   0.40292   0.44771   0.88773   1.65082   1.27522   0.43449   0.62794   0.60807   0.84410   0.14127   0.37689   0.14927   0.10929   0.48042   0.52891   0.48964   0.65050   0.44335   0.34767   0.13652   0.00185   0.00373   0.14534   0.57611   0.21636   1.41280   0.12019   1.18580   0.12769   0.33590   0.13214   0.16711   0.46047   0.06284   0.07157   0.37022   0.32758   0.23987   0.25573   0.19497   0.13037   0.54105   0.51325   1.05028   0.11716   0.68703   0.10018   0.56990   0.07652   1.28496   0.25753   0.12444   0.38475   0.40150   0.19053   0.31585   0.07678   0.42962   0.60479   1.89282   4.64414   1.70532   0.02394  
 57 34.5231 156104.029952  x:  2.37684   0.38325   0.32045   0.40936   0.38233   0.09591   0.67888   0.19142   0.40041   0.44598   0.89043   1.64487   1.28294   0.43633   0.62225   0.61470   0.85026   0.14315   0.37210   0.14896   0.10245   0.48327   0.53016   0.48832   0.65282   0.44103   0.34605   0.13688   0.00192   0.00378   0.14505   0.57640   0.21792   1.41027   0.11810   1.18788   0.12518   0.33873   0.13303   0.16796   0.45646   0.06322   0.07015   0.37147   0.33020   0.24298   0.25499   0.19525   0.12818   0.54254   0.51516   1.04826   0.11323   0.68479   0.09990   0.56810   0.07894   1.28549   0.25750   0.12162   0.38536   0.39928   0.18868   0.31717   0.07698   0.43205   0.60752   1.89478   4.64115   1.70103   0.02393  
 58 21.7924 156102.633071  x:  2.37304   0.39299   0.32299   0.41138   0.38475   0.09272   0.67790   0.18135   0.39687   0.44393   0.89761   1.63511   1.31136   0.44798   0.61072   0.62281   0.86161   0.14931   0.36573   0.14905   0.10838   0.49000   0.53798   0.49244   0.65199   0.43600   0.33759   0.13708   0.00219   0.00398   0.14573   0.57262   0.22396   1.40782   0.12257   1.18991   0.13039   0.34452   0.13152   0.16919   0.45426   0.06365   0.07285   0.36645   0.32560   0.24161   0.25701   0.19367   0.13060   0.54228   0.51290   1.04498   0.11820   0.67048   0.10072   0.56813   0.07868   1.28232   0.25770   0.11979   0.38658   0.39895   0.19657   0.31863   0.07431   0.43398   0.60758   1.89500   4.63247   1.68511   0.02390  
 59 30.6369 156098.742520  x:  2.34169   0.39858   0.31866   0.40180   0.37044   0.09512   0.66858   0.19223   0.40796   0.45275   0.90752   1.61970   1.38661   0.46740   0.59705   0.61836   0.87136   0.14670   0.37368   0.14445   0.10520   0.48309   0.53942   0.49852   0.64090   0.43849   0.33957   0.13932   0.00282   0.00437   0.14366   0.57116   0.21999   1.40734   0.11878   1.18531   0.12642   0.33988   0.13385   0.16425   0.46643   0.06241   0.07254   0.37204   0.32762   0.23222   0.25136   0.19750   0.13380   0.53469   0.50216   1.04403   0.11286   0.64585   0.10442   0.57384   0.07934   1.27052   0.25916   0.12026   0.38063   0.40329   0.19172   0.30495   0.08171   0.42198   0.59594   1.89816   4.61401   1.63289   0.02391  
 60 58.9795 156094.079926  x:  2.29501   0.38646   0.30978   0.40338   0.37196   0.09348   0.65765   0.18991   0.39920   0.44346   0.90709   1.60880   1.46040   0.46734   0.60211   0.59809   0.86281   0.13379   0.38829   0.14734   0.09967   0.46803   0.52566   0.49151   0.63275   0.44681   0.35261   0.13335   0.00348   0.00475   0.14669   0.57229   0.20253   1.41091   0.11534   1.17347   0.12260   0.32957   0.13307   0.16515   0.46066   0.06106   0.07083   0.36129   0.31903   0.24802   0.25793   0.18529   0.12968   0.53255   0.50184   1.04709   0.12218   0.65056   0.09700   0.57121   0.08075   1.25711   0.25671   0.12132   0.37454   0.39575   0.18464   0.31761   0.07592   0.42035   0.59056   1.90526   4.60203   1.55864   0.02392  
 61 110.9230 156090.989037  x:  2.26120   0.37218   0.30877   0.40347   0.37505   0.09706   0.65619   0.18262   0.38788   0.43255   0.89981   1.60621   1.49107   0.45542   0.61805   0.58433   0.84723   0.13338   0.38881   0.14817   0.10900   0.46641   0.51776   0.48107   0.63172   0.44700   0.35105   0.13926   0.00384   0.00495   0.13884   0.56675   0.19691   1.41444   0.11812   1.16334   0.12354   0.32631   0.12953   0.16677   0.44647   0.06204   0.07195   0.35718   0.31915   0.23245   0.24464   0.19378   0.12503   0.53247   0.50482   1.04856   0.11136   0.66794   0.10140   0.56244   0.08028   1.24990   0.25426   0.12011   0.37491   0.38846   0.18499   0.31173   0.07465   0.42105   0.58965   1.90714   4.59681   1.50648   0.02393  
 62 129.7039 156088.833821  x:  2.23550   0.36171   0.31051   0.39580   0.36933   0.09520   0.66165   0.18243   0.38908   0.43277   0.88894   1.60902   1.48739   0.43877   0.63637   0.58052   0.82973   0.13896   0.37610   0.14119   0.10200   0.47103   0.51548   0.47167   0.63252   0.43934   0.33878   0.13112   0.00410   0.00513   0.14614   0.55708   0.20370   1.41626   0.11806   1.15431   0.12492   0.33083   0.12765   0.16413   0.44257   0.06257   0.07167   0.35953   0.31754   0.22835   0.25125   0.18674   0.12681   0.52982   0.50390   1.04632   0.11246   0.67998   0.09682   0.55226   0.08154   1.24686   0.25177   0.11761   0.37477   0.38774   0.18694   0.29824   0.07756   0.41548   0.58668   1.90272   4.59305   1.46940   0.02396  
 63 88.2493 156087.127353  x:  2.21389   0.35862   0.31121   0.39105   0.36413   0.09322   0.66602   0.18292   0.39290   0.43568   0.87803   1.61484   1.45872   0.42351   0.64864   0.58405   0.81439   0.13769   0.36255   0.14200   0.10324   0.47378   0.51695   0.47229   0.63459   0.43075   0.33258   0.13878   0.00435   0.00526   0.13698   0.55379   0.21174   1.41532   0.11212   1.14574   0.12004   0.33178   0.12754   0.16266   0.44833   0.06044   0.06990   0.35552   0.31230   0.23976   0.24522   0.18750   0.12623   0.52436   0.49768   1.04056   0.11335   0.67838   0.09700   0.54764   0.08109   1.24528   0.25090   0.11606   0.36982   0.38890   0.18646   0.30468   0.07603   0.41002   0.58214   1.89578   4.58940   1.44001   0.02401  
 64 82.6629 156084.539578  x:  2.18047   0.36442   0.30863   0.39422   0.36460   0.09455   0.66550   0.17635   0.38831   0.43159   0.86248   1.62769   1.38097   0.40817   0.65525   0.59471   0.79546   0.12876   0.35317   0.14513   0.10146   0.46781   0.51592   0.47949   0.63460   0.42426   0.33841   0.12894   0.00474   0.00550   0.14617   0.55899   0.21882   1.40998   0.11018   1.13333   0.11634   0.32421   0.12707   0.16496   0.45167   0.05946   0.07189   0.35017   0.31555   0.22651   0.24425   0.18826   0.12498   0.51855   0.48848   1.02764   0.10891   0.65818   0.09957   0.54916   0.08078   1.24227   0.25097   0.11743   0.36345   0.38664   0.17936   0.31170   0.07384   0.40940   0.57604   1.88749   4.58184   1.39723   0.02414  
 65 97.4889 156082.222997  x:  2.15037   0.37308   0.30335   0.39449   0.36353   0.09541   0.65984   0.17483   0.38143   0.42509   0.85125   1.64073   1.29435   0.40760   0.65095   0.60119   0.78544   0.12942   0.35904   0.13959   0.09697   0.45943   0.51062   0.47841   0.62963   0.42609   0.34264   0.13786   0.00501   0.00566   0.13567   0.56163   0.21685   1.40233   0.11487   1.12413   0.12145   0.31922   0.12719   0.16038   0.44242   0.06085   0.07106   0.35178   0.31247   0.22653   0.24656   0.18379   0.12546   0.51990   0.48889   1.01672   0.11502   0.64051   0.09558   0.55074   0.08127   1.23729   0.24937   0.11800   0.36550   0.38175   0.17912   0.29684   0.07610   0.41007   0.57324   1.88489   4.57545   1.35771   0.02424  
 66 144.7728 156080.835672  x:  2.13285   0.37702   0.30054   0.38944   0.35967   0.09436   0.65407   0.17851   0.38194   0.42472   0.84736   1.64893   1.23562   0.41792   0.64014   0.59880   0.78627   0.13311   0.36813   0.13672   0.10362   0.45850   0.50787   0.47145   0.62478   0.42954   0.33729   0.13097   0.00516   0.00576   0.14182   0.55599   0.20987   1.39497   0.11181   1.11970   0.11976   0.31988   0.12664   0.16028   0.43604   0.06024   0.06951   0.35051   0.30711   0.23304   0.24019   0.18579   0.12507   0.52189   0.49235   1.01308   0.10998   0.63897   0.09852   0.54851   0.08077   1.23188   0.24826   0.11343   0.36584   0.37951   0.18407   0.29585   0.07541   0.40689   0.57303   1.88686   4.57250   1.33246   0.02432  
 67 120.6732 156080.157330  x:  2.12510   0.37567   0.30123   0.38683   0.35877   0.09364   0.65066   0.17718   0.38366   0.42586   0.84807   1.65310   1.20540   0.42802   0.63006   0.59228   0.79193   0.13079   0.36997   0.13827   0.10056   0.46027   0.50697   0.46534   0.62210   0.42949   0.33208   0.13356   0.00520   0.00578   0.13823   0.55007   0.20554   1.38941   0.11028   1.11884   0.11827   0.32284   0.12502   0.16175   0.43824   0.06001   0.07069   0.34799   0.30950   0.22553   0.24356   0.18344   0.12228   0.51982   0.49166   1.01421   0.11064   0.64559   0.09728   0.54469   0.08075   1.22737   0.24766   0.11290   0.36327   0.38067   0.18260   0.30152   0.07365   0.40340   0.57255   1.88859   4.57137   1.31923   0.02437  
 68 73.7335 156079.871593  x:  2.12282   0.37132   0.30271   0.38793   0.36007   0.09434   0.65031   0.17461   0.38228   0.42478   0.85074   1.65507   1.19375   0.43293   0.62420   0.58619   0.79779   0.12780   0.36601   0.14013   0.09984   0.46105   0.50750   0.46525   0.62152   0.42702   0.33320   0.13239   0.00521   0.00579   0.13909   0.54893   0.20581   1.38549   0.11290   1.11984   0.11976   0.32271   0.12473   0.16071   0.44122   0.05932   0.06995   0.34788   0.30876   0.22799   0.24055   0.18470   0.12338   0.51699   0.48889   1.01689   0.11100   0.65101   0.09564   0.54277   0.08118   1.22423   0.24772   0.11553   0.36202   0.38089   0.17850   0.29774   0.07499   0.40374   0.57110   1.88722   4.57075   1.31324   0.02437  
 69 34.7416 156079.649585  x:  2.12237   0.36460   0.30233   0.38837   0.35928   0.09319   0.65197   0.17609   0.38114   0.42384   0.85526   1.65679   1.18759   0.43392   0.62105   0.58076   0.80407   0.13005   0.36126   0.13885   0.10064   0.45992   0.50781   0.46819   0.62168   0.42449   0.33698   0.13296   0.00523   0.00579   0.13827   0.55039   0.20718   1.38068   0.11126   1.12150   0.11863   0.31950   0.12454   0.15985   0.43993   0.05939   0.07006   0.34851   0.30774   0.22791   0.24348   0.18251   0.12489   0.51576   0.48705   1.02007   0.10805   0.65348   0.09773   0.54303   0.08015   1.22112   0.24793   0.11454   0.36205   0.37931   0.18059   0.29731   0.07447   0.40527   0.56942   1.88451   4.56948   1.30875   0.02438  
 70 21.9382 156079.391752  x:  2.12299   0.35683   0.30127   0.38775   0.35753   0.09398   0.65398   0.17760   0.38153   0.42400   0.86220   1.65888   1.18386   0.43090   0.62024   0.57691   0.81005   0.13308   0.35916   0.13726   0.09939   0.45800   0.50700   0.47063   0.62249   0.42319   0.33776   0.13225   0.00522   0.00579   0.13886   0.55127   0.20821   1.37441   0.11052   1.12383   0.11884   0.31784   0.12539   0.15997   0.43712   0.05976   0.07012   0.34795   0.30878   0.22584   0.24016   0.18519   0.12375   0.51662   0.48720   1.02301   0.11311   0.65177   0.09436   0.54417   0.08115   1.21808   0.24724   0.11286   0.36299   0.37913   0.18255   0.29949   0.07375   0.40500   0.56887   1.88243   4.56715   1.30380   0.02438  
 71 22.6887 156078.572787  x:  2.12690   0.33940   0.29897   0.38735   0.35762   0.09563   0.65606   0.17354   0.38410   0.42538   0.88466   1.66539   1.17948   0.41643   0.62354   0.57356   0.82090   0.13301   0.36376   0.13973   0.10023   0.45703   0.50495   0.47148   0.62601   0.42429   0.32960   0.13229   0.00519   0.00574   0.13835   0.55018   0.20970   1.35597   0.11491   1.13011   0.11909   0.31815   0.12333   0.16207   0.43653   0.05929   0.06944   0.34628   0.31009   0.22829   0.24221   0.18308   0.12129   0.52191   0.49187   1.02716   0.10944   0.64022   0.09716   0.54724   0.08143   1.21187   0.24540   0.11446   0.36433   0.38276   0.17757   0.29869   0.07501   0.40085   0.57153   1.88243   4.55893   1.28797   0.02438  
 72 27.9883 156077.077726  x:  2.13525   0.33029   0.30274   0.39069   0.36462   0.09307   0.65333   0.17775   0.38166   0.42342   0.91541   1.67678   1.17982   0.40656   0.63293   0.57806   0.82251   0.12713   0.37314   0.13637   0.10122   0.46343   0.50714   0.46253   0.62490   0.43021   0.32898   0.13147   0.00507   0.00563   0.13780   0.55247   0.21363   1.33219   0.11316   1.13654   0.11625   0.32677   0.12905   0.15550   0.44596   0.05850   0.07036   0.35238   0.30387   0.22459   0.24162   0.18408   0.12420   0.51830   0.48985   1.02601   0.11093   0.63439   0.09716   0.54372   0.08002   1.21037   0.25111   0.11409   0.35703   0.37664   0.18343   0.29760   0.07335   0.40682   0.57305   1.88880   4.54213   1.25929   0.02437  
 73 35.5507 156073.458095  x:  2.15606   0.33511   0.31056   0.38729   0.36014   0.09261   0.64589   0.18759   0.38084   0.42428   0.96041   1.70355   1.18951   0.41801   0.65093   0.59366   0.80670   0.13380   0.38041   0.14132   0.10361   0.47046   0.51506   0.45824   0.61972   0.43859   0.34309   0.13059   0.00486   0.00539   0.13679   0.55827   0.22605   1.29925   0.11913   1.14711   0.12208   0.32709   0.11455   0.16693   0.44359   0.05777   0.06713   0.34588   0.31794   0.22954   0.24221   0.18346   0.12791   0.50852   0.47879   1.01451   0.11252   0.64579   0.09626   0.53738   0.08086   1.22173   0.25331   0.11248   0.36679   0.37979   0.18284   0.29872   0.07309   0.40877   0.56737   1.90122   4.49651   1.19285   0.02430  
 74 63.5176 156068.489793  x:  2.18513   0.34859   0.30980   0.39184   0.35799   0.09344   0.64493   0.18172   0.38853   0.43197   0.98725   1.73914   1.20767   0.44491   0.66062   0.60915   0.78486   0.13790   0.37535   0.14945   0.10281   0.46598   0.52070   0.47374   0.61780   0.43945   0.34727   0.12917   0.00449   0.00510   0.13583   0.55468   0.23064   1.28003   0.12383   1.16096   0.12466   0.32305   0.14854   0.15871   0.43215   0.05834   0.06947   0.34668   0.30831   0.22658   0.24553   0.18296   0.12036   0.51344   0.48469   1.00716   0.10945   0.66634   0.09831   0.54245   0.08216   1.24724   0.24600   0.11486   0.37399   0.38937   0.17579   0.30337   0.07550   0.40335   0.56570   1.90919   4.43077   1.10131   0.02422  
 75 129.1180 156061.886870  x:  2.22255   0.36244   0.30355   0.40686   0.36919   0.09896   0.66154   0.18366   0.39693   0.43871   0.97561   1.78230   1.23441   0.47079   0.65215   0.61672   0.77389   0.13266   0.36655   0.14579   0.10494   0.45902   0.52284   0.49612   0.62457   0.43589   0.33681   0.12815   0.00420   0.00472   0.13404   0.54495   0.22209   1.28911   0.12510   1.18167   0.12361   0.31491   0.12753   0.15784   0.44655   0.05747   0.06596   0.36600   0.31189   0.22535   0.24495   0.18487   0.12812   0.53825   0.50581   1.00827   0.11477   0.67753   0.09485   0.56192   0.08033   1.28564   0.24564   0.11509   0.36203   0.38693   0.18453   0.30454   0.07326   0.40727   0.57685   1.91104   4.34874   0.97891   0.02410  
 76 162.0090 156054.565667  x:  2.26233   0.37020   0.30474   0.40355   0.37190   0.09776   0.68862   0.19796   0.39219   0.43320   0.91116   1.82585   1.26461   0.47188   0.62632   0.61088   0.79697   0.14207   0.37861   0.13755   0.10920   0.47264   0.52526   0.49466   0.64364   0.44275   0.33779   0.12604   0.00371   0.00428   0.13209   0.55330   0.21670   1.33615   0.13268   1.21192   0.13107   0.33604   0.14206   0.16694   0.46262   0.05168   0.06594   0.34356   0.32459   0.22832   0.24873   0.18303   0.11399   0.53433   0.49807   1.03278   0.11201   0.65994   0.09678   0.57120   0.07770   1.32450   0.25625   0.11561   0.36664   0.38475   0.18760   0.29751   0.07356   0.41637   0.58405   1.91341   4.25831   0.84459   0.02397  
 77 158.7721 156051.608609  x:  2.27777   0.37842   0.31375   0.40190   0.37289   0.09998   0.69108   0.18963   0.39408   0.43523   0.87537   1.84221   1.27641   0.46291   0.61810   0.60639   0.82126   0.15009   0.39078   0.14595   0.10843   0.48069   0.52857   0.48704   0.65047   0.44967   0.34364   0.12494   0.00349   0.00404   0.13121   0.56296   0.22698   1.36388   0.13227   1.22693   0.12781   0.33970   0.13646   0.15912   0.45257   0.05432   0.06493   0.36131   0.31682   0.22584   0.24830   0.18390   0.12738   0.52781   0.49207   1.04661   0.11391   0.64937   0.09867   0.56299   0.07939   1.33403   0.25407   0.11422   0.37487   0.39146   0.18163   0.30801   0.07315   0.41054   0.57809   1.92187   4.22458   0.78855   0.02389  
 78 146.3692 156050.895899  x:  2.28096   0.39073   0.31726   0.40695   0.37486   0.09854   0.68269   0.19112   0.40003   0.44134   0.86585   1.84507   1.27838   0.45441   0.62335   0.60492   0.83835   0.14626   0.39181   0.14679   0.10921   0.47728   0.53130   0.48707   0.64419   0.45042   0.34191   0.12457   0.00339   0.00395   0.13065   0.56284   0.23865   1.37507   0.13200   1.23418   0.12728   0.33160   0.13767   0.16118   0.44786   0.05435   0.06448   0.35754   0.31885   0.22648   0.24810   0.18338   0.12455   0.52833   0.49421   1.05100   0.11457   0.65094   0.09869   0.55594   0.08009   1.32847   0.25133   0.11473   0.36881   0.38976   0.18550   0.30434   0.07327   0.41160   0.57518   1.92941   4.21843   0.77479   0.02386  
 79 45.6640 156050.700588  x:  2.28159   0.39942   0.31565   0.40549   0.37205   0.09886   0.67849   0.19268   0.39612   0.43829   0.86429   1.84529   1.27831   0.45057   0.63007   0.60403   0.84663   0.14759   0.39098   0.14712   0.10958   0.47526   0.53155   0.48889   0.63990   0.45017   0.34090   0.12444   0.00338   0.00394   0.13065   0.56112   0.24034   1.37979   0.13104   1.23886   0.12783   0.33178   0.13802   0.16021   0.45256   0.05382   0.06461   0.35826   0.31862   0.22617   0.24825   0.18351   0.12461   0.53002   0.49604   1.05157   0.11431   0.65430   0.09835   0.55681   0.07998   1.32246   0.25286   0.11471   0.37187   0.39087   0.18341   0.30570   0.07288   0.41281   0.57690   1.92938   4.21720   0.77216   0.02385  
 80 23.9307 156050.651493  x:  2.28157   0.40270   0.31460   0.40599   0.37378   0.09919   0.67879   0.19280   0.39722   0.43895   0.86432   1.84500   1.27788   0.45018   0.63405   0.60293   0.84870   0.14809   0.39080   0.14854   0.10935   0.47655   0.53119   0.48936   0.63978   0.45014   0.34231   0.12460   0.00340   0.00396   0.13082   0.56097   0.23809   1.38162   0.13184   1.24186   0.12715   0.33431   0.13798   0.16096   0.45160   0.05396   0.06461   0.35874   0.31866   0.22638   0.24848   0.18362   0.12472   0.52971   0.49480   1.05076   0.11423   0.65559   0.09817   0.55957   0.08001   1.31835   0.25340   0.11474   0.37125   0.39042   0.18436   0.30546   0.07340   0.41126   0.57723   1.92768   4.21700   0.77325   0.02384  
 81 10.3103 156050.625830  x:  2.28140   0.40321   0.31510   0.40554   0.37358   0.09918   0.68090   0.19204   0.39813   0.43971   0.86421   1.84460   1.27748   0.45167   0.63649   0.60194   0.84843   0.14703   0.39099   0.14684   0.10959   0.47796   0.53159   0.48925   0.64087   0.45024   0.34302   0.12465   0.00340   0.00396   0.13084   0.56112   0.23735   1.38292   0.13166   1.24483   0.12710   0.33402   0.13809   0.16027   0.45131   0.05413   0.06470   0.35824   0.31906   0.22645   0.24850   0.18372   0.12532   0.53006   0.49502   1.04959   0.11420   0.65526   0.09822   0.56027   0.08031   1.31474   0.25269   0.11494   0.37152   0.39115   0.18381   0.30577   0.07308   0.41310   0.57744   1.92880   4.21833   0.77519   0.02384  
 82  5.2946 156050.592612  x:  2.28109   0.40237   0.31610   0.40605   0.37341   0.09891   0.68334   0.19242   0.39706   0.43900   0.86401   1.84412   1.27703   0.45412   0.63831   0.60152   0.84704   0.14701   0.39177   0.14791   0.10922   0.47787   0.53182   0.48984   0.64294   0.45067   0.34244   0.12467   0.00341   0.00397   0.13092   0.56113   0.23799   1.38461   0.13133   1.24863   0.12723   0.33267   0.13859   0.16146   0.45227   0.05393   0.06467   0.35919   0.31852   0.22649   0.24858   0.18369   0.12430   0.53016   0.49544   1.04844   0.11448   0.65457   0.09828   0.55937   0.08036   1.31078   0.25329   0.11476   0.37163   0.39092   0.18441   0.30560   0.07334   0.41215   0.57674   1.93071   4.22156   0.77909   0.02384  
 83  6.4327 156050.499558  x:  2.28050   0.39932   0.31559   0.40764   0.37358   0.09897   0.68308   0.19303   0.39678   0.43890   0.86473   1.84355   1.27654   0.45593   0.63742   0.60432   0.84381   0.14776   0.39203   0.14775   0.10960   0.47426   0.53161   0.49029   0.64286   0.45130   0.34139   0.12473   0.00341   0.00397   0.13099   0.56215   0.23971   1.38823   0.13133   1.25484   0.12569   0.33496   0.13834   0.15855   0.45157   0.05435   0.06478   0.35659   0.32028   0.22654   0.24854   0.18384   0.12684   0.53003   0.49602   1.04855   0.11439   0.65506   0.09839   0.55718   0.08023   1.30692   0.25540   0.11531   0.37118   0.38986   0.18360   0.30599   0.07376   0.40996   0.57759   1.93058   4.23570   0.79130   0.02383  
 84  6.3912 156050.180541  x:  2.27872   0.39265   0.31323   0.40645   0.37207   0.10030   0.67781   0.19189   0.39838   0.43990   0.86875   1.84246   1.27552   0.45509   0.63121   0.61297   0.83597   0.14609   0.39039   0.14586   0.11078   0.47030   0.53152   0.48866   0.63891   0.45146   0.34109   0.12480   0.00344   0.00400   0.13099   0.56450   0.24025   1.39789   0.13093   1.26852   0.12505   0.33792   0.13736   0.16342   0.45025   0.05404   0.06456   0.36038   0.31738   0.22635   0.24857   0.18355   0.12314   0.52816   0.49388   1.05120   0.11400   0.65715   0.09823   0.55580   0.08080   1.30143   0.25444   0.11519   0.37147   0.39069   0.18322   0.30561   0.07302   0.41287   0.57969   1.92780   4.28793   0.83336   0.02377  
 85 31.2025 156049.539665  x:  2.27517   0.39000   0.31416   0.40239   0.37351   0.09984   0.67177   0.19415   0.39580   0.43672   0.87676   1.84197   1.27411   0.44863   0.62338   0.61821   0.82866   0.14679   0.38904   0.15252   0.10825   0.47972   0.53129   0.48487   0.63574   0.44909   0.34162   0.12465   0.00346   0.00403   0.13121   0.56145   0.23463   1.40850   0.12886   1.27770   0.12607   0.32893   0.13888   0.15897   0.45156   0.05406   0.06474   0.35656   0.31910   0.22587   0.24815   0.18340   0.12570   0.53026   0.49449   1.05466   0.11402   0.65858   0.09765   0.56067   0.08143   1.30157   0.24840   0.11355   0.37081   0.39121   0.18635   0.30388   0.07362   0.41206   0.57219   1.92769   4.39369   0.91956   0.02367  
 86 63.0877 156048.319990  x:  2.26808   0.39683   0.31701   0.40515   0.37465   0.09890   0.67618   0.19408   0.39511   0.43631   0.88419   1.84434   1.27278   0.44685   0.62729   0.60603   0.83197   0.15372   0.39123   0.14040   0.11124   0.48386   0.52663   0.48683   0.63503   0.44612   0.34379   0.12503   0.00350   0.00411   0.13123   0.55192   0.23539   1.41065   0.13359   1.26482   0.12332   0.32415   0.14018   0.16222   0.44849   0.05389   0.06434   0.35792   0.31730   0.22565   0.24797   0.18269   0.12376   0.52849   0.49195   1.05394   0.11590   0.65780   0.09733   0.56072   0.07917   1.31430   0.25790   0.11869   0.36827   0.38669   0.17751   0.30700   0.07429   0.40631   0.56979   1.93589   4.59420   1.08687   0.02348  
 87 101.2064 156047.286961  x:  2.26225   0.40198   0.31459   0.40460   0.36836   0.10020   0.68368   0.19223   0.39560   0.43734   0.88281   1.84870   1.27302   0.45180   0.63793   0.59444   0.84210   0.14521   0.39464   0.14893   0.10939   0.47545   0.52372   0.49094   0.64045   0.44731   0.34510   0.12536   0.00358   0.00420   0.13173   0.55227   0.23877   1.40302   0.13066   1.24618   0.12673   0.33417   0.13957   0.16105   0.44756   0.05452   0.06476   0.35646   0.31758   0.22534   0.24789   0.18259   0.12519   0.52648   0.49160   1.05126   0.11495   0.65752   0.09841   0.55510   0.08041   1.32562   0.25478   0.11450   0.37028   0.38773   0.18432   0.30312   0.07342   0.41041   0.57397   1.93873   4.76223   1.22874   0.02332  
 88 198.5211 156047.031833  x:  2.26132   0.39971   0.31265   0.40545   0.37197   0.10091   0.68363   0.19403   0.39413   0.43557   0.87446   1.85207   1.27453   0.45710   0.64438   0.59684   0.84769   0.14472   0.39341   0.14585   0.11081   0.47349   0.52848   0.48629   0.63906   0.44984   0.34256   0.12567   0.00362   0.00425   0.13207   0.55890   0.23771   1.39394   0.13108   1.24039   0.12843   0.33417   0.14000   0.16155   0.44932   0.05441   0.06498   0.35680   0.31805   0.22545   0.24824   0.18272   0.12444   0.52770   0.49277   1.05067   0.11462   0.65826   0.09878   0.55463   0.08220   1.32509   0.24880   0.11501   0.36966   0.38942   0.18405   0.30435   0.07439   0.40744   0.57119   1.93523   4.80055   1.26385   0.02328  
 89 52.5144 156046.948255  x:  2.26140   0.39853   0.31280   0.40354   0.37102   0.10134   0.68203   0.19319   0.39512   0.43609   0.86780   1.85458   1.27604   0.45905   0.64623   0.59962   0.84917   0.14558   0.39274   0.14799   0.11012   0.47403   0.52943   0.48509   0.63865   0.45038   0.34030   0.12564   0.00363   0.00426   0.13216   0.56109   0.23607   1.38675   0.13211   1.23888   0.12741   0.33170   0.14046   0.16146   0.44857   0.05447   0.06494   0.35662   0.31794   0.22539   0.24820   0.18274   0.12454   0.52815   0.49253   1.05092   0.11517   0.65876   0.09848   0.55592   0.08124   1.32236   0.25278   0.11557   0.36908   0.38794   0.18342   0.30392   0.07405   0.40957   0.57146   1.93454   4.81287   1.27326   0.02327  
 90 22.1202 156046.899377  x:  2.26196   0.40005   0.31398   0.40430   0.37084   0.10082   0.68064   0.19340   0.39464   0.43569   0.86116   1.85771   1.27816   0.45812   0.64436   0.60057   0.84760   0.14429   0.39226   0.14675   0.11015   0.47465   0.52695   0.48676   0.63805   0.44907   0.34049   0.12547   0.00361   0.00424   0.13196   0.55964   0.23524   1.37820   0.13150   1.23968   0.12825   0.33215   0.14004   0.16126   0.44798   0.05438   0.06479   0.35630   0.31762   0.22521   0.24794   0.18251   0.12465   0.52725   0.49143   1.05143   0.11483   0.65851   0.09822   0.55667   0.08111   1.31766   0.25263   0.11468   0.37013   0.38818   0.18370   0.30363   0.07404   0.40790   0.57191   1.93590   4.81935   1.27517   0.02327  
 91  9.3192 156046.880294  x:  2.26229   0.40204   0.31323   0.40374   0.37030   0.10092   0.68075   0.19320   0.39424   0.43538   0.85885   1.85924   1.27921   0.45742   0.64275   0.59959   0.84598   0.14564   0.39276   0.14690   0.11008   0.47440   0.52646   0.48664   0.63824   0.44885   0.34120   0.12541   0.00360   0.00424   0.13191   0.55848   0.23590   1.37449   0.13233   1.24045   0.12728   0.33258   0.13985   0.16126   0.44827   0.05432   0.06478   0.35626   0.31756   0.22513   0.24785   0.18245   0.12439   0.52721   0.49181   1.05135   0.11481   0.65807   0.09829   0.55562   0.08143   1.31539   0.25113   0.11529   0.36859   0.38776   0.18349   0.30361   0.07390   0.40857   0.57123   1.93474   4.82043   1.27459   0.02327  
 92  7.0319 156046.869416  x:  2.26244   0.40360   0.31238   0.40363   0.37086   0.10101   0.68132   0.19309   0.39440   0.43549   0.85833   1.85995   1.27973   0.45671   0.64153   0.59821   0.84492   0.14499   0.39280   0.14686   0.11016   0.47380   0.52733   0.48530   0.63827   0.44886   0.34112   0.12545   0.00360   0.00424   0.13191   0.55808   0.23623   1.37302   0.13201   1.24108   0.12760   0.33191   0.13995   0.16124   0.44802   0.05433   0.06477   0.35621   0.31760   0.22511   0.24787   0.18247   0.12432   0.52734   0.49197   1.05090   0.11483   0.65772   0.09829   0.55480   0.08127   1.31452   0.25224   0.11490   0.36934   0.38799   0.18346   0.30362   0.07398   0.40848   0.57071   1.93300   4.81917   1.27255   0.02327  
 93  3.9138 156046.823088  x:  2.26216   0.40486   0.31337   0.40314   0.37010   0.10051   0.68199   0.19271   0.39407   0.43500   0.85861   1.86036   1.28018   0.45561   0.64005   0.59538   0.84372   0.14593   0.39160   0.14735   0.11016   0.47147   0.52919   0.48290   0.63732   0.44892   0.33928   0.12528   0.00359   0.00423   0.13180   0.56018   0.23566   1.37246   0.13157   1.24211   0.12796   0.33054   0.14020   0.16093   0.44776   0.05427   0.06472   0.35589   0.31727   0.22490   0.24759   0.18229   0.12468   0.52675   0.48960   1.04785   0.11474   0.65708   0.09812   0.55629   0.08123   1.31424   0.25082   0.11527   0.36856   0.38680   0.18334   0.30330   0.07375   0.40707   0.57394   1.93370   4.80512   1.25347   0.02325  
 94  3.4209 156046.477866  x:  2.25864   0.40191   0.31460   0.40368   0.36790   0.09962   0.67946   0.19295   0.39198   0.43326   0.85966   1.85984   1.28089   0.45400   0.63740   0.59014   0.84216   0.14499   0.38812   0.14704   0.11021   0.46983   0.52536   0.48257   0.63212   0.44743   0.33414   0.12510   0.00358   0.00425   0.13179   0.56580   0.23252   1.37375   0.13465   1.24448   0.12267   0.33380   0.14005   0.16125   0.44584   0.05437   0.06444   0.35487   0.31622   0.22445   0.24680   0.18168   0.12360   0.52572   0.49082   1.03354   0.11485   0.65389   0.09802   0.55646   0.08055   1.31422   0.25200   0.11339   0.36832   0.38932   0.18361   0.30204   0.07372   0.40815   0.56423   1.93619   4.68724   1.11036   0.02319  
 95 27.5023 156045.931515  x:  2.25222   0.39552   0.31038   0.40134   0.36782   0.10143   0.67491   0.19200   0.39241   0.43347   0.86148   1.85798   1.28087   0.45600   0.63863   0.59267   0.84122   0.14546   0.39035   0.14627   0.10968   0.47412   0.51929   0.48409   0.63068   0.44623   0.33582   0.12559   0.00364   0.00435   0.13217   0.56097   0.23197   1.37620   0.12776   1.24552   0.13084   0.33144   0.14028   0.16126   0.44444   0.05465   0.06471   0.35409   0.31553   0.22410   0.24635   0.18139   0.12369   0.52343   0.49063   1.02653   0.11397   0.64868   0.09859   0.54970   0.08126   1.31251   0.25128   0.11658   0.36624   0.38209   0.18079   0.30230   0.07390   0.40632   0.56333   1.93248   4.49519   0.88730   0.02307  
 96 155.8038 156045.643439  x:  2.24836   0.39402   0.30969   0.40013   0.36854   0.10141   0.67441   0.19276   0.39075   0.43164   0.86338   1.85614   1.28006   0.45799   0.64038   0.59724   0.83913   0.14289   0.39191   0.14521   0.10971   0.47345   0.52044   0.48189   0.63271   0.44549   0.33965   0.12597   0.00369   0.00442   0.13244   0.55418   0.23300   1.37752   0.13215   1.24280   0.12443   0.32734   0.14079   0.16098   0.44414   0.05480   0.06493   0.35339   0.31544   0.22408   0.24628   0.18132   0.12408   0.52322   0.48775   1.03420   0.11523   0.64627   0.09892   0.54826   0.08193   1.30968   0.25058   0.11445   0.36698   0.38532   0.18277   0.30121   0.07392   0.40426   0.56850   1.93187   4.39164   0.77028   0.02301  
 97 151.9909 156045.545711  x:  2.24667   0.39605   0.31200   0.40092   0.36765   0.10097   0.67623   0.19253   0.39103   0.43180   0.86509   1.85502   1.27919   0.45784   0.64102   0.59879   0.83601   0.14365   0.39103   0.14574   0.11006   0.46979   0.52339   0.47997   0.63355   0.44569   0.34032   0.12615   0.00371   0.00444   0.13257   0.55341   0.23226   1.37744   0.13124   1.24051   0.12639   0.32989   0.13997   0.16115   0.44374   0.05488   0.06497   0.35351   0.31535   0.22420   0.24630   0.18127   0.12393   0.52444   0.48810   1.04456   0.11491   0.64565   0.09889   0.55117   0.08180   1.30727   0.25141   0.11508   0.36626   0.38499   0.18222   0.30145   0.07404   0.40511   0.56503   1.93504   4.35560   0.73110   0.02300  
 98 46.8048 156045.534637  x:  2.24643   0.39719   0.31132   0.40115   0.36765   0.10112   0.67699   0.19238   0.39114   0.43217   0.86568   1.85481   1.27899   0.45785   0.64090   0.59833   0.83488   0.14360   0.39085   0.14569   0.10992   0.47107   0.52288   0.48092   0.63275   0.44638   0.33904   0.12618   0.00371   0.00445   0.13263   0.55569   0.23232   1.37736   0.13157   1.23994   0.12610   0.32968   0.13986   0.16117   0.44407   0.05488   0.06502   0.35351   0.31540   0.22422   0.24632   0.18130   0.12398   0.52377   0.48864   1.04717   0.11499   0.64575   0.09895   0.55067   0.08196   1.30670   0.25117   0.11507   0.36701   0.38425   0.18232   0.30149   0.07405   0.40495   0.56531   1.93540   4.35170   0.72720   0.02299  
 99  6.3797 156045.532666  x:  2.24639   0.39742   0.31133   0.40103   0.36774   0.10110   0.67707   0.19249   0.39096   0.43197   0.86579   1.85478   1.27897   0.45790   0.64088   0.59820   0.83469   0.14367   0.39089   0.14568   0.10992   0.47133   0.52250   0.48111   0.63266   0.44649   0.33877   0.12620   0.00372   0.00445   0.13264   0.55621   0.23243   1.37732   0.13136   1.23987   0.12637   0.32960   0.13985   0.16118   0.44381   0.05491   0.06502   0.35352   0.31540   0.22424   0.24634   0.18130   0.12401   0.52392   0.48852   1.04755   0.11498   0.64579   0.09895   0.55052   0.08193   1.30662   0.25143   0.11506   0.36632   0.38505   0.18229   0.30146   0.07406   0.40498   0.56554   1.93530   4.35132   0.72685   0.02299  
100  1.6482 156045.509512  x:  2.24609   0.39796   0.31296   0.39989   0.36848   0.10074   0.67591   0.19244   0.39168   0.43156   0.86604   1.85457   1.27886   0.45842   0.64087   0.59766   0.83425   0.14337   0.39117   0.14538   0.11033   0.47087   0.51987   0.48056   0.63377   0.44560   0.33813   0.12626   0.00373   0.00446   0.13270   0.55744   0.23352   1.37691   0.13135   1.23934   0.12611   0.32962   0.13999   0.16107   0.44427   0.05484   0.06511   0.35350   0.31542   0.22422   0.24637   0.18130   0.12378   0.52681   0.48660   1.04782   0.11500   0.64596   0.09899   0.55034   0.08207   1.30621   0.25110   0.11515   0.36700   0.38418   0.18226   0.30154   0.07408   0.40500   0.56512   1.93434   4.35252   0.72657   0.02300  
101  0.4161 156044.958332  x:  2.23901   0.39748   0.30571   0.40227   0.36284   0.10168   0.66300   0.19241   0.38844   0.42937   0.86499   1.84894   1.27640   0.45857   0.64062   0.59359   0.82922   0.14196   0.39195   0.14193   0.10897   0.46911   0.51981   0.47509   0.64467   0.43460   0.33512   0.12640   0.00369   0.00447   0.13274   0.55816   0.23175   1.36586   0.13013   1.22787   0.12581   0.32785   0.13884   0.16082   0.44148   0.05509   0.06532   0.35133   0.31347   0.22352   0.24488   0.18058   0.12354   0.51988   0.48730   1.04454   0.11463   0.64492   0.09838   0.54907   0.08174   1.29717   0.24982   0.11507   0.36443   0.38253   0.18149   0.29965   0.07370   0.40249   0.56320   1.93573   4.39777   0.71601   0.02315  
102  2.9125 156044.535726  x:  2.23354   0.39398   0.30967   0.39447   0.36598   0.10000   0.66957   0.19010   0.38633   0.42773   0.86271   1.84469   1.27446   0.45642   0.63973   0.59417   0.82692   0.14048   0.38852   0.14326   0.10817   0.46457   0.51981   0.47782   0.63055   0.44251   0.33686   0.12663   0.00366   0.00448   0.13267   0.54984   0.22691   1.35709   0.12994   1.21912   0.12516   0.32709   0.13818   0.16055   0.43948   0.05533   0.06553   0.34962   0.31217   0.22305   0.24377   0.17996   0.12310   0.51819   0.48564   1.04055   0.11438   0.64236   0.09858   0.54272   0.08191   1.29032   0.24864   0.11487   0.36312   0.38053   0.18111   0.29824   0.07329   0.40078   0.56144   1.93558   4.43252   0.70819   0.02327  
103 25.1154 156044.509126  x:  2.23316   0.39327   0.30799   0.39687   0.36400   0.10032   0.67142   0.18982   0.38649   0.42718   0.86227   1.84443   1.27438   0.45683   0.63959   0.59445   0.82688   0.14026   0.38780   0.14421   0.10847   0.46556   0.51813   0.47554   0.62768   0.44351   0.33739   0.12667   0.00366   0.00449   0.13265   0.54867   0.22860   1.35651   0.12963   1.21854   0.12507   0.32697   0.13826   0.16044   0.43942   0.05532   0.06553   0.34950   0.31209   0.22304   0.24370   0.17994   0.12300   0.51940   0.48447   1.04019   0.11439   0.64201   0.09853   0.54366   0.08182   1.28990   0.24859   0.11489   0.36304   0.38045   0.18105   0.29821   0.07327   0.40071   0.56124   1.93599   4.43446   0.70787   0.02328  
104  8.2919 156044.508693  x:  2.23314   0.39325   0.30812   0.39672   0.36413   0.10028   0.67161   0.18980   0.38644   0.42724   0.86226   1.84441   1.27438   0.45691   0.63960   0.59450   0.82689   0.14024   0.38798   0.14428   0.10854   0.46547   0.51790   0.47535   0.62746   0.44319   0.33741   0.12667   0.00366   0.00449   0.13265   0.54871   0.22885   1.35651   0.12960   1.21853   0.12506   0.32693   0.13827   0.16047   0.43943   0.05532   0.06553   0.34950   0.31210   0.22304   0.24371   0.17994   0.12300   0.51909   0.48477   1.04019   0.11440   0.64203   0.09851   0.54395   0.08180   1.28989   0.24858   0.11489   0.36304   0.38045   0.18105   0.29822   0.07327   0.40070   0.56128   1.93590   4.43440   0.70781   0.02328  
105  0.6103 156044.505790  x:  2.23290   0.39313   0.30791   0.39679   0.36410   0.10031   0.67223   0.18971   0.38649   0.42717   0.86215   1.84404   1.27422   0.45673   0.63957   0.59470   0.82689   0.14030   0.38909   0.14437   0.10845   0.46544   0.51840   0.47556   0.62664   0.44151   0.33740   0.12663   0.00366   0.00448   0.13263   0.54901   0.22856   1.35646   0.12961   1.21845   0.12506   0.32697   0.13826   0.16044   0.43945   0.05530   0.06553   0.34951   0.31208   0.22303   0.24370   0.17994   0.12298   0.51950   0.48437   1.04008   0.11438   0.64224   0.09851   0.54357   0.08181   1.28983   0.24860   0.11488   0.36303   0.38045   0.18105   0.29821   0.07327   0.40071   0.56120   1.93599   4.43361   0.70649   0.02328  
106  0.2244 156044.367761  x:  2.22078   0.39201   0.31033   0.39918   0.36203   0.09904   0.67092   0.18920   0.38719   0.42702   0.85925   1.82551   1.26615   0.45387   0.63730   0.59339   0.82494   0.14092   0.38799   0.14406   0.10830   0.46582   0.51792   0.47574   0.62648   0.44190   0.33690   0.12547   0.00355   0.00431   0.13168   0.54933   0.22839   1.35547   0.12913   1.21501   0.12488   0.32669   0.13800   0.16017   0.44027   0.05466   0.06531   0.34942   0.31211   0.22249   0.24366   0.17993   0.12236   0.51895   0.48483   1.03507   0.11391   0.64099   0.09815   0.54372   0.08152   1.28641   0.24857   0.11456   0.36237   0.38063   0.18055   0.29837   0.07326   0.40037   0.56095   1.93040   4.39464   0.63939   0.02327  
107  1.4657 156044.342241  x:  2.21850   0.39160   0.30717   0.39685   0.36433   0.09953   0.67069   0.18925   0.38683   0.42717   0.85856   1.82205   1.26466   0.45365   0.63675   0.59301   0.82451   0.14096   0.38684   0.14407   0.10820   0.46558   0.51784   0.47585   0.62677   0.44195   0.33663   0.12513   0.00351   0.00426   0.13139   0.54914   0.22996   1.35525   0.12879   1.21431   0.12476   0.32707   0.13782   0.15998   0.44017   0.05451   0.06519   0.34930   0.31191   0.22232   0.24350   0.17985   0.12228   0.51920   0.48377   1.03408   0.11378   0.64073   0.09799   0.54459   0.08125   1.28573   0.24867   0.11447   0.36226   0.38052   0.18036   0.29830   0.07318   0.40033   0.56024   1.93230   4.38786   0.62658   0.02327  
108 18.5094 156044.341190  x:  2.21837   0.39161   0.30713   0.39678   0.36438   0.09952   0.67067   0.18925   0.38757   0.42624   0.85849   1.82159   1.26465   0.45362   0.63668   0.59300   0.82448   0.14095   0.38684   0.14407   0.10819   0.46555   0.51788   0.47588   0.62676   0.44191   0.33661   0.12514   0.00350   0.00428   0.13139   0.54912   0.23004   1.35521   0.12879   1.21421   0.12476   0.32704   0.13780   0.15998   0.44013   0.05451   0.06518   0.34929   0.31189   0.22231   0.24349   0.17984   0.12229   0.51901   0.48389   1.03412   0.11378   0.64074   0.09797   0.54458   0.08124   1.28563   0.24866   0.11446   0.36226   0.38050   0.18036   0.29829   0.07318   0.40032   0.56023   1.93235   4.38943   0.62787   0.02327  
109  0.0339 156044.327582  x:  2.21662   0.39151   0.30710   0.39664   0.36429   0.09936   0.67024   0.18940   0.38671   0.42701   0.85753   1.81557   1.26457   0.45313   0.63580   0.59277   0.82413   0.14105   0.38690   0.14407   0.10824   0.46528   0.51763   0.47546   0.62665   0.44159   0.33650   0.12532   0.00336   0.00445   0.13158   0.54889   0.23015   1.35470   0.12887   1.21294   0.12487   0.32667   0.13770   0.15981   0.43987   0.05456   0.06507   0.34925   0.31178   0.22221   0.24344   0.17975   0.12225   0.51903   0.48366   1.03459   0.11371   0.64090   0.09791   0.54434   0.08120   1.28426   0.24849   0.11435   0.36224   0.38046   0.18033   0.29821   0.07316   0.40028   0.56018   1.93216   4.40986   0.64508   0.02327  
110  2.5956 156044.326176  x:  2.21575   0.39128   0.30708   0.39650   0.36413   0.09943   0.67001   0.18940   0.38659   0.42688   0.85767   1.81337   1.26484   0.45323   0.63565   0.59268   0.82379   0.14096   0.38688   0.14401   0.10825   0.46513   0.51741   0.47522   0.62648   0.44149   0.33648   0.12538   0.00335   0.00441   0.13162   0.54879   0.22989   1.35443   0.12888   1.21223   0.12491   0.32651   0.13772   0.15985   0.43970   0.05465   0.06513   0.34917   0.31171   0.22222   0.24341   0.17971   0.12233   0.51894   0.48365   1.03441   0.11374   0.64077   0.09797   0.54413   0.08132   1.28351   0.24845   0.11437   0.36223   0.38035   0.18035   0.29812   0.07316   0.40019   0.56007   1.93198   4.40978   0.64564   0.02328  
111  0.0025 156044.326093  x:  2.21566   0.39130   0.30706   0.39651   0.36414   0.09946   0.67004   0.18936   0.38660   0.42689   0.85761   1.81349   1.26459   0.45324   0.63571   0.59269   0.82379   0.14094   0.38685   0.14401   0.10824   0.46514   0.51742   0.47525   0.62649   0.44150   0.33649   0.12538   0.00335   0.00442   0.13162   0.54882   0.22985   1.35456   0.12885   1.21224   0.12490   0.32653   0.13772   0.15986   0.43972   0.05462   0.06512   0.34918   0.31173   0.22223   0.24341   0.17972   0.12233   0.51896   0.48365   1.03436   0.11374   0.64075   0.09797   0.54415   0.08133   1.28357   0.24845   0.11438   0.36223   0.38036   0.18035   0.29814   0.07315   0.40019   0.56008   1.93192   4.40847   0.64509   0.02328  
112  0.0013 156044.326088  x:  2.21564   0.39131   0.30706   0.39651   0.36414   0.09946   0.67006   0.18936   0.38660   0.42690   0.85760   1.81358   1.26455   0.45324   0.63574   0.59270   0.82380   0.14094   0.38685   0.14401   0.10824   0.46514   0.51742   0.47526   0.62650   0.44151   0.33649   0.12538   0.00335   0.00442   0.13162   0.54882   0.22985   1.35456   0.12884   1.21222   0.12489   0.32653   0.13772   0.15986   0.43973   0.05462   0.06512   0.34918   0.31173   0.22223   0.24342   0.17972   0.12233   0.51897   0.48365   1.03440   0.11374   0.64077   0.09797   0.54415   0.08133   1.28357   0.24846   0.11438   0.36222   0.38037   0.18035   0.29814   0.07315   0.40019   0.56009   1.93191   4.40904   0.64574   0.02328  
113  0.0009 156044.326088  x:  2.21565   0.39131   0.30707   0.39651   0.36414   0.09946   0.67006   0.18935   0.38660   0.42690   0.85761   1.81360   1.26456   0.45324   0.63574   0.59269   0.82380   0.14094   0.38685   0.14401   0.10824   0.46514   0.51742   0.47525   0.62650   0.44151   0.33649   0.12538   0.00335   0.00442   0.13162   0.54882   0.22986   1.35457   0.12883   1.21222   0.12489   0.32653   0.13771   0.15986   0.43973   0.05462   0.06512   0.34918   0.31173   0.22223   0.24341   0.17972   0.12233   0.51896   0.48365   1.03439   0.11374   0.64077   0.09797   0.54415   0.08133   1.28357   0.24846   0.11438   0.36222   0.38036   0.18035   0.29814   0.07316   0.40019   0.56009   1.93191   4.40892   0.64558   0.02328  
114  0.0002 156044.326088  x:  2.21565   0.39131   0.30706   0.39651   0.36414   0.09946   0.67006   0.18935   0.38660   0.42690   0.85761   1.81360   1.26456   0.45324   0.63574   0.59269   0.82380   0.14094   0.38685   0.14401   0.10824   0.46514   0.51742   0.47525   0.62650   0.44151   0.33649   0.12538   0.00335   0.00442   0.13162   0.54882   0.22986   1.35457   0.12883   1.21222   0.12489   0.32653   0.13771   0.15986   0.43973   0.05462   0.06512   0.34918   0.31173   0.22223   0.24341   0.17972   0.12233   0.51896   0.48365   1.03439   0.11374   0.64077   0.09797   0.54415   0.08133   1.28357   0.24846   0.11438   0.36222   0.38036   0.18035   0.29814   0.07316   0.40019   0.56009   1.93191   4.40892   0.64559   0.02328  
115  0.0000 156044.326088  x:  2.21565   0.39131   0.30706   0.39651   0.36414   0.09946   0.67006   0.18935   0.38660   0.42690   0.85761   1.81360   1.26456   0.45324   0.63574   0.59269   0.82380   0.14094   0.38685   0.14401   0.10824   0.46514   0.51742   0.47525   0.62650   0.44151   0.33649   0.12538   0.00335   0.00442   0.13162   0.54882   0.22985   1.35457   0.12883   1.21222   0.12489   0.32653   0.13771   0.15986   0.43973   0.05462   0.06512   0.34918   0.31173   0.22223   0.24341   0.17972   0.12233   0.51896   0.48365   1.03439   0.11374   0.64077   0.09797   0.54415   0.08133   1.28357   0.24846   0.11438   0.36222   0.38036   0.18035   0.29814   0.07316   0.40019   0.56009   1.93191   4.40893   0.64560   0.02328  