

TREE # 1

  0  0.0000 171997.628818  x:  1.93008   0.38762   0.31616   0.40622   0.36157   0.10063   0.76570   0.18691   0.50595   0.41567   0.82710   1.65034   1.15308   0.44253   0.60335   0.59829   0.79141   0.14567   0.39396   0.13702   0.12211   0.45131   0.53418   0.46895   0.61484   0.44119   0.34474   0.13164   0.00343   0.00448   0.13101   0.52479   0.22332   1.26404   0.13132   1.18031   0.13010   0.34248   0.14101   0.16779   0.44159   0.05445   0.06636   0.35148   0.30752   0.22266   0.24627   0.18051   0.11955   0.50518   0.53216   1.01344   0.12459   0.66048   0.09885   0.53839   0.08353   1.24556   0.25896   0.11185   0.36294   0.37832   0.17904   0.29025   0.07521   0.39852   0.54566   2.00000   1.01238   0.14093   0.20758  
  1 99.0000 159441.953325  x:  1.92911   0.38653   0.31541   0.40576   0.36131   0.09985   0.76481   0.18626   0.50517   0.41527   0.82624   1.64938   1.15200   0.44155   0.60243   0.59754   0.79061   0.14462   0.39306   0.13655   0.12153   0.45079   0.53364   0.46842   0.61434   0.44030   0.34423   0.13232   0.00575   0.00591   0.13160   0.52440   0.22215   1.26325   0.13025   1.17957   0.12920   0.34183   0.14062   0.16785   0.44172   0.05520   0.06732   0.35195   0.30807   0.22317   0.24698   0.18144   0.11988   0.50528   0.53190   1.01296   0.12400   0.66020   0.09865   0.53827   0.08336   1.24499   0.25862   0.11231   0.36292   0.37841   0.17933   0.29096   0.07612   0.39915   0.54617   2.00290   1.01098   0.14267   0.03577  
  2 82626.6309 158928.055662  x:  1.93068   0.38871   0.32026   0.41312   0.37045   0.10461   0.76770   0.19204   0.50850   0.42298   0.82981   1.64710   1.15303   0.44371   0.60532   0.60228   0.79477   0.14710   0.39592   0.14368   0.12769   0.45751   0.54052   0.47459   0.62112   0.44330   0.35070   0.14977   0.00996   0.01058   0.14824   0.53221   0.22442   1.26670   0.13314   1.18354   0.13301   0.34624   0.14764   0.17783   0.45352   0.07205   0.08605   0.36727   0.32405   0.23888   0.26442   0.20107   0.13396   0.51722   0.53991   1.01943   0.12911   0.66818   0.10724   0.54752   0.09320   1.25021   0.26559   0.12664   0.37378   0.39008   0.19272   0.30791   0.09530   0.41545   0.56131   2.00668   1.10086   0.05681   0.02367  
  3 6131.0606 158853.916907  x:  1.92352   0.38022   0.31492   0.41065   0.37000   0.09857   0.76077   0.18744   0.50211   0.42111   0.82376   1.63811   1.14465   0.43614   0.59852   0.59723   0.78926   0.13879   0.38905   0.14097   0.12344   0.45458   0.53739   0.47135   0.61846   0.43653   0.34776   0.15409   0.00763   0.00000   0.15198   0.53071   0.21536   1.26131   0.12465   1.17864   0.12597   0.34127   0.14489   0.17845   0.45640   0.07643   0.09221   0.37319   0.33050   0.24394   0.27169   0.20949   0.13792   0.52043   0.53918   1.01721   0.12439   0.66780   0.10592   0.54818   0.09233   1.24691   0.26329   0.13150   0.37538   0.39272   0.19586   0.31576   0.10272   0.42329   0.56843   2.03095   1.11096   0.05050   0.02393  
  4 2132.1261 158536.326994  x:  1.88162   0.33057   0.28350   0.39591   0.36690   0.06319   0.72021   0.16036   0.46465   0.40985   0.78832   1.58569   1.09565   0.39186   0.55874   0.56759   0.75695   0.09025   0.34879   0.12483   0.09834   0.43721   0.51885   0.45215   0.60261   0.39685   0.33031   0.17841   0.00000   0.00337   0.17290   0.52156   0.16244   1.22966   0.07498   1.14984   0.08474   0.31211   0.12850   0.18158   0.47261   0.10097   0.12702   0.40693   0.36731   0.27262   0.31315   0.25752   0.16033   0.53860   0.53455   1.00395   0.09663   0.66523   0.09780   0.55158   0.08680   1.22742   0.24956   0.15909   0.38419   0.40754   0.21348   0.36064   0.14493   0.46821   0.60922   2.17233   1.16570   0.01773   0.02647  
  5 39875.2123 158479.128983  x:  1.86345   0.30910   0.26998   0.38953   0.36556   0.04809   0.70266   0.14874   0.44845   0.40500   0.77299   1.56296   1.07442   0.37274   0.54154   0.55477   0.74296   0.06940   0.33142   0.11792   0.08759   0.42972   0.51084   0.44387   0.59577   0.37972   0.32276   0.18863   0.01078   0.00348   0.18166   0.51760   0.13964   1.21596   0.05372   1.13738   0.06709   0.29952   0.12143   0.18282   0.47954   0.11127   0.14169   0.42135   0.38302   0.28479   0.33080   0.27793   0.16990   0.54640   0.53251   0.99820   0.08477   0.66411   0.09432   0.55303   0.08440   1.21896   0.24359   0.17083   0.38793   0.41387   0.22094   0.37982   0.16283   0.48746   0.62674   2.23337   1.18918   0.00377   0.02775  
  6 150055.1319 158236.420513  x:  1.76843   0.22588   0.25661   0.37443   0.37307   0.11051   0.62969   0.16045   0.38726   0.40509   0.71330   1.43544   0.96575   0.31771   0.47813   0.50804   0.68480   0.07244   0.27959   0.13218   0.10234   0.41719   0.49126   0.43058   0.58214   0.32490   0.30207   0.11988   0.01084   0.00339   0.11064   0.51352   0.10155   1.16017   0.10255   1.08708   0.10793   0.26944   0.11082   0.15146   0.48528   0.04239   0.06466   0.42808   0.38476   0.25253   0.30613   0.23659   0.17616   0.56960   0.51825   0.97677   0.11798   0.66952   0.11129   0.56333   0.08622   1.18080   0.21492   0.15445   0.38537   0.42187   0.19757   0.38400   0.11360   0.51668   0.66602   2.44558   1.32842  -0.07932   0.02760  
  7 1452.2358 158154.357878  x:  1.70595   0.19529   0.25364   0.36520   0.37249   0.12008   0.59065   0.16987   0.36293   0.40696   0.68720   1.34800   0.89685   0.30493   0.45192   0.48930   0.65590   0.11019   0.27007   0.13992   0.10853   0.41250   0.48149   0.42577   0.57559   0.31180   0.29825   0.16824   0.01079   0.00319   0.16623   0.51281   0.11821   1.12542   0.11574   1.05518   0.11767   0.26002   0.11978   0.14347   0.48288   0.05940   0.05110   0.41225   0.36656   0.23571   0.27138   0.19563   0.16381   0.56834   0.50176   0.96391   0.11612   0.66703   0.10173   0.55908   0.08397   1.15625   0.20205   0.13064   0.37331   0.41211   0.17368   0.35864   0.05897   0.50307   0.66186   2.52978   1.39577  -0.10962   0.02788  
  8 1437.0168 158087.276861  x:  1.61762   0.19641   0.25770   0.35562   0.36569   0.09783   0.55363   0.17919   0.35523   0.41101   0.67386   1.21804   0.80515   0.30957   0.43623   0.48278   0.63240   0.14743   0.28455   0.14161   0.10553   0.41023   0.47306   0.42242   0.56827   0.32167   0.29960   0.13125   0.01071   0.00319   0.13303   0.51188   0.16406   1.07972   0.10374   1.01350   0.10548   0.25980   0.13695   0.14812   0.46727   0.09616   0.10900   0.37870   0.33330   0.23958   0.24831   0.18823   0.13864   0.54874   0.47564   0.94706   0.09359   0.65764   0.08007   0.54344   0.08832   1.12428   0.20698   0.11769   0.35649   0.39026   0.16954   0.32022   0.04768   0.46233   0.63011   2.57255   1.47328  -0.13461   0.02799  
  9 955.5525 158029.318339  x:  1.51175   0.22166   0.26663   0.34777   0.35432   0.07523   0.52808   0.18332   0.35792   0.41013   0.67182   1.05860   0.70405   0.31683   0.42896   0.48630   0.61704   0.15199   0.30269   0.13458   0.09787   0.40787   0.46589   0.41794   0.55778   0.33749   0.30101   0.13820   0.01052   0.00312   0.13721   0.50649   0.19705   1.02960   0.08869   0.96957   0.09630   0.26545   0.13749   0.14183   0.43572   0.05803   0.08585   0.33748   0.29239   0.22396   0.25286   0.20461   0.12147   0.51992   0.45222   0.92534   0.09313   0.64435   0.08512   0.52281   0.09182   1.08782   0.22003   0.12730   0.34475   0.36895   0.18832   0.29896   0.10838   0.41887   0.58632   2.57107   1.54712  -0.14764   0.02807  
 10 1076.8362 157980.784075  x:  1.38544   0.25800   0.27366   0.34634   0.34168   0.08819   0.53015   0.17413   0.36414   0.39560   0.67837   0.86616   0.60909   0.31802   0.43189   0.49890   0.61454   0.10020   0.30756   0.12121   0.09514   0.40358   0.46149   0.41168   0.54382   0.34328   0.29434   0.14114   0.01039   0.00306   0.13604   0.49063   0.18781   0.98058   0.09265   0.93015   0.10749   0.27028   0.12087   0.16271   0.42184   0.07203   0.07343   0.35559   0.32358   0.23424   0.26460   0.20112   0.16021   0.49850   0.45040   0.89995   0.11354   0.62387   0.10116   0.49880   0.07183   1.04804   0.21452   0.12943   0.34135   0.36001   0.18440   0.29316   0.08930   0.38650   0.54009   2.49786   1.60562  -0.13983   0.02831  
 11 706.3808 157956.821756  x:  1.30126   0.25744   0.26137   0.35019   0.34174   0.07929   0.54161   0.16565   0.36320   0.38733   0.67568   0.74511   0.58046   0.32046   0.43883   0.50346   0.61580   0.09665   0.30265   0.12824   0.10193   0.40106   0.46163   0.41083   0.54170   0.33858   0.29146   0.13863   0.01020   0.00302   0.13810   0.48264   0.16833   0.95652   0.09873   0.91249   0.10596   0.26323   0.11122   0.14031   0.42433   0.06363   0.07686   0.36872   0.33168   0.23309   0.24848   0.18271   0.14695   0.49449   0.45501   0.88686   0.08874   0.61077   0.08353   0.49589   0.09216   1.02990   0.21351   0.12533   0.34603   0.36856   0.17845   0.31755   0.08505   0.41755   0.54951   2.41587   1.63555  -0.13184   0.02827  
 12 532.8727 157946.102700  x:  1.24772   0.23955   0.25164   0.34915   0.34343   0.07921   0.54488   0.16632   0.35764   0.38667   0.66688   0.68353   0.58938   0.31973   0.43823   0.49756   0.61219   0.11262   0.29300   0.12801   0.09414   0.39630   0.45864   0.40683   0.54079   0.32896   0.29063   0.13799   0.01026   0.00304   0.13680   0.48081   0.15996   0.94527   0.09997   0.90562   0.10795   0.26217   0.12616   0.14084   0.43349   0.07174   0.07479   0.35980   0.31716   0.23153   0.25880   0.20761   0.13905   0.50109   0.45776   0.88310   0.09989   0.60942   0.09238   0.50133   0.09019   1.02153   0.20675   0.12100   0.34554   0.37255   0.17310   0.31969   0.07793   0.43544   0.56674   2.36303   1.64530  -0.12318   0.02838  
 13 382.2227 157940.451775  x:  1.20634   0.22292   0.25239   0.34549   0.34547   0.08756   0.53979   0.17064   0.35415   0.39198   0.65918   0.65799   0.61986   0.31483   0.42931   0.48713   0.60588   0.11317   0.28464   0.12470   0.09308   0.39439   0.45725   0.40454   0.54100   0.32049   0.29083   0.14040   0.01020   0.00303   0.13638   0.48423   0.16431   0.93935   0.09352   0.90299   0.10475   0.25851   0.12700   0.15203   0.43639   0.06320   0.08503   0.35503   0.31520   0.22941   0.25500   0.19504   0.14555   0.51116   0.45757   0.88230   0.09922   0.61237   0.09251   0.50693   0.07758   1.01887   0.20587   0.13131   0.34502   0.37238   0.18281   0.31073   0.08509   0.43032   0.57693   2.33198   1.65161  -0.12098   0.02842  
 14 202.7176 157935.843910  x:  1.16292   0.21585   0.25374   0.34151   0.34626   0.08000   0.52857   0.16732   0.35162   0.39564   0.65527   0.64936   0.66107   0.30714   0.41783   0.47789   0.59955   0.10460   0.28194   0.12462   0.09781   0.39468   0.45689   0.40461   0.54234   0.31684   0.28917   0.13855   0.01010   0.00300   0.13656   0.48854   0.17078   0.93556   0.09312   0.90236   0.10473   0.25481   0.11574   0.14642   0.43460   0.06570   0.07603   0.35795   0.32213   0.23276   0.26126   0.19918   0.14256   0.51514   0.45184   0.88164   0.09362   0.61662   0.08905   0.51152   0.08486   1.01915   0.21056   0.12560   0.34017   0.36633   0.18280   0.30176   0.08283   0.41428   0.57720   2.31296   1.65973  -0.12439   0.02836  
 15 168.3722 157931.210065  x:  1.11352   0.22802   0.25605   0.34021   0.34323   0.08195   0.51910   0.16500   0.34990   0.39076   0.65773   0.65464   0.70204   0.29910   0.41226   0.47670   0.59608   0.10692   0.28721   0.12330   0.08857   0.39244   0.45302   0.40258   0.54140   0.32125   0.28350   0.13813   0.01014   0.00301   0.13620   0.48796   0.16504   0.93253   0.09647   0.90212   0.10624   0.26058   0.12262   0.13871   0.42749   0.07317   0.07666   0.36247   0.32533   0.23193   0.25119   0.19591   0.14033   0.50806   0.44546   0.88144   0.10222   0.61747   0.08784   0.50625   0.08318   1.01850   0.20576   0.11916   0.34059   0.36451   0.17657   0.31644   0.09316   0.41188   0.56979   2.31091   1.66472  -0.12806   0.02838  
 16 119.7687 157925.287563  x:  1.05879   0.24519   0.25389   0.34308   0.33993   0.08331   0.51832   0.16859   0.35234   0.38431   0.66188   0.66766   0.73775   0.29641   0.41519   0.48353   0.59739   0.11462   0.29319   0.12572   0.09594   0.39282   0.45215   0.40335   0.53956   0.32807   0.28011   0.13877   0.01009   0.00299   0.13586   0.48466   0.15419   0.93057   0.09348   0.90167   0.09968   0.26169   0.12676   0.14362   0.42215   0.06248   0.07822   0.35974   0.31757   0.22894   0.25454   0.20238   0.14744   0.49866   0.44600   0.87999   0.09212   0.61327   0.08867   0.49703   0.08313   1.01773   0.20307   0.12947   0.34713   0.37038   0.17347   0.32281   0.07547   0.41844   0.55844   2.31871   1.66816  -0.13244   0.02835  
 17 161.0329 157914.644137  x:  0.98992   0.25366   0.24382   0.35075   0.33973   0.07648   0.53576   0.17465   0.36100   0.38343   0.66350   0.69059   0.75998   0.30997   0.43313   0.49979   0.60805   0.10928   0.28941   0.12465   0.10447   0.39605   0.45520   0.40464   0.53429   0.32999   0.28881   0.13747   0.01020   0.00302   0.13758   0.47955   0.15505   0.93487   0.10231   0.90480   0.11040   0.25415   0.11078   0.15638   0.43411   0.07531   0.08043   0.34951   0.30687   0.22887   0.25958   0.18883   0.14809   0.49197   0.45766   0.87520   0.09808   0.60458   0.10374   0.49196   0.09444   1.01707   0.21114   0.13011   0.34448   0.37202   0.17908   0.31009   0.08342   0.44336   0.55458   2.33801   1.66435  -0.13265   0.02851  
 18 131.5020 157892.392694  x:  0.90929   0.24954   0.24907   0.36034   0.34843   0.09237   0.57325   0.17345   0.37113   0.39453   0.66707   0.72648   0.76046   0.34053   0.46601   0.52075   0.62974   0.09964   0.28396   0.12639   0.08721   0.40277   0.46355   0.40879   0.53434   0.33042   0.31156   0.14082   0.01027   0.00304   0.13928   0.47898   0.17050   0.95184   0.09509   0.91580   0.11089   0.25733   0.11550   0.14649   0.44680   0.05749   0.08194   0.35938   0.32580   0.23713   0.26481   0.20183   0.13118   0.49747   0.47834   0.87563   0.10170   0.59532   0.07626   0.49310   0.07275   1.02016   0.21001   0.11088   0.33481   0.36841   0.18041   0.28528   0.08621   0.45603   0.56354   2.35477   1.66164  -0.13753   0.02849  
 19 190.5011 157834.792478  x:  0.80342   0.22046   0.26920   0.35447   0.35908   0.08685   0.62354   0.13959   0.36412   0.41312   0.68039   0.79117   0.71701   0.37957   0.51233   0.53271   0.66158   0.09739   0.28954   0.14357   0.08345   0.41725   0.48239   0.42627   0.55315   0.33074   0.33323   0.13782   0.01003   0.00302   0.13335   0.48302   0.18563   0.99970   0.06392   0.94728   0.08413   0.28483   0.17134   0.13437   0.45664   0.07216   0.05014   0.38009   0.35728   0.23431   0.23254   0.20185   0.12773   0.53035   0.49875   0.89213   0.10494   0.60992   0.10484   0.53305   0.09516   1.03914   0.22787   0.13966   0.34486   0.37633   0.20733   0.30132   0.07506   0.41572   0.59079   2.34672   1.64834  -0.13818   0.02862  
 20 273.8447 157680.520152  x:  0.68611   0.18312   0.31368   0.32806   0.37058   0.07349   0.66860   0.15325   0.33862   0.44200   0.73863   0.91780   0.59620   0.39877   0.55532   0.50208   0.69882   0.11037   0.32564   0.15428   0.14046   0.44140   0.51107   0.46292   0.60724   0.33808   0.31985   0.14779   0.01108   0.00331   0.15847   0.50259   0.18313   1.13263   0.17347   1.03869   0.11715   0.30453   0.17061   0.13659   0.43672   0.05155   0.12508   0.39257   0.34817   0.24379   0.29082   0.22511   0.15672   0.60003   0.48423   0.93741   0.08130   0.67305   0.11090   0.61256   0.08482   1.09669   0.21828   0.13455   0.37809   0.38594   0.18788   0.39524   0.10552   0.32699   0.65487   2.24683   1.62531  -0.13490   0.02949  
 21 439.8684 157347.759923  x:  0.71972   0.24746   0.34400   0.36004   0.40397   0.08552   0.65911   0.23081   0.37240   0.47738   0.86484   1.05910   0.50216   0.36243   0.55085   0.44593   0.73252   0.10769   0.37751   0.08763   0.08242   0.44836   0.51612   0.47117   0.66771   0.36716   0.28750   0.13931   0.01014   0.00321   0.13916   0.56329   0.15470   1.30982   0.12202   1.16932   0.05685   0.28704   0.07788   0.19114   0.45327   0.12140   0.03616   0.36597   0.29023   0.23823   0.31292   0.19673   0.17196   0.65916   0.43607   1.01856   0.06897   0.77460   0.03046   0.67749   0.05369   1.20303   0.21605   0.12887   0.41600   0.40274   0.15358   0.41765   0.09653   0.38903   0.72808   1.99214   1.69160  -0.19846   0.02880  
 22 678.8723 157070.543086  x:  0.85478   0.30295   0.32478   0.39690   0.41564   0.07688   0.61556   0.25248   0.40556   0.47950   0.96062   1.13071   0.50547   0.32317   0.52306   0.42360   0.75147   0.09471   0.39783   0.06928   0.04210   0.44770   0.50755   0.46681   0.70166   0.38501   0.27088   0.15730   0.00944   0.00311   0.15152   0.61214   0.15874   1.43312   0.03326   1.26523   0.07233   0.27349   0.05013   0.17165   0.45190   0.04266   0.11318   0.38930   0.33155   0.26071   0.29370   0.19937   0.12917   0.65919   0.41229   1.07887   0.12029   0.83371   0.14278   0.68337   0.08938   1.28645   0.23866   0.10789   0.41110   0.40502   0.14746   0.35610   0.04763   0.48543   0.74613   1.76368   1.76381  -0.24351   0.02856  
 23 1396.7888 156785.344013  x:  1.11090   0.33495   0.25602   0.42613   0.39697   0.05304   0.56041   0.20504   0.43495   0.44551   1.03033   1.12241   0.63129   0.30706   0.48648   0.45520   0.76794   0.06582   0.37896   0.13048   0.13822   0.45445   0.50380   0.46333   0.71271   0.38419   0.27709   0.16084   0.00983   0.00326   0.15760   0.64527   0.21194   1.51896   0.10059   1.33373   0.12522   0.27614   0.21150   0.17612   0.48544   0.04614   0.08795   0.41851   0.40454   0.27501   0.27606   0.23131   0.13472   0.62024   0.45948   1.12695   0.10553   0.83590   0.11046   0.61997   0.05896   1.35362   0.24628   0.14968   0.38824   0.41425   0.22371   0.26897   0.08246   0.59245   0.71561   1.55394   1.84548  -0.26431   0.02872  
 24 1328.1438 156558.626590  x:  1.43416   0.27758   0.28280   0.41274   0.37534   0.18085   0.64900   0.13963   0.44407   0.43297   1.03005   0.95214   0.92180   0.39735   0.53866   0.58394   0.81100   0.20937   0.33952   0.13402   0.11744   0.46960   0.53150   0.46886   0.69074   0.38358   0.34114   0.14112   0.01074   0.00356   0.16983   0.63615   0.24505   1.52409   0.09166   1.34786   0.11358   0.28797   0.11870   0.16172   0.52552   0.07856   0.08025   0.42842   0.42330   0.26786   0.34426   0.23576   0.16853   0.59585   0.57850   1.12288   0.08681   0.76852   0.10413   0.57384   0.11437   1.38493   0.26387   0.14252   0.37970   0.43291   0.25356   0.39804   0.11098   0.48595   0.65284   1.51022   1.92485  -0.25307   0.02894  
 25 808.8868 156434.117126  x:  1.62788   0.24956   0.29033   0.41925   0.40602   0.05198   0.77516   0.18114   0.46331   0.47093   1.02449   0.78555   1.14328   0.45132   0.60884   0.64752   0.86409   0.14006   0.35274   0.13778   0.10574   0.49633   0.57720   0.50590   0.69719   0.40169   0.35968   0.15654   0.00996   0.00339   0.14921   0.61397   0.20564   1.51652   0.10309   1.35676   0.08410   0.34938   0.10683   0.17893   0.52083   0.05687   0.08602   0.41892   0.37652   0.26284   0.31815   0.21352   0.15757   0.60826   0.60742   1.12602   0.13565   0.73544   0.09865   0.60960   0.07251   1.40032   0.24502   0.12285   0.42849   0.45825   0.19001   0.44663   0.09225   0.39480   0.66509   1.55973   1.98176  -0.25870   0.02829  
 26 753.1802 156401.436276  x:  1.68935   0.26898   0.33621   0.41718   0.41740   0.09123   0.83039   0.19767   0.45174   0.48143   1.02908   0.70079   1.22789   0.46933   0.65040   0.64231   0.88976   0.08370   0.38400   0.12890   0.09966   0.50298   0.58821   0.52306   0.71024   0.42209   0.35011   0.15280   0.01010   0.00342   0.16620   0.60093   0.18147   1.51479   0.11327   1.36391   0.10162   0.36077   0.12747   0.18443   0.49787   0.07265   0.09154   0.41295   0.35802   0.26638   0.30395   0.22947   0.13772   0.62137   0.57294   1.13116   0.09747   0.73972   0.11129   0.65180   0.08758   1.40567   0.26029   0.13260   0.44157   0.44819   0.17627   0.42733   0.09639   0.39829   0.69284   1.60511   1.98047  -0.24899   0.02841  
 27 466.0954 156387.904751  x:  1.71543   0.29782   0.35679   0.41159   0.41493   0.07272   0.85726   0.17118   0.43257   0.47940   1.03714   0.64445   1.27161   0.48516   0.69136   0.61854   0.90998   0.11390   0.41772   0.12381   0.10174   0.50514   0.58791   0.53170   0.72657   0.44435   0.34469   0.15030   0.01026   0.00347   0.16671   0.59959   0.17804   1.51876   0.11592   1.37226   0.11494   0.35653   0.12037   0.18927   0.48533   0.06933   0.08609   0.42448   0.37697   0.26624   0.31292   0.22352   0.15341   0.64034   0.53693   1.13802   0.10300   0.75959   0.10756   0.68013   0.07485   1.40871   0.26435   0.13854   0.43735   0.43385   0.18984   0.40700   0.09478   0.42278   0.71244   1.63870   1.96861  -0.24744   0.02839  
 28 277.0219 156385.309862  x:  1.71972   0.31292   0.35243   0.41573   0.40971   0.07899   0.85759   0.17669   0.43378   0.48149   1.03953   0.62378   1.28113   0.48693   0.71023   0.59555   0.92141   0.10900   0.42069   0.12942   0.11047   0.50560   0.58213   0.52900   0.73408   0.44550   0.34992   0.15808   0.01029   0.00348   0.16113   0.60816   0.18417   1.52261   0.11557   1.37634   0.10294   0.34832   0.12568   0.17963   0.49964   0.06726   0.08988   0.42229   0.37594   0.26763   0.31738   0.22165   0.16092   0.64636   0.53361   1.14444   0.11246   0.77606   0.10395   0.68095   0.08280   1.40952   0.26123   0.13256   0.42963   0.43836   0.19547   0.41228   0.09389   0.42206   0.70705   1.65035   1.95234  -0.25571   0.02842  
 29 89.0415 156383.855089  x:  1.72168   0.32016   0.34571   0.42049   0.40873   0.07639   0.85254   0.17772   0.43659   0.48352   1.03902   0.61006   1.28586   0.48677   0.72647   0.57850   0.93323   0.10767   0.41773   0.12757   0.10370   0.50593   0.57777   0.52521   0.73705   0.44330   0.35342   0.15009   0.01029   0.00348   0.16777   0.61447   0.19126   1.52669   0.11720   1.38087   0.10897   0.34376   0.12550   0.17693   0.50729   0.06630   0.08831   0.42176   0.37631   0.26670   0.31463   0.22294   0.16005   0.64812   0.53778   1.15078   0.10382   0.78747   0.10920   0.67650   0.07744   1.40970   0.25764   0.13501   0.42979   0.44523   0.19539   0.41729   0.09272   0.41772   0.69996   1.65636   1.93541  -0.27310   0.02838  
 30 79.5717 156381.494660  x:  1.72365   0.31839   0.34193   0.42001   0.41133   0.07952   0.83440   0.17394   0.43568   0.48287   1.03003   0.58728   1.28927   0.48066   0.75533   0.55879   0.95882   0.11066   0.40714   0.12771   0.10881   0.51061   0.57924   0.52567   0.73641   0.43533   0.34770   0.15564   0.01028   0.00348   0.16261   0.61586   0.19005   1.53248   0.11021   1.38744   0.11667   0.34933   0.12102   0.19208   0.49625   0.06654   0.08804   0.42338   0.37849   0.26546   0.31023   0.22644   0.15020   0.64258   0.54927   1.16174   0.10590   0.79646   0.10239   0.66442   0.08322   1.40843   0.26102   0.13829   0.43689   0.44346   0.18394   0.41536   0.09809   0.41503   0.69068   1.66131   1.88426  -0.32926   0.02835  
 31 63.3392 156377.028970  x:  1.72876   0.30814   0.34896   0.40769   0.41084   0.07932   0.80495   0.17969   0.43098   0.47842   1.00930   0.55190   1.29341   0.47007   0.79034   0.55064   0.99664   0.10731   0.40052   0.13186   0.10328   0.51095   0.58237   0.53012   0.72788   0.43154   0.33898   0.14851   0.01018   0.00345   0.16761   0.60981   0.18363   1.53702   0.11882   1.39038   0.09534   0.35831   0.12067   0.18144   0.47955   0.07044   0.08709   0.42141   0.37260   0.26933   0.32183   0.21398   0.14938   0.62795   0.55431   1.17173   0.10504   0.79016   0.10963   0.65056   0.07550   1.40209   0.26570   0.13406   0.43428   0.42819   0.19466   0.40972   0.09388   0.41831   0.68775   1.66096   1.77165  -0.46402   0.02820  
 32 121.9359 156368.173358  x:  1.73744   0.29847   0.36003   0.39850   0.40712   0.07176   0.77441   0.18284   0.42439   0.47201   0.97492   0.48974   1.29836   0.45889   0.81539   0.55699   1.03260   0.10033   0.40936   0.12359   0.09137   0.49715   0.57741   0.52878   0.70646   0.44150   0.34552   0.15867   0.01011   0.00341   0.15701   0.59786   0.18331   1.53102   0.12140   1.38263   0.11101   0.35284   0.11753   0.17292   0.49190   0.06583   0.08886   0.41166   0.36522   0.26312   0.30067   0.22533   0.17920   0.61562   0.53064   1.16723   0.10228   0.75215   0.10128   0.64942   0.08764   1.38447   0.25952   0.13296   0.41978   0.42787   0.20312   0.40673   0.08837   0.40827   0.69292   1.65791   1.52422  -0.75011   0.02801  
 33 239.1911 156359.295792  x:  1.74578   0.30485   0.35903   0.40496   0.40535   0.07814   0.77120   0.17823   0.42393   0.47202   0.95227   0.42758   1.30241   0.45841   0.81190   0.56099   1.03739   0.10132   0.42119   0.13162   0.12095   0.49166   0.57346   0.52484   0.69621   0.44864   0.35282   0.14502   0.01004   0.00339   0.16593   0.58735   0.18742   1.51337   0.10370   1.36366   0.10811   0.34130   0.11665   0.17262   0.49923   0.06980   0.08584   0.41114   0.36960   0.25635   0.30147   0.22299   0.16840   0.61485   0.50623   1.14968   0.10624   0.72403   0.11017   0.65709   0.07351   1.36431   0.24602   0.13108   0.41745   0.43653   0.18413   0.40617   0.09998   0.39786   0.69291   1.65820   1.26584  -1.04203   0.02786  
 34 497.1625 156350.224263  x:  1.75417   0.32524   0.34539   0.41115   0.40013   0.07816   0.79637   0.17113   0.42424   0.47520   0.94425   0.36708   1.30710   0.46994   0.78552   0.55566   1.01049   0.10342   0.42320   0.12665   0.10128   0.49074   0.56531   0.51085   0.69546   0.44405   0.35222   0.14981   0.01007   0.00336   0.16133   0.58125   0.19602   1.48406   0.12274   1.33502   0.10432   0.33871   0.12995   0.18404   0.48446   0.06404   0.08510   0.41513   0.37073   0.26195   0.31943   0.20755   0.14843   0.62895   0.51171   1.12337   0.10869   0.72447   0.10508   0.66588   0.08523   1.34463   0.25690   0.13885   0.42660   0.43630   0.18057   0.40511   0.09438   0.39189   0.68083   1.66300   1.00243  -1.33575   0.02773  
 35 482.5016 156345.934132  x:  1.75841   0.33475   0.34430   0.40459   0.39681   0.07667   0.82000   0.17165   0.41900   0.47394   0.94804   0.34417   1.30872   0.48098   0.77207   0.54900   0.98587   0.10315   0.41730   0.13173   0.10461   0.49834   0.56845   0.51327   0.70511   0.43586   0.34675   0.15344   0.01004   0.00335   0.15757   0.58373   0.19232   1.46001   0.12140   1.31714   0.10774   0.34760   0.11950   0.17828   0.47504   0.06766   0.08586   0.41074   0.36317   0.26253   0.30059   0.21922   0.15507   0.63421   0.53011   1.11101   0.10241   0.74491   0.10892   0.66157   0.07551   1.33522   0.26086   0.12883   0.42311   0.42200   0.19144   0.40659   0.09314   0.39773   0.67234   1.66454   0.88641  -1.46747   0.02767  
 36 286.9936 156344.130366  x:  1.76062   0.33168   0.35112   0.39978   0.39998   0.07279   0.83140   0.17263   0.41485   0.47098   0.95373   0.34295   1.30862   0.48808   0.77567   0.54545   0.97226   0.10103   0.40976   0.12446   0.10520   0.49954   0.57142   0.52005   0.71151   0.43185   0.34308   0.14430   0.01000   0.00334   0.16650   0.58897   0.18413   1.43933   0.11685   1.30646   0.11314   0.35356   0.12247   0.17250   0.47962   0.06740   0.08953   0.40767   0.36325   0.25478   0.30450   0.21707   0.16005   0.62300   0.52948   1.11159   0.10753   0.76057   0.10111   0.65200   0.08294   1.33185   0.25616   0.13322   0.41898   0.42255   0.19068   0.40101   0.09318   0.39691   0.67122   1.66325   0.85152  -1.50954   0.02764  
 37 87.1343 156342.222294  x:  1.76323   0.32253   0.35723   0.39832   0.40344   0.07156   0.83788   0.17026   0.41458   0.46957   0.96237   0.34727   1.30847   0.49529   0.78759   0.54423   0.95943   0.10212   0.40426   0.12342   0.10222   0.49701   0.57165   0.52665   0.71861   0.43126   0.34035   0.15427   0.00998   0.00333   0.15562   0.59549   0.17986   1.41300   0.12109   1.29494   0.11215   0.35073   0.12337   0.17297   0.48574   0.06794   0.08681   0.40808   0.36635   0.25749   0.30783   0.21313   0.15786   0.60695   0.51979   1.11746   0.09838   0.77299   0.10875   0.64197   0.08093   1.32999   0.24988   0.13380   0.41580   0.42696   0.18555   0.39697   0.09648   0.39537   0.67331   1.66174   0.82911  -1.53870   0.02760  
 38 75.1723 156338.319654  x:  1.76738   0.30257   0.35438   0.40220   0.40005   0.07541   0.83326   0.16753   0.42265   0.47292   0.98378   0.35793   1.30802   0.49928   0.81276   0.54706   0.94159   0.09837   0.40496   0.13143   0.10114   0.49052   0.56575   0.52619   0.72580   0.43716   0.33578   0.14663   0.01004   0.00333   0.16531   0.60012   0.18575   1.36609   0.13136   1.28000   0.10491   0.33674   0.11698   0.18609   0.47967   0.06356   0.08435   0.41147   0.36429   0.27203   0.29448   0.22157   0.15565   0.59994   0.50932   1.13495   0.11037   0.77549   0.10468   0.63801   0.08115   1.33433   0.25757   0.13316   0.41994   0.42984   0.19155   0.40301   0.09244   0.39637   0.67951   1.66390   0.80521  -1.56609   0.02758  
 39 55.9432 156328.433369  x:  1.77670   0.27783   0.33766   0.41316   0.39126   0.07747   0.80813   0.17598   0.43040   0.47594   1.03977   0.37661   1.30705   0.48958   0.85246   0.56248   0.91453   0.09123   0.41425   0.12080   0.10877   0.49064   0.56007   0.51029   0.72491   0.45022   0.33710   0.14961   0.00998   0.00330   0.15998   0.60156   0.19839   1.28671   0.11791   1.26957   0.12090   0.33317   0.12901   0.17649   0.46305   0.06826   0.08560   0.41389   0.36514   0.24818   0.30915   0.21405   0.16381   0.62676   0.52794   1.17364   0.10461   0.75782   0.10625   0.65086   0.07599   1.35683   0.27088   0.11697   0.42656   0.41856   0.19091   0.41012   0.09051   0.40258   0.68475   1.67633   0.77299  -1.60847   0.02741  
 40 93.6135 156314.492393  x:  1.78742   0.28051   0.33280   0.41256   0.39886   0.08412   0.78002   0.18518   0.41348   0.46748   1.10398   0.38700   1.30435   0.46779   0.85766   0.58319   0.89566   0.10159   0.41752   0.12699   0.10849   0.50558   0.57015   0.50341   0.71398   0.44735   0.34524   0.15760   0.01009   0.00329   0.15474   0.59450   0.19654   1.25054   0.12937   1.28319   0.12175   0.35847   0.10778   0.14725   0.48616   0.07543   0.08976   0.40754   0.36646   0.26457   0.30631   0.21696   0.14241   0.65192   0.54995   1.19787   0.11414   0.73397   0.10368   0.66809   0.07119   1.39258   0.25564   0.15677   0.42853   0.42419   0.19410   0.38713   0.09201   0.40152   0.67469   1.70173   0.74217  -1.64488   0.02725  
 41 110.4574 156291.185682  x:  1.80564   0.29368   0.33961   0.39974   0.41423   0.08064   0.75551   0.18249   0.39674   0.46466   1.17710   0.39460   1.30220   0.44616   0.82326   0.61312   0.88307   0.11928   0.40770   0.14280   0.09536   0.52264   0.58960   0.51270   0.69390   0.42854   0.36404   0.14102   0.00996   0.00322   0.16998   0.58357   0.19398   1.26093   0.13999   1.32193   0.09441   0.38730   0.11803   0.19113   0.52535   0.05206   0.08440   0.40400   0.37384   0.27780   0.29645   0.21579   0.14905   0.66297   0.56987   1.21017   0.09689   0.71503   0.11434   0.67736   0.09482   1.44635   0.23541   0.12903   0.39976   0.42046   0.18170   0.36971   0.10816   0.41246   0.65878   1.74668   0.70945  -1.69767   0.02681  
 42 192.0496 156237.012205  x:  1.84821   0.29089   0.36112   0.38512   0.42270   0.08075   0.75864   0.17595   0.43208   0.49987   1.23917   0.41030   1.30245   0.45351   0.68482   0.66188   0.88918   0.12615   0.36568   0.15221   0.10141   0.51794   0.60577   0.55495   0.65649   0.39087   0.39471   0.15147   0.00988   0.00307   0.15741   0.57045   0.21779   1.40454   0.12283   1.42057   0.11603   0.36698   0.13382   0.20351   0.51492   0.06197   0.09009   0.41468   0.36637   0.23436   0.30408   0.21996   0.11452   0.58884   0.54023   1.17490   0.11048   0.72298   0.10871   0.62882   0.07414   1.52979   0.25968   0.11670   0.39474   0.44707   0.24845   0.39615   0.07778   0.43811   0.64793   1.85429   0.66215  -1.80622   0.02587  
 43 214.0695 156202.762568  x:  1.88074   0.26467   0.33588   0.42213   0.40935   0.08605   0.78407   0.18207   0.42778   0.48151   1.19061   0.44356   1.30337   0.49333   0.61021   0.67780   0.90226   0.13910   0.36790   0.15052   0.10354   0.49931   0.58118   0.54670   0.65879   0.41759   0.38681   0.14633   0.00974   0.00298   0.15682   0.57541   0.23052   1.52454   0.10677   1.45473   0.11085   0.33366   0.15286   0.15573   0.47483   0.06601   0.07945   0.40644   0.35723   0.27954   0.29201   0.21579   0.17606   0.55882   0.55964   1.12447   0.11384   0.74350   0.11091   0.58051   0.08035   1.53509   0.27323   0.13380   0.42449   0.43751   0.19503   0.36042   0.09830   0.44121   0.65096   1.90510   0.65196  -1.87327   0.02522  
 44 260.1590 156184.440422  x:  1.90692   0.27164   0.31025   0.42772   0.38285   0.09153   0.79617   0.18194   0.40818   0.44531   1.08388   0.49443   1.30333   0.51868   0.61020   0.67468   0.90102   0.12340   0.39128   0.15009   0.10250   0.49863   0.55450   0.51191   0.68229   0.45812   0.36047   0.14660   0.00957   0.00289   0.15525   0.58700   0.20950   1.59258   0.11817   1.43067   0.09542   0.33846   0.14271   0.17502   0.48794   0.06434   0.08484   0.39565   0.37397   0.23688   0.28352   0.22302   0.14360   0.56661   0.57392   1.08501   0.11258   0.74955   0.11023   0.57738   0.08056   1.48361   0.26140   0.14345   0.40478   0.41001   0.20127   0.35454   0.09454   0.43236   0.63938   1.91119   0.66975  -1.91363   0.02476  
 45 180.3933 156175.923256  x:  1.92237   0.30742   0.31562   0.41712   0.38833   0.09029   0.79084   0.17486   0.42043   0.45519   0.99507   0.53136   1.30210   0.51927   0.63029   0.66332   0.88453   0.12504   0.39021   0.14349   0.11178   0.50597   0.55306   0.49897   0.68748   0.45647   0.35279   0.14622   0.00949   0.00285   0.15564   0.58946   0.19624   1.61898   0.10379   1.39271   0.11630   0.35740   0.15102   0.17645   0.49131   0.05943   0.07879   0.39944   0.35682   0.27135   0.28931   0.21084   0.13508   0.58245   0.57384   1.06856   0.10889   0.74020   0.10689   0.59312   0.08035   1.42915   0.25715   0.13379   0.39538   0.41733   0.21660   0.36125   0.09092   0.43435   0.62481   1.90861   0.67776  -1.92437   0.02464  
 46 159.4888 156172.465314  x:  1.92943   0.34010   0.32344   0.41590   0.40024   0.08838   0.78537   0.17833   0.42569   0.46603   0.94851   0.54844   1.30148   0.51299   0.64303   0.65650   0.87071   0.13003   0.38291   0.14959   0.10686   0.50931   0.56137   0.50663   0.68364   0.44048   0.36216   0.14627   0.00954   0.00286   0.15584   0.58891   0.20455   1.62741   0.11281   1.36504   0.10732   0.35915   0.14758   0.17031   0.48400   0.06347   0.08241   0.40513   0.36276   0.25536   0.28647   0.21841   0.14602   0.58947   0.57223   1.06842   0.10966   0.73316   0.10915   0.60229   0.08211   1.39780   0.26467   0.13358   0.40622   0.42786   0.20997   0.35517   0.09442   0.44020   0.62374   1.90606   0.67849  -1.92308   0.02466  
 47 119.6287 156171.821835  x:  1.93091   0.35236   0.32137   0.41802   0.39683   0.08838   0.78726   0.17747   0.41675   0.46103   0.93874   0.55165   1.30162   0.50673   0.64474   0.65838   0.86781   0.12775   0.38308   0.15114   0.10529   0.50905   0.56740   0.51603   0.67965   0.43458   0.36951   0.14636   0.00953   0.00286   0.15547   0.58650   0.21120   1.62965   0.11085   1.35685   0.10969   0.35423   0.14838   0.17125   0.48499   0.06235   0.08214   0.39958   0.36320   0.25788   0.28768   0.21690   0.14437   0.58740   0.57379   1.07761   0.11080   0.73494   0.10839   0.60210   0.08032   1.39216   0.26762   0.13563   0.40754   0.42059   0.20706   0.36061   0.09215   0.43818   0.63246   1.90481   0.68016  -1.92289   0.02464  
 48 38.8080 156171.421043  x:  1.93118   0.35549   0.31799   0.41945   0.39252   0.08874   0.79385   0.18112   0.41983   0.46398   0.93211   0.55090   1.30149   0.49796   0.64290   0.66308   0.86702   0.13166   0.38708   0.14777   0.10676   0.50769   0.56823   0.51779   0.67599   0.43418   0.36853   0.14618   0.00954   0.00286   0.15565   0.57997   0.21035   1.63255   0.11143   1.35026   0.10959   0.35226   0.14813   0.17116   0.48580   0.06252   0.08141   0.40585   0.36292   0.25796   0.28634   0.21777   0.14312   0.58584   0.57674   1.09287   0.11013   0.74076   0.10867   0.60051   0.08218   1.39256   0.26453   0.13533   0.40583   0.41975   0.20991   0.35714   0.09383   0.43423   0.63632   1.90561   0.68184  -1.92106   0.02463  
 49 15.8284 156170.654627  x:  1.93177   0.35383   0.32080   0.42247   0.39786   0.08977   0.80176   0.16959   0.42181   0.46456   0.92340   0.54883   1.30202   0.48785   0.63782   0.67035   0.86690   0.12877   0.39168   0.15425   0.10550   0.50749   0.56465   0.51302   0.67645   0.43877   0.36893   0.14644   0.00951   0.00286   0.15576   0.57793   0.21126   1.63797   0.11186   1.33998   0.11084   0.35519   0.14505   0.17013   0.48500   0.06284   0.08352   0.39870   0.36103   0.25603   0.28834   0.21633   0.14475   0.58623   0.57807   1.11716   0.11003   0.74731   0.10774   0.59899   0.08212   1.39775   0.26396   0.13302   0.40537   0.42585   0.21045   0.35484   0.09373   0.43624   0.63255   1.90675   0.68703  -1.91671   0.02461  
 50 19.5184 156168.426987  x:  1.93563   0.34838   0.33076   0.41319   0.40222   0.08513   0.81011   0.18907   0.41796   0.45839   0.91170   0.54396   1.30580   0.48757   0.63172   0.67860   0.86686   0.13044   0.38620   0.15078   0.11011   0.51129   0.55948   0.50125   0.68102   0.44796   0.37460   0.14603   0.00953   0.00288   0.15538   0.59045   0.22041   1.64808   0.11152   1.31872   0.11286   0.36075   0.14448   0.17218   0.48590   0.06189   0.07947   0.39733   0.37226   0.26096   0.28804   0.21742   0.14344   0.58658   0.57010   1.15015   0.11021   0.74513   0.10840   0.59916   0.08114   1.41251   0.27133   0.13672   0.40591   0.42509   0.20594   0.36284   0.09295   0.44923   0.61767   1.90970   0.70259  -1.89914   0.02458  
 51 25.8668 156155.103757  x:  1.97046   0.36992   0.32170   0.41236   0.39607   0.09220   0.78463   0.16757   0.42154   0.45488   0.90947   0.53745   1.33388   0.53648   0.64025   0.68352   0.87207   0.12340   0.35226   0.13805   0.10939   0.52287   0.56904   0.51483   0.71032   0.46305   0.35352   0.14622   0.00934   0.00293   0.15368   0.63349   0.21797   1.67868   0.11568   1.24502   0.11373   0.35490   0.14527   0.16735   0.50326   0.05849   0.08245   0.43353   0.33239   0.24999   0.28290   0.21605   0.14696   0.59141   0.55497   1.19647   0.11549   0.70395   0.11244   0.60466   0.07797   1.47347   0.26762   0.14203   0.41464   0.40210   0.19628   0.35324   0.09152   0.44922   0.61804   1.91722   0.82423  -1.81264   0.02415  
 52 43.5118 156131.915826  x:  2.03745   0.39585   0.30450   0.44153   0.39688   0.09597   0.73887   0.20042   0.43118   0.47310   0.91624   0.53719   1.38338   0.58811   0.67696   0.66974   0.88244   0.13460   0.35960   0.16334   0.09826   0.51586   0.57487   0.54492   0.72944   0.46513   0.32285   0.14427   0.00908   0.00304   0.15337   0.63939   0.18287   1.69200   0.10994   1.16830   0.13461   0.35245   0.14990   0.16946   0.48461   0.06319   0.07366   0.37840   0.37904   0.25522   0.28273   0.20968   0.14642   0.58971   0.55930   1.19466   0.11603   0.67205   0.11072   0.60507   0.08521   1.53272   0.25658   0.12637   0.40596   0.42600   0.22054   0.33976   0.09165   0.42852   0.64914   1.92749   1.03672  -1.65398   0.02358  
 53 189.1419 156097.171174  x:  2.14941   0.38540   0.33813   0.44227   0.40530   0.09628   0.70928   0.19285   0.40886   0.47442   0.92032   0.56574   1.45827   0.57478   0.75089   0.63602   0.91726   0.12264   0.44117   0.12906   0.12694   0.49498   0.56314   0.52098   0.67307   0.45883   0.40231   0.14252   0.00859   0.00318   0.14738   0.58243   0.20598   1.63179   0.12587   1.17096   0.12139   0.36813   0.15155   0.17399   0.48008   0.05568   0.06829   0.39147   0.35657   0.25222   0.26637   0.20651   0.13209   0.57363   0.57486   1.11020   0.12332   0.73565   0.11160   0.60350   0.07697   1.52320   0.27264   0.12519   0.38645   0.45406   0.20254   0.33020   0.08069   0.44867   0.65613   1.92346   1.37717  -1.42423   0.02254  
 54 216.4784 156084.500996  x:  2.19103   0.37566   0.33478   0.43075   0.40269   0.09660   0.73719   0.20690   0.42431   0.47619   0.91552   0.58072   1.48195   0.53158   0.77240   0.62594   0.94204   0.12752   0.44413   0.18864   0.10560   0.50489   0.56412   0.51537   0.66603   0.46121   0.40176   0.13980   0.00840   0.00323   0.14593   0.56265   0.22144   1.58247   0.11318   1.22615   0.13788   0.35997   0.15555   0.17300   0.49955   0.05486   0.06515   0.40470   0.34570   0.24398   0.27442   0.19963   0.13851   0.57369   0.54547   1.08615   0.12191   0.74687   0.10541   0.60890   0.08375   1.47661   0.26373   0.13549   0.40764   0.41494   0.19696   0.32577   0.08311   0.45328   0.63124   1.92204   1.50295  -1.33924   0.02220  
 55 214.0573 156078.317752  x:  2.21105   0.38210   0.32458   0.44002   0.40872   0.10032   0.77021   0.19533   0.43059   0.47018   0.91277   0.58848   1.49162   0.49673   0.77214   0.62619   0.96515   0.13731   0.41246   0.16086   0.11368   0.51771   0.57449   0.51961   0.66629   0.47135   0.38089   0.13908   0.00829   0.00324   0.14524   0.57912   0.22981   1.54346   0.12274   1.28987   0.12547   0.34987   0.16169   0.16662   0.49470   0.05368   0.06606   0.38236   0.35405   0.24574   0.26430   0.20285   0.13767   0.58120   0.52607   1.09412   0.12290   0.73298   0.10666   0.61465   0.08424   1.42185   0.26531   0.12984   0.40646   0.41166   0.20243   0.32423   0.08214   0.44889   0.62213   1.92430   1.56577  -1.30220   0.02200  
 56 130.2029 156076.867488  x:  2.21514   0.38926   0.32832   0.43983   0.40344   0.09883   0.77361   0.19967   0.42182   0.46873   0.91065   0.58875   1.49341   0.49427   0.76251   0.62736   0.97225   0.13758   0.40847   0.16632   0.11222   0.51210   0.56906   0.52627   0.67826   0.47912   0.37792   0.13877   0.00828   0.00325   0.14508   0.59437   0.23430   1.52832   0.12134   1.31649   0.12644   0.35434   0.15901   0.16977   0.48829   0.05521   0.06477   0.39118   0.34821   0.24509   0.26623   0.20152   0.13624   0.58065   0.53469   1.10574   0.12331   0.72276   0.10686   0.61228   0.08494   1.39625   0.26952   0.12945   0.39494   0.42774   0.20228   0.32151   0.08274   0.44757   0.63143   1.92663   1.57756  -1.29111   0.02198  
 57 64.2980 156076.475528  x:  2.21591   0.39208   0.33271   0.44061   0.40501   0.09835   0.76625   0.19890   0.42461   0.47646   0.90771   0.58761   1.49403   0.50369   0.75377   0.62878   0.97410   0.13740   0.41362   0.16388   0.11414   0.50912   0.56663   0.52700   0.68383   0.48028   0.37858   0.13902   0.00830   0.00326   0.14526   0.59663   0.23341   1.52137   0.12285   1.32796   0.12593   0.35750   0.15780   0.17033   0.49430   0.05425   0.06471   0.38960   0.35081   0.24571   0.26674   0.20167   0.13561   0.57755   0.54052   1.11512   0.12350   0.72212   0.10760   0.61110   0.08615   1.38402   0.26851   0.13011   0.40126   0.42198   0.20222   0.32323   0.08163   0.44969   0.63583   1.92852   1.57861  -1.28682   0.02199  
 58 27.0646 156076.283056  x:  2.21648   0.39233   0.32964   0.44150   0.40730   0.09899   0.76005   0.20046   0.42365   0.47322   0.90459   0.58768   1.49432   0.51582   0.74879   0.63201   0.97555   0.13698   0.41678   0.16402   0.11277   0.51360   0.57111   0.52590   0.68453   0.47719   0.38019   0.13915   0.00829   0.00326   0.14529   0.59248   0.22911   1.51708   0.12261   1.33476   0.12625   0.35426   0.15812   0.17020   0.49388   0.05413   0.06484   0.39086   0.35028   0.24566   0.26667   0.20164   0.13613   0.57857   0.53778   1.12284   0.12366   0.72630   0.10699   0.61324   0.08540   1.37861   0.27032   0.12932   0.40036   0.42409   0.20281   0.32308   0.08187   0.44933   0.63288   1.92835   1.57938  -1.28600   0.02199  
 59 12.6763 156076.008393  x:  2.21767   0.39439   0.32831   0.43534   0.39943   0.09926   0.75926   0.19870   0.42855   0.47308   0.90211   0.58870   1.49442   0.52365   0.74744   0.63263   0.97572   0.13541   0.41357   0.16511   0.11289   0.51051   0.56967   0.52633   0.67970   0.47495   0.38289   0.13899   0.00828   0.00325   0.14506   0.59065   0.22854   1.51388   0.12307   1.33894   0.12569   0.35590   0.15694   0.16964   0.48901   0.05432   0.06501   0.38731   0.35095   0.24564   0.26604   0.20123   0.13601   0.58298   0.53469   1.12677   0.12317   0.72860   0.10693   0.61422   0.08637   1.37960   0.26544   0.13187   0.39734   0.42455   0.19926   0.32275   0.08145   0.45088   0.63257   1.92773   1.58167  -1.28799   0.02198  
 60  5.2897 156073.483302  x:  2.22714   0.40969   0.33449   0.44867   0.40928   0.09642   0.76661   0.20130   0.42165   0.46182   0.88580   0.59468   1.49317   0.54351   0.74468   0.62166   0.96786   0.13758   0.39630   0.17235   0.11907   0.48654   0.54890   0.52404   0.64891   0.47385   0.38105   0.13832   0.00817   0.00322   0.14428   0.58241   0.22459   1.49415   0.12396   1.35609   0.12541   0.36295   0.15511   0.17031   0.48540   0.05442   0.06525   0.38958   0.34591   0.24394   0.26435   0.20018   0.13312   0.59102   0.52701   1.13316   0.12141   0.72693   0.10716   0.60968   0.08727   1.40081   0.26253   0.12752   0.39995   0.41594   0.20600   0.32059   0.08073   0.44296   0.62954   1.92502   1.59087  -1.29949   0.02207  
 61 10.6898 156061.932017  x:  2.26911   0.43832   0.33408   0.42245   0.38717   0.10128   0.78436   0.19298   0.40824   0.48225   0.83377   0.60987   1.49106   0.54495   0.73156   0.58730   0.93310   0.14339   0.40803   0.17575   0.11550   0.51533   0.55903   0.50313   0.62402   0.49038   0.36474   0.13627   0.00774   0.00305   0.14156   0.57636   0.22164   1.43278   0.12943   1.39564   0.12614   0.34642   0.16003   0.16679   0.49730   0.05204   0.06496   0.37554   0.34303   0.23917   0.25871   0.19529   0.13254   0.55705   0.53568   1.12039   0.12625   0.70542   0.10719   0.59406   0.07616   1.47399   0.29233   0.12173   0.39585   0.42392   0.19351   0.31178   0.07933   0.43509   0.62660   1.92284   1.62020  -1.34500   0.02254  
 62 35.9716 156050.899083  x:  2.30995   0.43420   0.32357   0.43626   0.40602   0.10848   0.77736   0.19570   0.41605   0.47337   0.82512   0.61733   1.49779   0.51906   0.72195   0.60815   0.91945   0.14414   0.42657   0.16226   0.11249   0.51669   0.57306   0.51514   0.67128   0.47860   0.38479   0.13435   0.00740   0.00292   0.13792   0.58748   0.24778   1.40721   0.13344   1.39564   0.12740   0.33927   0.15908   0.17216   0.46303   0.05620   0.06250   0.37536   0.33381   0.23746   0.25676   0.19205   0.13057   0.54922   0.53364   1.09080   0.12943   0.70852   0.10885   0.59021   0.08950   1.48756   0.24365   0.13028   0.37687   0.40780   0.20151   0.31503   0.07479   0.44369   0.60939   1.92938   1.63890  -1.38144   0.02307  
 63 70.8539 156044.003337  x:  2.33781   0.42731   0.32336   0.42636   0.38712   0.11195   0.76424   0.19772   0.42108   0.45063   0.86831   0.62240   1.50805   0.50073   0.72081   0.64672   0.92360   0.15062   0.42009   0.15432   0.11513   0.49135   0.55952   0.52506   0.70155   0.45823   0.37646   0.13238   0.00712   0.00282   0.13711   0.57819   0.25452   1.42122   0.13265   1.36825   0.12943   0.34783   0.15997   0.17013   0.47999   0.05292   0.06271   0.36671   0.33104   0.23617   0.25332   0.18839   0.12456   0.56470   0.52128   1.07599   0.12851   0.72915   0.10543   0.59085   0.08449   1.44541   0.26634   0.11536   0.39695   0.41707   0.19946   0.30159   0.07625   0.43867   0.59749   1.93530   1.65331  -1.40796   0.02334  
 64 86.2193 156040.941344  x:  2.35224   0.41932   0.32711   0.43161   0.39276   0.10993   0.76084   0.19806   0.41963   0.46449   0.91883   0.62639   1.51648   0.50238   0.71956   0.64912   0.92254   0.15350   0.40766   0.16239   0.11644   0.49890   0.55035   0.50908   0.68272   0.45996   0.36844   0.13202   0.00701   0.00279   0.13601   0.57193   0.25198   1.44691   0.13302   1.34101   0.13076   0.34420   0.16057   0.16844   0.47853   0.05290   0.06324   0.36443   0.32815   0.23349   0.25125   0.18728   0.12515   0.56357   0.51864   1.08185   0.12882   0.73243   0.10457   0.59081   0.08305   1.39257   0.27522   0.12686   0.37223   0.40661   0.18890   0.30578   0.07389   0.43625   0.60144   1.93696   1.66106  -1.42128   0.02345  
 65 70.0373 156039.891331  x:  2.35762   0.41132   0.32587   0.42696   0.38954   0.11066   0.76318   0.19787   0.41107   0.46456   0.94234   0.62871   1.52017   0.50629   0.71818   0.63806   0.91850   0.15205   0.40778   0.16427   0.11595   0.50458   0.55228   0.50486   0.66612   0.46715   0.37425   0.13142   0.00695   0.00277   0.13563   0.57520   0.25141   1.46076   0.13173   1.32958   0.13129   0.34167   0.15965   0.16958   0.47358   0.05379   0.06225   0.36395   0.32663   0.23329   0.25081   0.18637   0.12384   0.55896   0.51926   1.08911   0.12858   0.72737   0.10483   0.59150   0.08722   1.36667   0.26373   0.12034   0.38378   0.40948   0.19562   0.30148   0.07371   0.43658   0.59942   1.93641   1.66458  -1.42694   0.02348  
 66 60.1306 156039.745488  x:  2.35824   0.40649   0.32356   0.42681   0.39036   0.11162   0.76531   0.19748   0.41470   0.46119   0.94573   0.62895   1.52071   0.50711   0.71732   0.62943   0.91514   0.15194   0.41244   0.16356   0.11537   0.50067   0.55538   0.51076   0.66396   0.46771   0.37451   0.13138   0.00695   0.00276   0.13551   0.57374   0.25132   1.46403   0.13185   1.32844   0.13114   0.34400   0.15915   0.16930   0.47471   0.05365   0.06205   0.36402   0.32659   0.23321   0.25097   0.18624   0.12388   0.55890   0.51980   1.09234   0.12857   0.72239   0.10490   0.59148   0.08674   1.36225   0.26596   0.12101   0.38187   0.40923   0.19486   0.30198   0.07383   0.43792   0.59549   1.93682   1.66530  -1.42822   0.02349  
 67 16.5682 156039.687051  x:  2.35873   0.40643   0.32589   0.42709   0.38925   0.11079   0.76693   0.19720   0.41569   0.45882   0.94698   0.62921   1.52087   0.50728   0.71802   0.62668   0.91290   0.15198   0.41326   0.16305   0.11575   0.50106   0.55485   0.50696   0.66781   0.46302   0.37566   0.13130   0.00694   0.00276   0.13534   0.57038   0.25110   1.46548   0.13190   1.32934   0.13086   0.34332   0.15912   0.16918   0.47401   0.05379   0.06196   0.36359   0.32616   0.23306   0.25063   0.18615   0.12384   0.55881   0.51921   1.09410   0.12864   0.71806   0.10521   0.58855   0.08710   1.36166   0.26555   0.12085   0.38176   0.40877   0.19502   0.30151   0.07377   0.43706   0.59638   1.93674   1.66602  -1.42998   0.02348  
 68  3.0705 156038.893828  x:  2.36528   0.40566   0.31400   0.42487   0.38781   0.11313   0.76659   0.19602   0.40108   0.47267   0.94717   0.62967   1.52020   0.50635   0.72462   0.63181   0.89664   0.15149   0.41318   0.16003   0.11657   0.49428   0.54427   0.50714   0.67484   0.45525   0.38089   0.13076   0.00682   0.00274   0.13539   0.56706   0.24591   1.47058   0.13182   1.33481   0.12997   0.34443   0.15794   0.16814   0.47033   0.05448   0.06259   0.36224   0.32545   0.23253   0.25007   0.18577   0.12565   0.55021   0.51381   1.09731   0.12762   0.71126   0.10413   0.58940   0.08593   1.36071   0.26731   0.12079   0.38022   0.40548   0.19444   0.30036   0.07462   0.43578   0.58524   1.93529   1.66525  -1.44815   0.02341  
 69  2.1714 156031.352008  x:  2.42043   0.40121   0.32188   0.41361   0.38678   0.11353   0.71802   0.19823   0.40967   0.44795   0.93421   0.62415   1.51308   0.49989   0.73553   0.66805   0.79002   0.14873   0.40370   0.15524   0.11450   0.49693   0.53584   0.50988   0.65482   0.47457   0.35320   0.12970   0.00598   0.00257   0.13503   0.56550   0.26515   1.47995   0.13181   1.34324   0.12866   0.33280   0.15386   0.16835   0.46547   0.05641   0.06541   0.36071   0.32286   0.23035   0.25259   0.18451   0.12465   0.53952   0.51770   1.09138   0.12757   0.71305   0.10220   0.56334   0.08723   1.34915   0.25896   0.11814   0.37773   0.40290   0.19026   0.30628   0.07484   0.42628   0.57977   1.94482   1.63290  -1.59494   0.02300  
 70 22.0168 156026.164249  x:  2.45930   0.39948   0.32051   0.42858   0.36661   0.11509   0.70038   0.19657   0.41939   0.43879   0.92954   0.63893   1.50356   0.48727   0.69511   0.65625   0.81306   0.16159   0.39766   0.15888   0.11308   0.48621   0.55180   0.49076   0.64585   0.47261   0.37727   0.12742   0.00540   0.00246   0.13695   0.58685   0.24192   1.44088   0.13975   1.29871   0.13277   0.34715   0.14928   0.16945   0.45893   0.05982   0.07060   0.36007   0.31963   0.22905   0.25432   0.18362   0.12613   0.52564   0.50502   1.08165   0.12375   0.70789   0.09987   0.55481   0.08482   1.34605   0.27030   0.11464   0.37520   0.38994   0.19080   0.30551   0.07665   0.41169   0.57869   1.94887   1.61294  -1.69515   0.02277  
 71 59.7096 156023.315047  x:  2.48194   0.40201   0.32198   0.41524   0.37014   0.11478   0.69813   0.19604   0.40503   0.44284   0.93064   0.65612   1.49931   0.49034   0.66094   0.64030   0.85724   0.16330   0.40036   0.15351   0.11274   0.47973   0.54530   0.49417   0.64606   0.46335   0.35681   0.12748   0.00508   0.00240   0.13573   0.56888   0.25836   1.40627   0.14051   1.25846   0.13391   0.33656   0.14819   0.16848   0.45663   0.06036   0.07202   0.35792   0.31700   0.22717   0.25518   0.18364   0.12506   0.52372   0.50811   1.07720   0.12451   0.69725   0.10003   0.55080   0.08619   1.34627   0.26040   0.11318   0.37285   0.39132   0.18915   0.31047   0.07661   0.41211   0.56619   1.94599   1.60652  -1.75179   0.02261  
 72 81.3254 156023.247477  x:  2.48250   0.40247   0.31936   0.41244   0.37283   0.11552   0.69815   0.19603   0.40691   0.44094   0.93077   0.65658   1.49910   0.49004   0.65962   0.63932   0.85878   0.16364   0.40070   0.15287   0.11271   0.48455   0.53871   0.49700   0.64622   0.46375   0.35914   0.12741   0.00508   0.00240   0.13579   0.56810   0.25775   1.40507   0.14070   1.25713   0.13395   0.33736   0.14801   0.16847   0.45638   0.06044   0.07201   0.35793   0.31707   0.22723   0.25520   0.18359   0.12530   0.52345   0.50761   1.07698   0.12444   0.69658   0.10005   0.55002   0.08612   1.34627   0.26109   0.11297   0.37304   0.39098   0.18924   0.31036   0.07661   0.41107   0.56827   1.94598   1.60641  -1.75296   0.02261  
 73 11.8655 156023.234439  x:  2.48258   0.40180   0.32091   0.41438   0.37100   0.11512   0.69775   0.19600   0.40673   0.44122   0.93041   0.65676   1.49897   0.48983   0.65931   0.63883   0.85871   0.16368   0.39991   0.15261   0.11247   0.48630   0.53736   0.49878   0.64655   0.46436   0.35975   0.12744   0.00507   0.00240   0.13577   0.56698   0.25729   1.40495   0.14080   1.25697   0.13392   0.33709   0.14810   0.16850   0.45646   0.06044   0.07204   0.35792   0.31707   0.22730   0.25518   0.18363   0.12516   0.52372   0.50778   1.07696   0.12448   0.69650   0.10000   0.55055   0.08607   1.34625   0.26097   0.11303   0.37300   0.39107   0.18924   0.31038   0.07665   0.41149   0.56726   1.94580   1.60669  -1.75288   0.02261  
 74  1.5168 156022.516707  x:  2.48594   0.40567   0.31570   0.41171   0.37346   0.11490   0.69258   0.19653   0.40424   0.44203   0.92410   0.66393   1.49197   0.48560   0.65538   0.62926   0.85651   0.16292   0.38454   0.15144   0.11219   0.48104   0.54354   0.49527   0.65815   0.48512   0.36677   0.12806   0.00493   0.00245   0.13564   0.54580   0.25755   1.40593   0.14111   1.25472   0.13356   0.34066   0.14674   0.16792   0.45514   0.05986   0.07113   0.35806   0.31841   0.22802   0.25439   0.18396   0.12603   0.52468   0.50587   1.07445   0.12324   0.69768   0.09989   0.55170   0.08536   1.34264   0.26015   0.11332   0.37331   0.39179   0.18895   0.30989   0.07644   0.41096   0.57122   1.94389   1.63165  -1.74401   0.02264  
 75  0.7433 156018.319672  x:  2.50543   0.41619   0.31839   0.40166   0.37658   0.10265   0.68581   0.19424   0.39849   0.43682   0.88460   0.70492   1.45122   0.46196   0.64503   0.61078   0.85342   0.16082   0.40028   0.15012   0.11108   0.47057   0.53016   0.48844   0.64890   0.47002   0.35452   0.13102   0.00401   0.00273   0.13549   0.56193   0.23511   1.41214   0.14198   1.24592   0.13367   0.31828   0.14846   0.16287   0.44659   0.05727   0.06757   0.35918   0.32173   0.23168   0.24583   0.18662   0.12431   0.54312   0.50663   1.06174   0.12092   0.69072   0.09877   0.56388   0.07934   1.32226   0.25454   0.12054   0.37194   0.38729   0.18195   0.30145   0.07941   0.40753   0.56774   1.93328   1.78079  -1.69371   0.02279  
 76 22.7695 156017.566829  x:  2.50864   0.41587   0.31186   0.40954   0.37096   0.10323   0.68492   0.19449   0.39504   0.43646   0.87641   0.71198   1.44426   0.46075   0.64307   0.60736   0.85262   0.15877   0.40576   0.14883   0.11080   0.47698   0.52815   0.48466   0.64412   0.46085   0.34327   0.13158   0.00387   0.00278   0.13536   0.56361   0.24440   1.41305   0.14146   1.24429   0.13280   0.33424   0.14450   0.16234   0.44686   0.05598   0.06625   0.36074   0.32239   0.23225   0.24601   0.18708   0.12802   0.54102   0.49738   1.05912   0.11846   0.68987   0.09888   0.56557   0.07952   1.31845   0.25230   0.12070   0.37259   0.38956   0.18175   0.30222   0.07876   0.41009   0.57297   1.93199   1.80669  -1.68375   0.02283  
 77 54.0196 156017.453178  x:  2.50738   0.41452   0.31134   0.40932   0.37100   0.10317   0.68435   0.19434   0.39250   0.43968   0.87595   0.71297   1.44147   0.46018   0.64270   0.60726   0.85194   0.15797   0.40696   0.14853   0.11038   0.47779   0.52949   0.48615   0.64312   0.46151   0.34394   0.13133   0.00385   0.00282   0.13523   0.56381   0.24295   1.41150   0.14152   1.24391   0.13269   0.33451   0.14447   0.16238   0.44726   0.05606   0.06586   0.36064   0.32201   0.23194   0.24609   0.18678   0.12725   0.54739   0.49392   1.05824   0.11836   0.68949   0.09940   0.55568   0.08013   1.31760   0.25270   0.12055   0.37247   0.38943   0.18203   0.30241   0.07849   0.41035   0.57258   1.93154   1.80802  -1.68620   0.02283  
 78  0.2082 156014.157802  x:  2.46932   0.39102   0.31069   0.39881   0.36686   0.09749   0.66951   0.18893   0.38852   0.43066   0.87088   0.73707   1.36132   0.44720   0.63464   0.58653   0.83001   0.14612   0.39322   0.14820   0.10745   0.46904   0.52124   0.48157   0.63052   0.44517   0.33762   0.12441   0.00320   0.00384   0.13094   0.55486   0.22815   1.37117   0.13422   1.24002   0.12753   0.32673   0.14098   0.15782   0.44438   0.05251   0.06309   0.34930   0.31447   0.22116   0.24573   0.17827   0.12533   0.51990   0.48277   1.04519   0.11485   0.69122   0.09809   0.54773   0.07931   1.30139   0.24682   0.11375   0.36268   0.38582   0.18510   0.30038   0.07134   0.40474   0.56491   1.92618   1.85444  -1.76653   0.02299  
 79  6.4077 156012.451737  x:  2.39168   0.37420   0.30844   0.39805   0.36833   0.09890   0.67249   0.18891   0.38962   0.43115   0.88735   0.75235   1.30496   0.45179   0.62671   0.59242   0.82557   0.14018   0.38588   0.14672   0.10828   0.46800   0.52218   0.48033   0.63141   0.43842   0.33876   0.12580   0.00348   0.00459   0.13238   0.55308   0.22709   1.36590   0.12606   1.22558   0.12252   0.32401   0.13871   0.16035   0.44550   0.05588   0.06656   0.35322   0.31409   0.22408   0.24724   0.18197   0.12451   0.52124   0.48749   1.04724   0.11551   0.68656   0.09631   0.54904   0.08290   1.30279   0.24998   0.11469   0.36665   0.38514   0.18192   0.30300   0.07422   0.40606   0.56702   1.92704   1.87519  -1.76713   0.02320  
 80  0.0676 156011.708429  x:  2.33909   0.37158   0.30359   0.39736   0.36343   0.10100   0.66785   0.18880   0.38643   0.42574   0.86941   0.77422   1.28095   0.45162   0.63102   0.59505   0.82628   0.14107   0.38304   0.14508   0.10674   0.46433   0.51666   0.47545   0.62564   0.44126   0.33626   0.12642   0.00332   0.00494   0.13168   0.54706   0.23127   1.36034   0.12372   1.20709   0.12175   0.32247   0.13759   0.15887   0.43917   0.05461   0.06486   0.35043   0.31201   0.22411   0.24232   0.18028   0.12365   0.52146   0.48564   1.03073   0.11532   0.67465   0.09678   0.54477   0.08180   1.28055   0.24822   0.11551   0.36239   0.37991   0.17926   0.29653   0.07409   0.40173   0.56141   1.93366   1.92093  -1.77664   0.02323  
 81  0.0568 156011.144717  x:  2.28167   0.38358   0.30742   0.39808   0.36390   0.10063   0.67391   0.18903   0.38654   0.42959   0.86793   0.79617   1.28391   0.45538   0.63442   0.59161   0.82776   0.14564   0.39008   0.14626   0.10538   0.46595   0.51819   0.47568   0.62591   0.44294   0.34084   0.12646   0.00316   0.00501   0.13210   0.54812   0.23412   1.35256   0.12615   1.21402   0.12396   0.32271   0.13891   0.15904   0.44151   0.05402   0.06506   0.34880   0.31357   0.22238   0.24451   0.17934   0.12423   0.52176   0.48450   1.03379   0.11568   0.67449   0.09750   0.54809   0.07855   1.28859   0.24796   0.11374   0.36163   0.38228   0.18346   0.29835   0.07245   0.40161   0.56102   1.93568   1.97130  -1.74967   0.02325  
 82  0.0440 156010.875400  x:  2.24749   0.38255   0.30695   0.39562   0.36353   0.09936   0.67091   0.18745   0.38589   0.42690   0.86823   0.81952   1.28867   0.45342   0.63265   0.59043   0.82474   0.14566   0.38768   0.14557   0.10672   0.46462   0.51758   0.47615   0.62379   0.43962   0.33786   0.12516   0.00290   0.00488   0.13112   0.54552   0.23093   1.35461   0.12818   1.21182   0.12376   0.32349   0.13911   0.15908   0.43941   0.05480   0.06580   0.34886   0.31003   0.22204   0.24292   0.18001   0.12280   0.51701   0.48316   1.03176   0.11510   0.67751   0.09552   0.54355   0.07975   1.27858   0.24692   0.11436   0.36233   0.38030   0.17906   0.29792   0.07399   0.39972   0.55836   1.93560   2.01383  -1.74303   0.02327  
 83  0.0341 156010.666989  x:  2.21763   0.37614   0.30394   0.39470   0.36254   0.09914   0.66726   0.18781   0.38400   0.42477   0.86733   0.85578   1.29587   0.45046   0.62701   0.59106   0.82332   0.14286   0.38425   0.14630   0.10773   0.46312   0.51615   0.47489   0.62379   0.44014   0.33583   0.12573   0.00308   0.00457   0.13143   0.54500   0.22663   1.35492   0.13009   1.20599   0.12299   0.32279   0.13958   0.15768   0.43787   0.05418   0.06396   0.34850   0.31173   0.22215   0.24353   0.17908   0.12398   0.51928   0.48344   1.02573   0.11444   0.67294   0.09522   0.54434   0.08168   1.27990   0.24679   0.11381   0.36059   0.37983   0.18081   0.29882   0.07289   0.39973   0.55943   1.93315   2.07468  -1.69793   0.02332  
 84  0.0284 156010.156164  x:  2.17385   0.36604   0.30322   0.39282   0.36181   0.09984   0.66483   0.18560   0.38246   0.42614   0.85313   0.97933   1.29973   0.44557   0.62392   0.58230   0.81634   0.13844   0.38192   0.14721   0.10885   0.46219   0.51295   0.47031   0.61895   0.43248   0.33532   0.12376   0.00387   0.00383   0.13035   0.54227   0.22671   1.32944   0.12833   1.20295   0.12207   0.31876   0.13752   0.15688   0.43896   0.05434   0.06531   0.34828   0.31088   0.21943   0.24046   0.17925   0.12230   0.51605   0.48074   1.02514   0.11277   0.66919   0.09797   0.54364   0.07922   1.27115   0.24563   0.11490   0.36067   0.37854   0.17999   0.29472   0.07284   0.39795   0.55707   1.93122   2.30963  -1.49977   0.02345  
 85  0.0656 156009.556786  x:  2.15085   0.36431   0.30308   0.39071   0.36097   0.09975   0.65923   0.18518   0.38079   0.42516   0.84790   1.12151   1.28420   0.44367   0.61869   0.57848   0.81031   0.13845   0.37878   0.14534   0.10758   0.46030   0.51138   0.46936   0.61683   0.42873   0.33530   0.12366   0.00446   0.00329   0.12981   0.54207   0.22799   1.33008   0.12384   1.19652   0.12221   0.31707   0.13676   0.15777   0.43741   0.05376   0.06577   0.34590   0.30936   0.22028   0.24087   0.17804   0.12169   0.51491   0.47936   1.02260   0.11317   0.66953   0.09799   0.54158   0.07796   1.26599   0.24508   0.11373   0.35865   0.37722   0.17974   0.29345   0.07268   0.39501   0.55572   1.93292   2.58372  -1.26148   0.02354  
 86  0.2404 156008.783588  x:  2.21713   0.37591   0.30633   0.39303   0.36252   0.09902   0.66033   0.18833   0.38364   0.42533   0.86423   1.15858   1.25555   0.44934   0.62499   0.58610   0.81539   0.14461   0.38211   0.14206   0.10408   0.46148   0.51490   0.47472   0.62233   0.43646   0.33715   0.12568   0.00444   0.00358   0.13088   0.54672   0.23201   1.35508   0.11993   1.20377   0.12340   0.32093   0.13789   0.16032   0.43716   0.05368   0.06554   0.34582   0.30928   0.22313   0.24346   0.17832   0.12248   0.51690   0.48082   1.02841   0.11624   0.67686   0.09562   0.54146   0.07857   1.27652   0.24640   0.11282   0.35870   0.37837   0.17968   0.29575   0.07325   0.39619   0.55799   1.93778   2.63498  -1.17386   0.02341  
 87  0.1005 156008.198535  x:  2.21252   0.37816   0.30471   0.39446   0.36181   0.09736   0.66951   0.18827   0.38449   0.42446   0.86548   1.23762   1.23198   0.45034   0.62830   0.58850   0.82240   0.14325   0.38598   0.14447   0.10547   0.46265   0.51438   0.47283   0.62284   0.44105   0.33492   0.12491   0.00410   0.00372   0.13128   0.54344   0.22439   1.34843   0.12559   1.20790   0.12099   0.32328   0.13875   0.15777   0.43721   0.05467   0.06427   0.34863   0.31055   0.21968   0.24144   0.17978   0.12201   0.51700   0.48033   1.02345   0.11509   0.67136   0.09449   0.54366   0.08068   1.27482   0.24607   0.11438   0.36069   0.37832   0.17904   0.29763   0.07282   0.39937   0.55702   1.93748   2.72258  -1.07802   0.02339  
 88  0.0733 156008.009330  x:  2.22349   0.37990   0.30534   0.39597   0.36253   0.09854   0.67081   0.18792   0.38567   0.42508   0.86792   1.20889   1.23764   0.45331   0.63340   0.59226   0.82536   0.14266   0.38781   0.14585   0.10714   0.46423   0.51598   0.47432   0.62387   0.44200   0.33590   0.12492   0.00375   0.00394   0.13116   0.54465   0.22421   1.35077   0.12838   1.21152   0.12135   0.32374   0.13904   0.15771   0.43867   0.05466   0.06437   0.34898   0.31119   0.22135   0.24239   0.17951   0.12285   0.51705   0.48274   1.02823   0.11428   0.67285   0.09523   0.54449   0.08100   1.27872   0.24636   0.11458   0.36202   0.38015   0.17939   0.29872   0.07292   0.40089   0.55805   1.93779   2.63102  -1.13689   0.02335  
 89  0.1179 156007.843579  x:  2.21743   0.37945   0.30627   0.39616   0.36320   0.10035   0.66845   0.18751   0.38602   0.42586   0.86743   1.26332   1.23723   0.45467   0.63502   0.59303   0.82343   0.14177   0.38693   0.14590   0.10821   0.46489   0.51706   0.47584   0.62393   0.43996   0.33735   0.12507   0.00365   0.00398   0.13096   0.54649   0.22651   1.35287   0.12805   1.21119   0.12257   0.32273   0.13852   0.15901   0.43980   0.05420   0.06511   0.34819   0.31112   0.22318   0.24352   0.17895   0.12344   0.51688   0.48440   1.03258   0.11372   0.67536   0.09632   0.54435   0.08013   1.28066   0.24660   0.11429   0.36202   0.38122   0.18000   0.29830   0.07304   0.40042   0.55890   1.93926   2.69146  -1.05774   0.02338  
 90  0.0880 156007.779786  x:  2.21664   0.37751   0.30623   0.39574   0.36327   0.09999   0.67030   0.18841   0.38594   0.42651   0.86830   1.26395   1.24213   0.45276   0.63053   0.59085   0.82169   0.14207   0.38562   0.14522   0.10760   0.46471   0.51685   0.47554   0.62457   0.44001   0.33744   0.12534   0.00344   0.00419   0.13159   0.54668   0.22790   1.35407   0.12705   1.21091   0.12327   0.32278   0.13855   0.15978   0.43969   0.05442   0.06525   0.34902   0.31154   0.22165   0.24334   0.17981   0.12295   0.51841   0.48329   1.03031   0.11450   0.67539   0.09581   0.54511   0.07982   1.28058   0.24724   0.11455   0.36157   0.38027   0.18045   0.29771   0.07319   0.39974   0.55939   1.93963   2.68094  -1.06089   0.02338  
 91  0.0091 156007.759916  x:  2.21459   0.37598   0.30617   0.39585   0.36349   0.09940   0.66807   0.18875   0.38591   0.42660   0.86812   1.26671   1.24708   0.45215   0.63206   0.59018   0.82367   0.14221   0.38591   0.14508   0.10702   0.46473   0.51637   0.47511   0.62484   0.44030   0.33693   0.12539   0.00338   0.00432   0.13153   0.54706   0.22778   1.35398   0.12660   1.21321   0.12278   0.32286   0.13898   0.15898   0.43970   0.05457   0.06494   0.34905   0.31166   0.22244   0.24331   0.17962   0.12307   0.51872   0.48324   1.03112   0.11498   0.67587   0.09570   0.54544   0.08002   1.28129   0.24711   0.11452   0.36190   0.38035   0.18012   0.29791   0.07336   0.40016   0.55982   1.93927   2.69078  -1.05067   0.02338  
 92  0.0103 156007.753887  x:  2.21681   0.37674   0.30624   0.39587   0.36338   0.09944   0.66907   0.18826   0.38586   0.42645   0.86816   1.26572   1.25032   0.45286   0.63107   0.59128   0.82264   0.14250   0.38617   0.14525   0.10702   0.46472   0.51664   0.47534   0.62474   0.44014   0.33709   0.12535   0.00335   0.00439   0.13145   0.54709   0.22727   1.35403   0.12675   1.21223   0.12254   0.32315   0.13891   0.15901   0.43975   0.05447   0.06510   0.34891   0.31163   0.22236   0.24327   0.17964   0.12291   0.51836   0.48350   1.03139   0.11483   0.67576   0.09592   0.54529   0.08015   1.28144   0.24698   0.11432   0.36181   0.38064   0.18025   0.29817   0.07332   0.40013   0.55977   1.93906   2.69468  -1.04607   0.02338  
 93  0.0053 156007.753116  x:  2.21730   0.37702   0.30619   0.39587   0.36338   0.09953   0.66889   0.18821   0.38595   0.42638   0.86813   1.26526   1.25080   0.45258   0.63175   0.59120   0.82287   0.14248   0.38601   0.14529   0.10717   0.46472   0.51665   0.47539   0.62468   0.44028   0.33708   0.12537   0.00335   0.00441   0.13150   0.54698   0.22730   1.35397   0.12673   1.21232   0.12260   0.32301   0.13888   0.15914   0.43979   0.05450   0.06510   0.34901   0.31167   0.22223   0.24333   0.17970   0.12305   0.51829   0.48348   1.03140   0.11473   0.67564   0.09594   0.54513   0.08013   1.28149   0.24704   0.11450   0.36183   0.38056   0.18030   0.29810   0.07329   0.40021   0.55968   1.93911   2.69493  -1.04573   0.02338  
 94  0.0012 156007.753053  x:  2.21733   0.37711   0.30616   0.39590   0.36337   0.09952   0.66888   0.18826   0.38595   0.42639   0.86811   1.26535   1.25073   0.45260   0.63157   0.59118   0.82286   0.14241   0.38602   0.14528   0.10721   0.46472   0.51663   0.47536   0.62468   0.44028   0.33708   0.12537   0.00335   0.00441   0.13150   0.54697   0.22727   1.35390   0.12674   1.21236   0.12264   0.32300   0.13888   0.15916   0.43977   0.05449   0.06508   0.34900   0.31165   0.22230   0.24332   0.17967   0.12305   0.51832   0.48349   1.03130   0.11470   0.67562   0.09594   0.54514   0.08011   1.28146   0.24705   0.11451   0.36184   0.38056   0.18027   0.29808   0.07329   0.40022   0.55965   1.93914   2.69524  -1.04566   0.02338  
 95  0.0004 156007.753048  x:  2.21737   0.37712   0.30616   0.39590   0.36337   0.09952   0.66888   0.18829   0.38595   0.42639   0.86811   1.26535   1.25075   0.45260   0.63159   0.59118   0.82287   0.14238   0.38603   0.14527   0.10722   0.46472   0.51663   0.47536   0.62469   0.44028   0.33707   0.12537   0.00335   0.00441   0.13150   0.54698   0.22727   1.35395   0.12675   1.21234   0.12264   0.32300   0.13887   0.15915   0.43977   0.05449   0.06509   0.34899   0.31165   0.22229   0.24332   0.17967   0.12305   0.51832   0.48349   1.03132   0.11470   0.67564   0.09593   0.54514   0.08011   1.28144   0.24704   0.11450   0.36184   0.38056   0.18027   0.29809   0.07329   0.40022   0.55965   1.93914   2.69523  -1.04573   0.02338  
 96  0.0001 156007.753047  x:  2.21738   0.37712   0.30616   0.39590   0.36337   0.09953   0.66888   0.18828   0.38595   0.42639   0.86811   1.26536   1.25077   0.45260   0.63160   0.59118   0.82287   0.14238   0.38603   0.14527   0.10721   0.46472   0.51663   0.47536   0.62468   0.44028   0.33707   0.12537   0.00335   0.00441   0.13150   0.54698   0.22728   1.35395   0.12676   1.21235   0.12264   0.32300   0.13887   0.15915   0.43977   0.05449   0.06509   0.34900   0.31165   0.22229   0.24332   0.17967   0.12305   0.51831   0.48349   1.03132   0.11470   0.67564   0.09593   0.54514   0.08011   1.28146   0.24704   0.11450   0.36184   0.38056   0.18027   0.29808   0.07329   0.40021   0.55965   1.93914   2.69520  -1.04577   0.02338  
 97  0.0000 156007.753047  x:  2.21739   0.37712   0.30616   0.39590   0.36337   0.09953   0.66888   0.18828   0.38595   0.42639   0.86811   1.26537   1.25077   0.45260   0.63160   0.59118   0.82287   0.14238   0.38603   0.14527   0.10721   0.46472   0.51663   0.47536   0.62469   0.44028   0.33707   0.12537   0.00335   0.00441   0.13150   0.54698   0.22728   1.35395   0.12676   1.21235   0.12264   0.32300   0.13887   0.15915   0.43977   0.05449   0.06509   0.34900   0.31165   0.22229   0.24332   0.17967   0.12305   0.51832   0.48349   1.03132   0.11470   0.67563   0.09593   0.54514   0.08011   1.28145   0.24704   0.11450   0.36184   0.38056   0.18027   0.29808   0.07329   0.40021   0.55965   1.93914   2.69519  -1.04579   0.02338  
 98  0.0000 156007.753047  x:  2.21739   0.37712   0.30616   0.39590   0.36337   0.09953   0.66888   0.18828   0.38595   0.42639   0.86811   1.26537   1.25077   0.45260   0.63160   0.59118   0.82287   0.14238   0.38603   0.14527   0.10721   0.46472   0.51663   0.47536   0.62469   0.44028   0.33707   0.12537   0.00335   0.00441   0.13150   0.54698   0.22728   1.35395   0.12676   1.21235   0.12264   0.32300   0.13887   0.15915   0.43977   0.05449   0.06509   0.34900   0.31165   0.22229   0.24332   0.17967   0.12305   0.51831   0.48349   1.03132   0.11470   0.67563   0.09593   0.54514   0.08011   1.28145   0.24704   0.11450   0.36184   0.38056   0.18027   0.29808   0.07329   0.40021   0.55965   1.93914   2.69518  -1.04581   0.02338  
 99  0.0000 156007.753047  x:  2.21739   0.37712   0.30616   0.39590   0.36337   0.09953   0.66888   0.18828   0.38595   0.42639   0.86811   1.26537   1.25077   0.45260   0.63160   0.59118   0.82287   0.14238   0.38603   0.14527   0.10721   0.46472   0.51663   0.47536   0.62469   0.44028   0.33707   0.12537   0.00335   0.00441   0.13150   0.54698   0.22728   1.35395   0.12676   1.21235   0.12264   0.32300   0.13887   0.15915   0.43977   0.05449   0.06509   0.34900   0.31165   0.22229   0.24332   0.17967   0.12305   0.51831   0.48349   1.03132   0.11470   0.67563   0.09593   0.54514   0.08011   1.28145   0.24704   0.11450   0.36184   0.38056   0.18027   0.29808   0.07329   0.40021   0.55965   1.93914   2.69518  -1.04581   0.02338  